CpuMaxMemory,EpLenMean,EpRewMean,GpuMaxMemory,IPS_total,Iter,Misc/FrameRewMean,Misc/InteractCount,Misc/TimeElapsed,Opt/approxkl,Opt/clipfrac,Opt/entropy,Opt/loss_pi,Opt/loss_vf,Opt/negent,Opt/pg,Opt/pi_kl,VFStats/AdvMean,VFStats/AdvStd,VFStats/EV,VFStats/VpredMean,VFStats/VpredStd,VFStats/VtargMean,VFStats/VtargStd,del_time,wait_optimization,scaled/pol_distance,scaled/vf_aux,scaled/vf_true,unscaled/pol_distance,unscaled/vf_aux,unscaled/vf_true
2431784000.0,145.26666666666668,3.3333332538604736,6178611712.0,2430.163536045007,0.0,0.0030517578125,16384.0,6.741933107376099,0.008831399492919445,0.1171875,2.6942341327667236,-0.026006978005170822,0.16113796830177307,-0.026942338794469833,0.0009353645145893097,0.0,0.06178903579711914,0.5548555850982666,-0.0009687515013325765,-0.06481917202472687,0.017015555873513222,-0.0030301320366561413,0.5545869469642639,6.741933107376099,4.117522716522217,,,,,,
2647064000.0,273.2291666666667,3.9583332538604736,6381200384.0,2451.7503045980443,1.0,0.008544921875,32768.0,13.424505949020386,0.005651924293488264,0.07867431640625,2.6888818740844727,-0.027081012725830078,0.4147690534591675,-0.026888813823461533,-0.00019220076501369476,0.0,0.16495609283447266,0.9075900316238403,0.0071608696933765925,0.03688511997461319,0.016272975131869316,0.20184122025966644,0.9108571410179138,6.682572841644287,4.150522470474243,,,,,,
2869564000.0,324.0204081632653,4.489795684814453,6381200384.0,2478.976400628724,2.0,0.0152587890625,49152.0,20.033685445785522,0.0011570601491257548,0.001220703125,2.681673765182495,-0.026901617646217346,0.652689516544342,-0.02681673876941204,-8.488213643431664e-05,0.0,0.25029003620147705,1.1406022310256958,0.022114240626346593,0.364949494600296,0.07734456658363342,0.6152395009994507,1.1534271240234375,6.609179496765137,4.1241350173950195,,,,,,
3090960000.0,340.39,4.599999904632568,6381200384.0,2444.4088128438298,3.0,0.01708984375,65536.0,26.736328601837158,0.0054496051743626595,0.06842041015625,2.627394676208496,-0.028225265443325043,0.7094988822937012,-0.026273945346474648,-0.0019513200968503952,0.0,0.28669071197509766,1.1862385272979736,0.0604822315424689,0.5487455725669861,0.12945590913295746,0.8354363441467285,1.2238258123397827,6.702643156051636,4.158424377441406,,,,,,
3319284000.0,201.74,3.5999999046325684,6381200384.0,2445.138886191617,4.0,0.02197265625,81920.0,33.436970472335815,0.0023519503884017467,0.0223388671875,2.628194808959961,-0.026411350816488266,0.8485585451126099,-0.026281949132680893,-0.00012940401211380959,0.0,0.3277692496776581,1.306237816810608,0.10628066575311657,0.5768063068389893,0.21481136977672577,0.9045755863189697,1.3817251920700073,6.700641870498657,4.166343450546265,,,,,,
3541372000.0,163.86,4.199999809265137,6381200384.0,2475.8757625481594,5.0,0.0274658203125,98304.0,40.05442690849304,0.003992432728409767,0.033935546875,2.597308397293091,-0.026050884276628494,0.8841527104377747,-0.025973083451390266,-7.780245505273342e-05,0.0,0.3707221746444702,1.3489010334014893,0.2245721438854782,1.0709863901138306,0.4361060857772827,1.4417085647583008,1.5318257808685303,6.617456436157227,4.157356023788452,,,,,,
3760996000.0,115.96,4.099999904632568,6381200384.0,2443.3509197391154,6.0,0.035400390625,114688.0,46.7599720954895,0.004745226353406906,0.0482177734375,2.5490593910217285,-0.026931773871183395,1.0682679414749146,-0.025490591302514076,-0.0014411844313144684,0.0,0.4625634551048279,1.44308602809906,0.37497074856483015,1.486741065979004,0.8736214637756348,1.9493045806884766,1.8253326416015625,6.70554518699646,4.197979927062988,,,,,,
3977164000.0,100.17,4.300000190734863,6381200384.0,2415.9494638024416,7.0,0.0390625,131072.0,53.54157090187073,0.004604058805853128,0.0457763671875,2.543004035949707,-0.025008343160152435,1.4884815216064453,-0.025430040434002876,0.00042169634252786636,0.0,0.2852753698825836,1.443751335144043,0.4661246141863732,2.7592172622680664,1.2388232946395874,3.044492483139038,1.9759337902069092,6.781598806381226,4.201118230819702,,,,,,
4188260000.0,102.78,5.599999904632568,6381200384.0,2431.7585820021814,8.0,0.0555419921875,147456.0,60.27908182144165,0.004588182084262371,0.066162109375,2.5401573181152344,-0.025646857917308807,1.3724769353866577,-0.02540157176554203,-0.0002452894113957882,0.0,0.31748825311660767,1.5463060140609741,0.41618426429753286,3.7386982440948486,1.2051571607589722,4.056186676025391,2.0237534046173096,6.737510919570923,4.1952784061431885,,,,,,
4394300000.0,100.9,4.400000095367432,6381200384.0,2450.6936523662444,9.0,0.0408935546875,163840.0,66.96453595161438,0.0025388039648532867,0.0142822265625,2.591707944869995,-0.02607256919145584,1.133428931236267,-0.02591707743704319,-0.00015549175441265106,0.0,0.05860649049282074,1.4768486022949219,0.4009961060275886,3.756006956100464,1.189454197883606,3.8146133422851562,1.908187747001648,6.6854541301727295,4.18770170211792,,,,,,
4596768000.0,111.44,4.199999809265137,6381200384.0,2454.9374872487497,10.0,0.035400390625,180224.0,73.63843297958374,0.004361794795840979,0.05194091796875,2.5604422092437744,-0.02700144611299038,0.8780012726783752,-0.02560442127287388,-0.00139702670276165,0.0,0.08231379836797714,1.3628281354904175,0.49431594861356165,3.5061564445495605,1.2197321653366089,3.588470458984375,1.916467547416687,6.67389702796936,4.183210611343384,,,,,,
4798364000.0,113.07,4.800000190734863,6381200384.0,2483.6192367315916,11.0,0.037841796875,196608.0,80.23525738716125,0.001825857674703002,0.00250244140625,2.607930898666382,-0.0257081501185894,0.9462395906448364,-0.02607930824160576,0.00037116208113729954,0.0,0.15501508116722107,1.3550325632095337,0.5696930852232418,3.3998360633850098,1.4166866540908813,3.5548510551452637,2.0656678676605225,6.596824407577515,4.19388747215271,,,,,,
4999476000.0,134.11,5.300000190734863,6381200384.0,2454.55754070321,12.0,0.040283203125,212992.0,86.91018748283386,0.0016828954685479403,0.01837158203125,2.60551118850708,-0.026753053069114685,0.9570690393447876,-0.02605510875582695,-0.0006979424506425858,0.0,0.16148842871189117,1.290116310119629,0.6277063452953524,3.6432905197143555,1.5896204710006714,3.804779052734375,2.114394187927246,6.674930095672607,4.205048561096191,,,,,,
5200316000.0,110.66,4.599999904632568,6381200384.0,2464.929961164862,13.0,0.0408935546875,229376.0,93.55702948570251,0.0022924758959561586,0.01483154296875,2.563413143157959,-0.026333210989832878,1.0022449493408203,-0.02563413232564926,-0.000699077732861042,0.0,0.2057834267616272,1.3906584978103638,0.5564657376278284,3.4348649978637695,1.3594001531600952,3.640648365020752,2.0881268978118896,6.646842002868652,4.180837631225586,,,,,,
5399484000.0,102.09,4.599999904632568,6381200384.0,2404.1762712642385,14.0,0.047607421875,245760.0,100.3718376159668,0.004212027881294489,0.03253173828125,2.4973671436309814,-0.02546907216310501,1.056882619857788,-0.0249736700206995,-0.0004954002797603607,0.0,0.17592884600162506,1.4258280992507935,0.6669401710573593,3.655137300491333,1.9025789499282837,3.831066131591797,2.470621109008789,6.814808130264282,4.19926643371582,,,,,,
5598768000.0,105.07,4.400000095367432,6381200384.0,2390.906384690651,15.0,0.0372314453125,262144.0,107.22446894645691,0.0037682184483855963,0.02520751953125,2.5899832248687744,-0.02457469142973423,1.1635297536849976,-0.02589983493089676,0.0013251407071948051,0.0,0.08499529212713242,1.493944764137268,0.6107779429207421,3.8728716373443604,1.9917380809783936,3.957866907119751,2.39461612701416,6.852631330490112,4.211742401123047,,,,,,
5797780000.0,103.72,4.300000190734863,6381200384.0,2398.550915738949,16.0,0.045166015625,278528.0,114.05525994300842,0.004560710862278938,0.04266357421875,2.5436384677886963,-0.024782629683613777,1.2746509313583374,-0.025436382740736008,0.0006537511944770813,0.0,0.051805462688207626,1.4814934730529785,0.6056806022317959,4.0987701416015625,1.8214235305786133,4.150575637817383,2.3592588901519775,6.830790996551514,4.195199489593506,,,,,,
5997052000.0,112.63,4.900000095367432,6381200384.0,2412.6935589017694,17.0,0.0372314453125,294912.0,120.84601044654846,0.0015741433016955853,0.00299072265625,2.6224653720855713,-0.026343252509832382,1.1090178489685059,-0.0262246523052454,-0.00011859973892569542,0.0,0.01738506555557251,1.3373918533325195,0.6326540653418523,4.175987243652344,1.691773533821106,4.193371772766113,2.2065863609313965,6.790750503540039,4.202016592025757,,,,,,
6195544000.0,136.77,4.099999904632568,6381200384.0,2428.8080864373856,18.0,0.029296875,311296.0,127.59170603752136,0.0008296245359815657,0.0006103515625,2.6203458309173584,-0.025831716135144234,0.7340700030326843,-0.02620345540344715,0.00037173181772232056,0.0,0.025936152786016464,1.168201208114624,0.6447184246309763,3.9044861793518066,1.4397594928741455,3.930422306060791,1.9598883390426636,6.7456955909729,4.193208456039429,,,,,,
6395176000.0,150.92,5.300000190734863,6381200384.0,2400.5578033359484,19.0,0.0360107421875,327680.0,134.41678643226624,0.000823995447717607,0.0001220703125,2.6378977298736572,-0.026088178157806396,0.6757331490516663,-0.02637897990643978,0.0002908008173108101,0.0,0.17551302909851074,1.1863651275634766,0.658546976487028,3.7064828872680664,1.4456217288970947,3.881995916366577,2.0302658081054688,6.825080394744873,4.192073345184326,,,,,,
6592276000.0,134.31,4.599999904632568,6381200384.0,2362.6750586736584,20.0,0.0311279296875,344064.0,141.3512990474701,0.0029389341361820698,0.02911376953125,2.6154236793518066,-0.026617372408509254,0.6001750230789185,-0.026154235005378723,-0.0004631374031305313,0.0,0.06112085282802582,1.083678126335144,0.7360529225053543,3.654146671295166,1.6356568336486816,3.7152676582336426,2.1093175411224365,6.934512615203857,4.2156805992126465,,,,,,
6790720000.0,136.4,4.599999904632568,6381200384.0,2379.798705174633,21.0,0.037841796875,360448.0,148.23591494560242,0.0007219676626846194,0.0008544921875,2.6156203746795654,-0.02592303231358528,1.0005273818969727,-0.02615620382130146,0.0002331719733774662,0.0,0.11096569150686264,1.3686020374298096,0.6797273026338538,3.694885730743408,1.9881974458694458,3.805851459503174,2.418339252471924,6.884615898132324,4.208740711212158,,,,,,
6988936000.0,110.29,3.700000047683716,6381200384.0,2403.1316462465365,22.0,0.0311279296875,376832.0,155.05368542671204,0.003597797593101859,0.04241943359375,2.567197561264038,-0.02643936686217785,0.9108716249465942,-0.025671975687146187,-0.0007673930376768112,0.0,0.08249759674072266,1.3266618251800537,0.6025115136293342,3.200866222381592,1.536690592765808,3.2833638191223145,2.104252576828003,6.817770481109619,4.205145359039307,,,,,,
7186892000.0,102.17,4.199999809265137,6381200384.0,2407.9089315740794,23.0,0.048828125,393216.0,161.8579294681549,0.0012571268016472459,0.0001220703125,2.578324794769287,-0.025528009980916977,0.8690732717514038,-0.025783246383070946,0.0002552419900894165,0.0,0.27691230177879333,1.321244716644287,0.6807625660661396,3.1806106567382812,1.5096694231033325,3.4575228691101074,2.338440418243408,6.804244041442871,4.202311277389526,,,,,,
7385140000.0,97.24,4.400000095367432,6381200384.0,2403.2981368946807,24.0,0.050048828125,409600.0,168.67522764205933,0.005026419647037983,0.05487060546875,2.500580310821533,-0.025527164340019226,1.0765080451965332,-0.025005804374814034,-0.0005213599652051926,0.0,0.2357322871685028,1.4553000926971436,0.6668292177735927,3.393825054168701,1.8205970525741577,3.6295571327209473,2.521268606185913,6.817298173904419,4.202405214309692,,,,,,
7584740000.0,94.53,6.0,6381200384.0,2412.7136348674885,25.0,0.06103515625,425984.0,175.46592164039612,0.002168993465602398,0.0093994140625,2.5089499950408936,-0.02486177533864975,1.2157423496246338,-0.025089500471949577,0.00022772327065467834,0.0,0.4276827275753021,1.4867280721664429,0.7220872932530498,3.416442632675171,2.248910427093506,3.844125270843506,2.820183038711548,6.790693998336792,4.198657035827637,,,,,,
7782524000.0,80.86,5.199999809265137,6381200384.0,2416.1008306464614,26.0,0.0567626953125,442368.0,182.24709558486938,0.0024627577513456345,0.00982666015625,2.458383798599243,-0.025360582396388054,1.4256889820098877,-0.024583837017416954,-0.0007767481729388237,0.0,0.1786373257637024,1.6208640336990356,0.7060201600847069,4.071608543395996,2.5493228435516357,4.250245571136475,2.9894258975982666,6.781173944473267,4.196653127670288,,,,,,
7980772000.0,68.25,4.699999809265137,6381200384.0,2418.2263848032035,27.0,0.064697265625,458752.0,189.0223090648651,0.005324794910848141,0.047119140625,2.353931188583374,-0.024349648505449295,1.9597562551498413,-0.023539310321211815,-0.0008103363215923309,0.0,0.12064199149608612,1.992692232131958,0.5445457597745578,4.394317626953125,2.5302393436431885,4.514960289001465,2.952690362930298,6.7752134799957275,4.193436622619629,,,,,,
8178864000.0,76.39,4.300000190734863,6381200384.0,2400.7917060818854,28.0,0.0628662109375,475136.0,195.84672451019287,0.001087802927941084,0.00091552734375,2.434075355529785,-0.023590154945850372,1.665854573249817,-0.024340754374861717,0.0007505994290113449,0.0,0.12735408544540405,1.6840078830718994,0.6195477818581626,4.406078338623047,2.1132054328918457,4.533432483673096,2.7301971912384033,6.824415445327759,4.203872203826904,,,,,,
8376944000.0,80.53,5.199999809265137,6381200384.0,2439.835140021579,29.0,0.064697265625,491520.0,202.56193232536316,0.0029824620578438044,0.02642822265625,2.368577718734741,-0.023417703807353973,1.7396061420440674,-0.023685777559876442,0.00026807188987731934,0.0,0.07627720385789871,1.7253764867782593,0.6054981825946686,4.593761920928955,2.1426963806152344,4.670039176940918,2.747004270553589,6.715207815170288,4.196652889251709,,,,,,
8574908000.0,68.91,4.300000190734863,6381200384.0,2401.211067151469,30.0,0.064697265625,507904.0,209.385155916214,0.005090687423944473,0.04095458984375,2.451613187789917,-0.023793794214725494,1.4474787712097168,-0.024516131728887558,0.0007223375141620636,0.0,0.20517267286777496,1.6368753910064697,0.5846224990772537,3.9898972511291504,1.7454566955566406,4.195069789886475,2.5397684574127197,6.82322359085083,4.208373069763184,,,,,,
8773704000.0,71.38,4.199999809265137,6381200384.0,2417.1790396902275,31.0,0.064697265625,524288.0,216.1633050441742,0.005165616516023874,0.04034423828125,2.312293291091919,-0.022656312212347984,1.5102920532226562,-0.023122934624552727,0.00046662683598697186,0.0,0.22311171889305115,1.6818045377731323,0.590934667364621,4.169101715087891,1.930442452430725,4.392212867736816,2.6295363903045654,6.778149127960205,4.208621978759766,,,,,,
,,,,,,,,,,,,,,,,,,,,,,,,,,0.014010511338710785,2.3967204093933105,2.046190023422241,0.014010511338710785,2.3967204093933105,2.046190023422241
,,,,,,,,,,,,,,,,,,,,,,,,,,0.005858135409653187,1.8223012685775757,1.790335774421692,0.005858135409653187,1.8223012685775757,1.790335774421692
,,,,,,,,,,,,,,,,,,,,,,,,,,0.0036950139328837395,1.742500901222229,1.719175934791565,0.0036950139328837395,1.742500901222229,1.719175934791565
,,,,,,,,,,,,,,,,,,,,,,,,,,0.004328431561589241,1.7329866886138916,1.7055820226669312,0.004328431561589241,1.7329866886138916,1.7055820226669312
,,,,,,,,,,,,,,,,,,,,,,,,,,0.003028515027835965,1.6617352962493896,1.6227800846099854,0.003028515027835965,1.6617352962493896,1.6227800846099854
,,,,,,,,,,,,,,,,,,,,,,,,,,0.005392573308199644,1.7144677639007568,1.6822800636291504,0.005392573308199644,1.7144677639007568,1.6822800636291504
8787428000.0,85.58,5.699999809265137,6188634112.0,18.390367690048823,32.0,0.06591796875,540672.0,1107.0644700527191,0.005464915186166763,0.05645751953125,2.4282796382904053,-0.022672506049275398,1.00578773021698,-0.024282798171043396,0.0016102902591228485,0.0,0.43398016691207886,1.4305000305175781,0.7592313995658747,3.584644317626953,2.3295440673828125,4.018624305725098,2.9153311252593994,890.9011650085449,4.263038158416748,,,,,,
8787428000.0,79.87,5.199999809265137,6391222784.0,2439.328837839447,33.0,0.06591796875,557056.0,1113.7810716629028,0.006245414726436138,0.07037353515625,2.410370349884033,-0.022472310811281204,1.3725773096084595,-0.02410370297729969,0.0016313958913087845,0.0,0.36185356974601746,1.6889479160308838,0.6895101311332872,4.096920490264893,2.510418653488159,4.458773612976074,3.031045913696289,6.716601610183716,4.212960720062256,,,,,,
8787428000.0,73.55,4.800000190734863,6391222784.0,2444.601421493902,34.0,0.0665283203125,573440.0,1120.4831867218018,0.0057006338611245155,0.07183837890625,2.3781800270080566,-0.023057863116264343,1.451082706451416,-0.023781800642609596,0.0007239370606839657,0.0,0.11644347012042999,1.7093517780303955,0.6966099937883994,4.358198165893555,2.574444055557251,4.474641799926758,3.1033501625061035,6.702115058898926,4.205039978027344,,,,,,
8787428000.0,74.23,5.400000095367432,6391222784.0,2383.966493775743,35.0,0.064697265625,589824.0,1127.3557665348053,0.004911346361041069,0.0322265625,2.3453564643859863,-0.023586466908454895,1.4992895126342773,-0.023453565314412117,-0.00013290159404277802,0.0,0.1721835434436798,1.7376766204833984,0.6782459678660219,4.596502304077148,2.6523263454437256,4.768686294555664,3.0634233951568604,6.87257981300354,4.215878963470459,,,,,,
8787428000.0,78.01,4.400000095367432,6391222784.0,2401.821789268102,36.0,0.0592041015625,606208.0,1134.177255153656,0.005014097783714533,0.02630615234375,2.4628593921661377,-0.022840997204184532,1.2289340496063232,-0.024628594517707825,0.0017875987105071545,0.0,-0.042875003069639206,1.5459444522857666,0.7128557203519956,4.375856399536133,2.3115203380584717,4.332982063293457,2.8849871158599854,6.821488618850708,4.1934425830841064,,,,,,
8787428000.0,80.53,5.5,6391222784.0,2425.0665402460536,37.0,0.064697265625,622592.0,1140.9333584308624,0.0015116671565920115,0.0068359375,2.428828716278076,-0.024421973153948784,1.3856898546218872,-0.02428828738629818,-0.00013368576765060425,0.0,0.02300972118973732,1.6601910591125488,0.7194466106686848,4.918632984161377,2.739905595779419,4.941642761230469,3.134371042251587,6.756103277206421,4.194056272506714,,,,,,
8787428000.0,77.03,5.5,6391222784.0,2458.2718144577316,38.0,0.068359375,638976.0,1147.5982031822205,0.0007723268354311585,0.00115966796875,2.3928110599517822,-0.023659290745854378,1.5052275657653809,-0.023928113281726837,0.0002688216045498848,0.0,0.07971881330013275,1.7244669198989868,0.7071258840673567,4.905332088470459,2.728309154510498,4.985051155090332,3.1865034103393555,6.664844751358032,4.202107191085815,,,,,,
8787428000.0,83.09,5.800000190734863,6391222784.0,2443.2821171470964,39.0,0.06591796875,655360.0,1154.3039371967316,0.0013572036987170577,0.003173828125,2.4357094764709473,-0.023540673777461052,1.3733725547790527,-0.02435709349811077,0.00081641785800457,0.0,0.06262076646089554,1.6354120969772339,0.7076566004214615,4.939902305603027,2.581876754760742,5.0025224685668945,3.0246875286102295,6.705734014511108,4.199085235595703,,,,,,
8787428000.0,80.17,5.900000095367432,6391222784.0,2441.480643373419,40.0,0.0701904296875,671744.0,1161.0146191120148,0.002568415831774473,0.01385498046875,2.3789334297180176,-0.0245917160063982,1.3583104610443115,-0.023789335042238235,-0.000802377238869667,0.0,0.0187821127474308,1.6398518085479736,0.7156445633985604,5.292448997497559,2.6467974185943604,5.3112311363220215,3.075202703475952,6.710681915283203,4.207745552062988,,,,,,
8787428000.0,71.25,5.699999809265137,6391222784.0,2447.140516113414,41.0,0.076904296875,688128.0,1167.709780216217,0.0025331410579383373,0.0179443359375,2.3394570350646973,-0.02372989058494568,1.594938039779663,-0.023394571617245674,-0.0003353208303451538,0.0,0.06768417358398438,1.773023247718811,0.6769439929003577,5.416482925415039,2.702451229095459,5.484167098999023,3.119431495666504,6.6951611042022705,4.193297624588013,,,,,,
8787428000.0,71.72,5.400000095367432,6391222784.0,2429.6020533263527,42.0,0.0732421875,704512.0,1174.4532713890076,0.0013382954057306051,0.00299072265625,2.3633534908294678,-0.022258926182985306,1.551773190498352,-0.02363353595137596,0.0013746097683906555,0.0,-0.13358771800994873,1.7621872425079346,0.6683677503255796,5.635919570922852,2.541928768157959,5.502331733703613,3.060015916824341,6.743491172790527,4.191943883895874,,,,,,
8787428000.0,75.09,5.400000095367432,6391222784.0,2408.480858967827,43.0,0.0750732421875,720896.0,1181.2558996677399,0.001491638831794262,0.01129150390625,2.355477809906006,-0.02318759262561798,1.440613031387329,-0.023554779589176178,0.00036718789488077164,0.0,0.043904952704906464,1.6948975324630737,0.672338457605743,5.52889347076416,2.5068202018737793,5.572798728942871,2.9609479904174805,6.8026282787323,4.2057976722717285,,,,,,
8787428000.0,71.35,4.5,6391222784.0,2398.6728988423556,44.0,0.0714111328125,737280.0,1188.0863432884216,0.0026786515954881907,0.01776123046875,2.34446120262146,-0.022225476801395416,1.3852801322937012,-0.023444611579179764,0.0012191333808004856,0.0,-0.1069348156452179,1.656864881515503,0.6895365358584471,5.314199924468994,2.357679605484009,5.2072649002075195,2.9735944271087646,6.830443620681763,4.20897364616394,,,,,,
8787428000.0,66.9,5.699999809265137,6391222784.0,2429.590199258319,45.0,0.08056640625,753664.0,1194.829867362976,0.001726329093798995,0.00933837890625,2.2238283157348633,-0.022592540830373764,1.5413888692855835,-0.02223828248679638,-0.00035425741225481033,0.0,-0.00736080389469862,1.7610735893249512,0.6821076594550963,5.4221696853637695,2.6142683029174805,5.414808750152588,3.123471260070801,6.743524074554443,4.191364049911499,,,,,,
8787428000.0,68.82,6.400000095367432,6391222784.0,2452.0655093271794,46.0,0.08056640625,770048.0,1201.5115811824799,0.004995818715542555,0.04986572265625,2.14727520942688,-0.021398156881332397,1.507891297340393,-0.0214727520942688,7.45970755815506e-05,0.0,-0.05212675780057907,1.730305790901184,0.6872694664299022,5.6613030433654785,2.641509771347046,5.6091766357421875,3.0941240787506104,6.681713819503784,4.195467472076416,,,,,,
8787428000.0,76.24,6.699999809265137,6391222784.0,2449.384440836953,47.0,0.0799560546875,786432.0,1208.2006087303162,0.0018652371363714337,0.01165771484375,2.282331943511963,-0.021729910746216774,1.5401674509048462,-0.02282331883907318,0.0010934080928564072,0.0,0.041387710720300674,1.741963505744934,0.6631525175646007,5.56857967376709,2.5341148376464844,5.60996675491333,3.001389265060425,6.689027547836304,4.206010103225708,,,,,,
8787428000.0,72.48,6.199999809265137,6391222784.0,2437.594057049358,48.0,0.091552734375,802816.0,1214.9219903945923,0.0009557591984048486,0.0018310546875,2.159790515899658,-0.022123677656054497,1.4029734134674072,-0.021597905084490776,-0.0005257725715637207,0.0,0.02938273921608925,1.657741904258728,0.7027866435312391,5.779571533203125,2.492581844329834,5.808954238891602,3.0407633781433105,6.721381664276123,4.211984395980835,,,,,,
8787428000.0,65.35,4.900000095367432,6391222784.0,2416.2566342871046,49.0,0.0848388671875,819200.0,1221.7027270793915,0.003913174849003553,0.03131103515625,2.0565738677978516,-0.020029157400131226,1.508354663848877,-0.020565737038850784,0.000536581501364708,0.0,-0.03797374665737152,1.7204785346984863,0.6949507608531301,5.459290504455566,2.4511773586273193,5.421317100524902,3.115044355392456,6.780736684799194,4.222094535827637,,,,,,
8787428000.0,66.22,5.199999809265137,6391222784.0,2426.5824075885093,50.0,0.0860595703125,835584.0,1228.4546098709106,0.0041678715497255325,0.04058837890625,2.2078943252563477,-0.020033925771713257,1.5743314027786255,-0.022078942507505417,0.0020450158044695854,0.0,-0.017344586551189423,1.7291902303695679,0.722470382409029,5.494294166564941,2.7978248596191406,5.476949214935303,3.282374858856201,6.751882791519165,4.198058843612671,,,,,,
8787428000.0,58.85,5.699999809265137,6391222784.0,2432.575834447653,51.0,0.087890625,851968.0,1235.1898572444916,0.006447875872254372,0.08392333984375,1.9728100299835205,-0.01974845677614212,1.6316635608673096,-0.019728099927306175,-2.0357780158519745e-05,0.0,0.013710858300328255,1.7919048070907593,0.6876239358843312,5.3780622482299805,2.6959407329559326,5.391773223876953,3.206092357635498,6.735247373580933,4.195570468902588,,,,,,
8787428000.0,65.64,5.300000190734863,6391222784.0,2446.194410004527,52.0,0.0830078125,868352.0,1241.8876078128815,0.001196755561977625,0.00238037109375,2.1213173866271973,-0.02084144577383995,1.5505688190460205,-0.021213170140981674,0.00037172436714172363,0.0,0.0013891481794416904,1.7585206031799316,0.6910600659905137,5.492475986480713,2.668576717376709,5.493865489959717,3.1638107299804688,6.697750568389893,4.196382761001587,,,,,,
8787428000.0,59.12,6.0,6391222784.0,2460.912104195067,53.0,0.08544921875,884736.0,1248.545301914215,0.0008696829900145531,0.0013427734375,2.0855722427368164,-0.02041757106781006,1.5476055145263672,-0.020855721086263657,0.0004381481558084488,0.0,-0.03471750020980835,1.7588956356048584,0.6889325327287512,5.493078708648682,2.6266300678253174,5.4583611488342285,3.1536448001861572,6.657694101333618,4.193602085113525,,,,,,
8787428000.0,68.01,5.199999809265137,6391222784.0,2430.8524477954365,54.0,0.0909423828125,901120.0,1255.2853243350983,0.0018313940381631255,0.0087890625,2.0179507732391357,-0.020780017599463463,1.554896593093872,-0.02017950639128685,-0.0006005112081766129,0.0,0.07148601114749908,1.7488702535629272,0.694660510215342,5.593092441558838,2.6764981746673584,5.664578437805176,3.1649444103240967,6.740022420883179,4.191413164138794,,,,,,
8787428000.0,62.95,6.199999809265137,6391222784.0,2387.806525043736,55.0,0.0848388671875,917504.0,1262.1468517780304,0.00408099964261055,0.02655029296875,2.105138063430786,-0.020186662673950195,1.395883321762085,-0.021051378920674324,0.000864718109369278,0.0,0.05546703189611435,1.669290542602539,0.7024500258746794,5.390079498291016,2.492469072341919,5.4455461502075195,3.0602152347564697,6.861527442932129,4.193310260772705,,,,,,
8787428000.0,62.96,6.300000190734863,6391222784.0,2442.082690786231,56.0,0.0933837890625,933888.0,1268.8558793067932,0.0014045988209545612,0.00726318359375,2.0957961082458496,-0.020282451063394547,1.6084589958190918,-0.020957957953214645,0.0006755094509571791,0.0,0.04237796738743782,1.7819559574127197,0.6954065269993484,5.76365852355957,2.7133569717407227,5.806035995483398,3.228766441345215,6.709027528762817,4.210662841796875,,,,,,
8787428000.0,74.33,6.099999904632568,6391222784.0,2445.7915723402643,57.0,0.08544921875,950272.0,1275.5547330379486,0.0019717286340892315,0.01055908203125,2.1856274604797363,-0.021685393527150154,1.507390022277832,-0.02185627445578575,0.0001708799973130226,0.0,0.09509025514125824,1.726523995399475,0.6799019742981521,5.341434955596924,2.5891165733337402,5.436525344848633,3.0516247749328613,6.6988537311553955,4.205878257751465,,,,,,
8787428000.0,62.24,6.599999904632568,6391222784.0,2455.4570460040813,58.0,0.0811767578125,966656.0,1282.227217912674,0.001153025310486555,0.0030517578125,2.1523375511169434,-0.02132759988307953,1.5345735549926758,-0.021523375064134598,0.00019577424973249435,0.0,-0.15000778436660767,1.7354832887649536,0.69571821292014,5.694441318511963,2.592085838317871,5.54443359375,3.146171808242798,6.672484874725342,4.193006277084351,,,,,,
8787428000.0,62.88,5.199999809265137,6391222784.0,2424.5192146022086,59.0,0.086669921875,983040.0,1288.9848463535309,0.003565124236047268,0.0377197265625,2.231987953186035,-0.021471288055181503,1.4645195007324219,-0.02231987938284874,0.0008485891157761216,0.0,-0.11095781624317169,1.6970958709716797,0.7101451652172674,5.63556432723999,2.5972647666931152,5.524606704711914,3.152217388153076,6.757628440856934,4.20398473739624,,,,,,
8787428000.0,68.87,5.5,6391222784.0,2394.97138388195,60.0,0.072021484375,999424.0,1295.825846672058,0.004011422861367464,0.03875732421875,2.2171342372894287,-0.022302012890577316,1.4530104398727417,-0.022171340882778168,-0.00013066735118627548,0.0,-0.10102566331624985,1.6943659782409668,0.6984309505566516,5.4046525955200195,2.5694844722747803,5.303627014160156,3.0854175090789795,6.841000318527222,4.193333387374878,,,,,,
8787428000.0,62.44,5.099999904632568,6391222784.0,2390.749341625688,61.0,0.0750732421875,1015808.0,1302.6789281368256,0.003962352871894836,0.031982421875,2.3431191444396973,-0.02164302207529545,1.4466904401779175,-0.023431191220879555,0.0017881658859550953,0.0,-0.06820288300514221,1.67597234249115,0.7187637504999096,5.282108306884766,2.623868703842163,5.213905334472656,3.16032075881958,6.853081464767456,4.210352897644043,,,,,,
8787428000.0,71.64,5.400000095367432,6391222784.0,2388.760806504904,62.0,0.0714111328125,1032192.0,1309.5377144813538,0.0037527065724134445,0.0296630859375,2.220468521118164,-0.02165725827217102,1.3712433576583862,-0.02220468781888485,0.0005474276840686798,0.0,0.02559022791683674,1.6408145427703857,0.7276843326938427,4.905206680297852,2.6620593070983887,4.9307966232299805,3.144294261932373,6.858786344528198,4.195747375488281,,,,,,
8788412000.0,74.33,5.400000095367432,6391222784.0,2410.7901479602147,63.0,0.0714111328125,1048576.0,1316.3338265419006,0.0020155839156359434,0.0123291015625,2.343852996826172,-0.022221069782972336,1.2518397569656372,-0.023438531905412674,0.0012174593284726143,0.0,0.009978726506233215,1.5767890214920044,0.7519621885045996,4.95041036605835,2.6739985942840576,4.960389137268066,3.166027784347534,6.796112060546875,4.198266506195068,,,,,,
,,,,,,,,,,,,,,,,,,,,,,,,,,0.01426756102591753,1.8376816511154175,1.3998178243637085,0.01426756102591753,1.8376816511154175,1.3998178243637085
,,,,,,,,,,,,,,,,,,,,,,,,,,0.005999158602207899,1.3869603872299194,1.294020652770996,0.005999158602207899,1.3869603872299194,1.294020652770996
,,,,,,,,,,,,,,,,,,,,,,,,,,0.006002221256494522,1.2963584661483765,1.2413469552993774,0.006002221256494522,1.2963584661483765,1.2413469552993774
,,,,,,,,,,,,,,,,,,,,,,,,,,0.005438055377453566,1.2360291481018066,1.1945016384124756,0.005438055377453566,1.2360291481018066,1.1945016384124756
,,,,,,,,,,,,,,,,,,,,,,,,,,0.004987239371985197,1.1988606452941895,1.1641640663146973,0.004987239371985197,1.1988606452941895,1.1641640663146973
,,,,,,,,,,,,,,,,,,,,,,,,,,0.004742222372442484,1.173012375831604,1.1413804292678833,0.004742222372442484,1.173012375831604,1.1413804292678833
8789024000.0,65.2,5.599999904632568,6188634112.0,18.4239595782048,64.0,0.0775146484375,1064960.0,2205.610636472702,0.00794237945228815,0.10498046875,2.2818264961242676,-0.021076688542962074,1.2917118072509766,-0.02281826362013817,0.0017415762413293123,0.0,0.023328667506575584,1.6135034561157227,0.7496025812343655,5.269730567932129,2.722893714904785,5.2930588722229,3.224444627761841,889.2768099308014,4.391703844070435,,,,,,
8789024000.0,72.1,4.900000095367432,6391222784.0,2436.543694471546,65.0,0.0689697265625,1081344.0,2212.33491563797,0.00636548176407814,0.08477783203125,2.2971954345703125,-0.02147395722568035,1.1539298295974731,-0.022971954196691513,0.0014979962725192308,0.0,-0.05875510349869728,1.5090452432632446,0.7833411653713552,5.16526460647583,2.7489588260650635,5.106509208679199,3.2420077323913574,6.724279165267944,4.20882511138916,,,,,,
8789024000.0,66.37,5.0,6391222784.0,2424.45446222795,66.0,0.0750732421875,1097728.0,2219.0927245616913,0.008432691916823387,0.12335205078125,2.304615020751953,-0.019588975235819817,1.2645738124847412,-0.02304615080356598,0.0034571741707623005,0.0,-0.014808488078415394,1.5886290073394775,0.7683603423495329,5.24210262298584,2.8837242126464844,5.227293968200684,3.3007752895355225,6.7578089237213135,4.224057197570801,,,,,,
8789024000.0,66.15,4.400000095367432,6391222784.0,2397.557512808208,67.0,0.07080078125,1114112.0,2225.9263458251953,0.009909314103424549,0.12933349609375,2.3112375736236572,-0.02177375927567482,1.2298250198364258,-0.023112379014492035,0.0013386141508817673,0.0,-0.14064529538154602,1.5642504692077637,0.7869397025537834,5.180524826049805,2.9400556087493896,5.03987979888916,3.388871431350708,6.833621263504028,4.25300669670105,,,,,,
8789024000.0,73.2,4.800000190734863,6391222784.0,2429.888905496085,68.0,0.0640869140625,1130496.0,2232.66904091835,0.005358044523745775,0.0731201171875,2.397176742553711,-0.024702297523617744,1.1090874671936035,-0.023971766233444214,-0.0007305294275283813,0.0,-0.12954731285572052,1.4766061305999756,0.8097861953329257,4.864105701446533,2.9819674491882324,4.73455810546875,3.3856632709503174,6.742695093154907,4.202674865722656,,,,,,
8789024000.0,79.4,5.300000190734863,6391222784.0,2440.3826435482924,69.0,0.064697265625,1146880.0,2239.382742166519,0.0015771447215229273,0.0091552734375,2.407320737838745,-0.02352488599717617,1.096942663192749,-0.024073205888271332,0.0005483203567564487,0.0,0.03959214687347412,1.4844821691513062,0.8139403641550752,5.037807464599609,3.144841194152832,5.077399253845215,3.4415090084075928,6.713701248168945,4.201569080352783,,,,,,
8789024000.0,78.4,5.599999904632568,6391222784.0,2466.757718287734,70.0,0.0738525390625,1163264.0,2246.0246591567993,0.0028157844208180904,0.0269775390625,2.3578014373779297,-0.02397913858294487,1.122074007987976,-0.023578012362122536,-0.000401125755161047,0.0,-0.018909983336925507,1.495293378829956,0.803669070375884,5.314749717712402,3.0818991661071777,5.295839309692383,3.3746755123138428,6.641916990280151,4.1838059425354,,,,,,
8789024000.0,85.91,5.300000190734863,6391222784.0,2446.6722933437154,71.0,0.0567626953125,1179648.0,2252.7211015224457,0.003942049108445644,0.03515625,2.4203085899353027,-0.022793540731072426,1.1241291761398315,-0.02420308254659176,0.0014095418155193329,0.0,-0.07351547479629517,1.4914826154708862,0.785530694799063,4.891384124755859,2.892068386077881,4.817868709564209,3.2205915451049805,6.696442365646362,4.185229778289795,,,,,,
8789024000.0,85.93,4.699999809265137,6391222784.0,2450.3412295871685,72.0,0.0640869140625,1196032.0,2259.407517194748,0.0021642877254635096,0.0164794921875,2.3709118366241455,-0.023470858111977577,1.1841859817504883,-0.023709118366241455,0.00023826025426387787,0.0,-0.021248694509267807,1.529953122138977,0.7741709463565456,4.926750183105469,2.836442470550537,4.905501365661621,3.2194979190826416,6.686415672302246,4.205591917037964,,,,,,
8789024000.0,74.02,5.300000190734863,6391222784.0,2446.761149537873,73.0,0.0738525390625,1212416.0,2266.1037163734436,0.0038206896279007196,0.0377197265625,2.2945284843444824,-0.02326289564371109,1.1967945098876953,-0.022945282980799675,-0.0003176117315888405,0.0,0.09580539166927338,1.5353626012802124,0.7826089643320624,5.250112533569336,2.928341865539551,5.345917701721191,3.292987823486328,6.696199178695679,4.19460391998291,,,,,,
8789024000.0,73.25,5.800000190734863,6391222784.0,2435.2794999218945,74.0,0.07080078125,1228800.0,2272.831486225128,0.0027031325735151768,0.0238037109375,2.3322863578796387,-0.021839572116732597,1.2947407960891724,-0.02332286350429058,0.0014832960441708565,0.0,0.031634386628866196,1.6055163145065308,0.7570465787130034,5.225788116455078,2.8876776695251465,5.25742244720459,3.257265329360962,6.72776985168457,4.2042317390441895,,,,,,
8789024000.0,74.74,5.099999904632568,6391222784.0,2439.4039990840097,75.0,0.076904296875,1245184.0,2279.5478808879852,0.0025452529080212116,0.01446533203125,2.2542152404785156,-0.02203976921737194,1.1367979049682617,-0.022542152553796768,0.0005023796111345291,0.0,0.004108253866434097,1.4993929862976074,0.7936606987332356,5.238893508911133,2.8818962574005127,5.243001937866211,3.3008408546447754,6.716394662857056,4.203462600708008,,,,,,
8789024000.0,77.43,5.300000190734863,6391222784.0,2442.307048668385,76.0,0.0750732421875,1261568.0,2286.256292104721,0.002697027986869216,0.017578125,2.3357274532318115,-0.022945795208215714,1.132995367050171,-0.023357275873422623,0.00041147880256175995,0.0,0.041717201471328735,1.4956802129745483,0.7993909213857879,5.176060199737549,2.9618031978607178,5.217777252197266,3.3393614292144775,6.70841121673584,4.203316926956177,,,,,,
8789024000.0,74.08,5.099999904632568,6391222784.0,2453.0792978556774,77.0,0.074462890625,1277952.0,2292.9352445602417,0.00250690127722919,0.022216796875,2.277714252471924,-0.02293766289949417,1.1932249069213867,-0.022777142003178596,-0.0001605236902832985,0.0,0.07042437046766281,1.5257294178009033,0.790364968031936,5.176518440246582,2.960643768310547,5.24694299697876,3.3323123455047607,6.67895245552063,4.198624134063721,,,,,,
8789024000.0,67.54,5.400000095367432,6391222784.0,2449.2185744990284,78.0,0.078125,1294336.0,2299.6247251033783,0.0025295778177678585,0.01416015625,2.2506728172302246,-0.022543644532561302,1.2074689865112305,-0.022506730630993843,-3.69194895029068e-05,0.0,-0.025028321892023087,1.5480135679244995,0.7973266295710923,5.243206977844238,3.0570485591888428,5.218178749084473,3.438558578491211,6.689480543136597,4.195758819580078,,,,,,
8789024000.0,63.35,6.0,6391222784.0,2451.8940307022144,79.0,0.087890625,1310720.0,2306.306906223297,0.005209804512560368,0.0579833984375,2.2580678462982178,-0.02198329195380211,1.2339298725128174,-0.022580677643418312,0.0005973866209387779,0.0,0.12840095162391663,1.5738157033920288,0.7812068772332593,5.138625621795654,2.9321157932281494,5.267026901245117,3.364628314971924,6.682181119918823,4.201646089553833,,,,,,
8789024000.0,68.63,5.800000190734863,6391222784.0,2410.340211518785,80.0,0.0787353515625,1327104.0,2313.1042869091034,0.0026498117949813604,0.01470947265625,2.2450032234191895,-0.021914426237344742,1.3639116287231445,-0.022450031712651253,0.0005356073379516602,0.0,0.012464145198464394,1.6333893537521362,0.7526138871251677,5.378818511962891,2.9100048542022705,5.39128303527832,3.2839925289154053,6.797380685806274,4.182100296020508,,,,,,
8789024000.0,75.54,6.300000190734863,6391222784.0,2458.436182846653,81.0,0.0848388671875,1343488.0,2319.768686056137,0.002718627220019698,0.02142333984375,2.274005174636841,-0.022029824554920197,1.252030849456787,-0.02274005115032196,0.0007102289237082005,0.0,0.08208368718624115,1.5810024738311768,0.7596170555874137,5.675989627838135,2.811798334121704,5.758072853088379,3.2246358394622803,6.664399147033691,4.187869071960449,,,,,,
8789024000.0,81.85,5.300000190734863,6391222784.0,2438.913716027079,82.0,0.0714111328125,1359872.0,2326.4864308834076,0.004585168790072203,0.04437255859375,2.342543601989746,-0.02275700494647026,1.087538480758667,-0.023425433784723282,0.0006684288382530212,0.0,-0.018497880548238754,1.4772319793701172,0.7845693877466359,5.420692443847656,2.852907419204712,5.402194499969482,3.182694911956787,6.717744827270508,4.207123279571533,,,,,,
8789024000.0,77.59,5.599999904632568,6391222784.0,2437.5906848990285,83.0,0.0701904296875,1376256.0,2333.2078218460083,0.004207191057503223,0.03436279296875,2.2746927738189697,-0.023275071755051613,1.1142449378967285,-0.022746926173567772,-0.0005281455814838409,0.0,-0.04041208326816559,1.474308967590332,0.7957049696785419,5.287458419799805,2.8383777141571045,5.24704647064209,3.261817455291748,6.721390962600708,4.195946931838989,,,,,,
8789024000.0,72.08,6.099999904632568,6391222784.0,2414.216298775173,84.0,0.078125,1392640.0,2339.994289159775,0.0020256119314581156,0.01800537109375,2.345264434814453,-0.023102452978491783,1.1159621477127075,-0.023452645167708397,0.00035019218921661377,0.0,-0.0013443725183606148,1.4870656728744507,0.8068379539941865,5.725667953491211,2.995607614517212,5.7243242263793945,3.3835248947143555,6.7864673137664795,4.198935508728027,,,,,,
8789024000.0,83.18,5.599999904632568,6391222784.0,2444.875125806896,85.0,0.0714111328125,1409024.0,2346.6956539154053,0.0024792631156742573,0.01995849609375,2.3054261207580566,-0.02268979698419571,1.035812258720398,-0.02305426076054573,0.0003644675016403198,0.0,0.02972370758652687,1.4323245286941528,0.7991448291166776,5.244992256164551,2.851102352142334,5.274715423583984,3.195949077606201,6.701364755630493,4.184383392333984,,,,,,
8789024000.0,77.33,5.5,6391222784.0,2435.7375012077764,86.0,0.072021484375,1425408.0,2353.422158718109,0.002295766957104206,0.01239013671875,2.265787363052368,-0.02213725447654724,1.153822422027588,-0.02265787310898304,0.0005206204950809479,0.0,-0.08182060718536377,1.4843889474868774,0.8021316653821786,5.42128849029541,2.9802350997924805,5.339468002319336,3.3370258808135986,6.726504802703857,4.193057537078857,,,,,,
8789024000.0,80.78,6.400000095367432,6391222784.0,2458.5798143121274,87.0,0.0732421875,1441792.0,2360.086168527603,0.0024282594677060843,0.01495361328125,2.3094372749328613,-0.021659012883901596,1.189512014389038,-0.02309437096118927,0.0014353571459650993,0.0,0.08431773632764816,1.5455477237701416,0.7665074122677028,5.12202262878418,2.8179423809051514,5.206340789794922,3.1984963417053223,6.6640098094940186,4.194488763809204,,,,,,
8789024000.0,72.59,6.099999904632568,6391222784.0,2444.0458519581216,88.0,0.0848388671875,1458176.0,2366.7898070812225,0.002815471962094307,0.0169677734375,2.3129615783691406,-0.02304963581264019,1.194828987121582,-0.02312961407005787,7.997406646609306e-05,0.0,0.14754971861839294,1.5203498601913452,0.7909146227262888,5.23597526550293,2.939332962036133,5.383524417877197,3.324923276901245,6.703638553619385,4.193314790725708,,,,,,
8789024000.0,71.2,4.699999809265137,6391222784.0,2445.2924536533133,89.0,0.08056640625,1474560.0,2373.490028142929,0.005753270350396633,0.06280517578125,2.205244779586792,-0.021634507924318314,1.2551138401031494,-0.022052446380257607,0.0004179440438747406,0.0,-0.003038330003619194,1.5794541835784912,0.7676929650583744,5.406600475311279,2.897383689880371,5.403561592102051,3.276993989944458,6.700221061706543,4.19392991065979,,,,,,
8789024000.0,79.12,5.5,6391222784.0,2371.7450376758984,90.0,0.0689697265625,1490944.0,2380.3980219364166,0.0025919729378074408,0.02056884765625,2.376768112182617,-0.02292484976351261,1.0988308191299438,-0.023767678067088127,0.0008428273722529411,0.0,0.03888174146413803,1.4773311614990234,0.797444523133527,5.268208026885986,2.929385185241699,5.307089805603027,3.282508611679077,6.907993793487549,4.203356981277466,,,,,,
8789024000.0,80.96,5.5,6391222784.0,2418.8436655151613,91.0,0.07080078125,1507328.0,2387.1715064048767,0.00414102291688323,0.03277587890625,2.22403621673584,-0.022450841963291168,1.202765703201294,-0.02224036306142807,-0.00021047703921794891,0.0,-0.0576767697930336,1.5461078882217407,0.7663290480100194,5.691252708435059,2.87341570854187,5.633576393127441,3.198434829711914,6.773484468460083,4.186618089675903,,,,,,
8789024000.0,72.26,5.0,6391222784.0,2411.8749643893007,92.0,0.0750732421875,1523712.0,2393.964561700821,0.0037915471475571394,0.02490234375,2.3369040489196777,-0.02210133709013462,1.2600986957550049,-0.023369044065475464,0.0012677060440182686,0.0,-0.09168695658445358,1.5570542812347412,0.7634431961163592,5.584292411804199,2.8062515258789062,5.492605686187744,3.201371192932129,6.793055295944214,4.197105407714844,,,,,,
8789024000.0,82.77,5.400000095367432,6391222784.0,2432.4878333444303,93.0,0.074462890625,1540096.0,2400.7000527381897,0.004744776524603367,0.0546875,2.271210193634033,-0.021605368703603745,1.0526000261306763,-0.02271210215985775,0.00110673438757658,0.0,0.13072878122329712,1.4584081172943115,0.7909527448850959,5.0632829666137695,2.802875280380249,5.194011688232422,3.1897518634796143,6.735491037368774,4.199895143508911,,,,,,
8789024000.0,76.34,5.400000095367432,6391222784.0,2416.153329301458,94.0,0.0738525390625,1556480.0,2407.481079339981,0.0049966927617788315,0.06024169921875,2.404224157333374,-0.021711785346269608,1.1451693773269653,-0.024042241275310516,0.002330454532057047,0.0,-0.06281311064958572,1.508807897567749,0.7792802499705805,5.540777206420898,2.8176374435424805,5.477964401245117,3.2115399837493896,6.781026601791382,4.197868347167969,,,,,,
8789164000.0,82.1,5.400000095367432,6391222784.0,2400.9607247770205,95.0,0.0628662109375,1572864.0,2414.305014371872,0.0038617115933448076,0.0408935546875,2.3866543769836426,-0.024989431723952293,1.0287957191467285,-0.023866545408964157,-0.001122884452342987,0.0,-0.0022145104594528675,1.4283149242401123,0.7938396035726192,5.003117561340332,2.769550323486328,5.000903606414795,3.1457297801971436,6.823935031890869,4.202411651611328,,,,,,
,,,,,,,,,,,,,,,,,,,,,,,,,,0.01212987769395113,1.4039732217788696,1.2265851497650146,0.01212987769395113,1.4039732217788696,1.2265851497650146
,,,,,,,,,,,,,,,,,,,,,,,,,,0.007528198417276144,1.2171458005905151,1.1601536273956299,0.007528198417276144,1.2171458005905151,1.1601536273956299
,,,,,,,,,,,,,,,,,,,,,,,,,,0.00685842102393508,1.1666851043701172,1.11013662815094,0.00685842102393508,1.1666851043701172,1.11013662815094
,,,,,,,,,,,,,,,,,,,,,,,,,,0.006704988423734903,1.1326974630355835,1.079527497291565,0.006704988423734903,1.1326974630355835,1.079527497291565
,,,,,,,,,,,,,,,,,,,,,,,,,,0.006533392705023289,1.1072804927825928,1.0560988187789917,0.006533392705023289,1.1072804927825928,1.0560988187789917
,,,,,,,,,,,,,,,,,,,,,,,,,,0.0065635801292955875,1.0774949789047241,1.0219451189041138,0.0065635801292955875,1.0774949789047241,1.0219451189041138
8789216000.0,82.59,5.5,6188634112.0,18.431935464337286,96.0,0.0653076171875,1589248.0,3303.1970155239105,0.004399935714900494,0.0494384765625,2.384316921234131,-0.023348400369286537,0.9455920457839966,-0.02384316548705101,0.0004947669804096222,0.0,-0.055209506303071976,1.367019772529602,0.816377492498638,5.30896520614624,2.808048963546753,5.253756046295166,3.1901559829711914,888.8920011520386,4.208610534667969,,,,,,
8789216000.0,80.18,6.300000190734863,6391222784.0,2455.4409024257097,97.0,0.07568359375,1605632.0,3309.8695442676544,0.0067724185064435005,0.08782958984375,2.3670387268066406,-0.021900298073887825,1.0886660814285278,-0.023670384660363197,0.0017700882162898779,0.0,0.15790444612503052,1.4662113189697266,0.783729802998994,5.054939270019531,2.763636827468872,5.212843894958496,3.152813673019409,6.6725287437438965,4.198328971862793,,,,,,
8789216000.0,86.95,6.0,6391222784.0,2430.818053121349,98.0,0.0762939453125,1622016.0,3316.6096620559692,0.009735990315675735,0.1419677734375,2.37740421295166,-0.02094476856291294,0.9818414449691772,-0.0237740408629179,0.0028292760252952576,0.0,0.11768363416194916,1.3887609243392944,0.8253794452981037,5.312726020812988,3.0094478130340576,5.4304094314575195,3.323377847671509,6.740117788314819,4.189903736114502,,,,,,
8789216000.0,79.63,5.900000095367432,6391222784.0,2449.5462258058237,99.0,0.072021484375,1638400.0,3323.2982478141785,0.0058249784633517265,0.07318115234375,2.3251616954803467,-0.022496912628412247,1.022612452507019,-0.023251619189977646,0.0007547065615653992,0.0,0.0386028066277504,1.4256391525268555,0.7987772888435054,5.173757553100586,2.8164255619049072,5.212360382080078,3.1781258583068848,6.6885857582092285,4.210936069488525,,,,,,
8789216000.0,81.67,6.400000095367432,6391222784.0,2446.2051204888003,100.0,0.074462890625,1654784.0,3329.995969057083,0.003343982854858041,0.03363037109375,2.30224347114563,-0.02228088304400444,1.1151950359344482,-0.02302243374288082,0.0007415516301989555,0.0,0.02678348869085312,1.4779541492462158,0.7952949408915407,5.483076095581055,2.9350998401641846,5.509859085083008,3.2666056156158447,6.697721242904663,4.19991660118103,,,,,,
8789216000.0,67.85,5.300000190734863,6391222784.0,2448.401181711729,101.0,0.0762939453125,1671168.0,3336.68768286705,0.0034094289876520634,0.029541015625,2.2540485858917236,-0.023456018418073654,1.1730197668075562,-0.022540487349033356,-0.0009155329316854477,0.0,-0.11705051362514496,1.5281782150268555,0.7723386592912475,5.725915431976318,2.8691821098327637,5.608864784240723,3.2027974128723145,6.691713809967041,4.196966171264648,,,,,,
8789216000.0,80.45,5.900000095367432,6391222784.0,2430.8983662024166,102.0,0.0701904296875,1687552.0,3343.427577972412,0.002989239990711212,0.02911376953125,2.29227352142334,-0.02196996659040451,1.1808369159698486,-0.022922731935977936,0.0009527676738798618,0.0,-0.07149839401245117,1.5208739042282104,0.769609571489528,5.552992820739746,2.829241991043091,5.481493949890137,3.168552875518799,6.7398951053619385,4.191193580627441,,,,,,
8789216000.0,74.26,6.0,6391222784.0,2444.030988073557,103.0,0.0762939453125,1703936.0,3350.1312572956085,0.0022768015041947365,0.0201416015625,2.3260319232940674,-0.022788885980844498,1.1267845630645752,-0.023260321468114853,0.00047143641859292984,0.0,-0.02500324323773384,1.4920181035995483,0.7922585420494396,5.624034881591797,2.911766529083252,5.599031925201416,3.27350115776062,6.703679323196411,4.202023983001709,,,,,,
8789216000.0,79.46,5.900000095367432,6391222784.0,2434.5969609890776,104.0,0.0885009765625,1720320.0,3356.8609132766724,0.0037066047079861164,0.03814697265625,2.261167526245117,-0.021359965205192566,1.0438992977142334,-0.022611673921346664,0.0012517105787992477,0.0,0.09620601683855057,1.4366041421890259,0.808735806556026,5.582130432128906,2.9121387004852295,5.678336143493652,3.284886598587036,6.729655981063843,4.210719347000122,,,,,,
8789216000.0,70.93,6.099999904632568,6391222784.0,2436.4370062428147,105.0,0.0799560546875,1736704.0,3363.5854868888855,0.0025651478208601475,0.0189208984375,2.236142635345459,-0.02147454209625721,1.0503017902374268,-0.022361423820257187,0.0008868828881531954,0.0,-0.03390394151210785,1.4419416189193726,0.8062916718673793,5.548542022705078,2.89957857131958,5.514638900756836,3.276223659515381,6.724573612213135,4.209435939788818,,,,,,
8789216000.0,74.74,5.099999904632568,6391222784.0,2427.937346444248,106.0,0.0750732421875,1753088.0,3370.3336017131805,0.0030135922133922577,0.024658203125,2.2440309524536133,-0.022133104503154755,1.137929916381836,-0.022440306842327118,0.0003072037361562252,0.0,-0.026701072230935097,1.5039830207824707,0.7985941088199409,5.271606922149658,3.0053131580352783,5.244905471801758,3.3512492179870605,6.748114824295044,4.197404146194458,,,,,,
8789216000.0,86.18,6.0,6391222784.0,2443.9759671969837,107.0,0.0677490234375,1769472.0,3377.0374319553375,0.004455157555639744,0.04888916015625,2.2710328102111816,-0.02137094922363758,1.1095504760742188,-0.02271033078432083,0.001339378533884883,0.0,-0.024903131648898125,1.485255479812622,0.7827634591857418,5.102812767028809,2.8635809421539307,5.077909469604492,3.186652660369873,6.703830242156982,4.202643394470215,,,,,,
8789216000.0,76.35,6.599999904632568,6391222784.0,2454.908195701256,108.0,0.0799560546875,1785856.0,3383.7114086151123,0.002270457101985812,0.01837158203125,2.2107949256896973,-0.021189654245972633,1.2139849662780762,-0.02210794948041439,0.0009182915091514587,0.0,-0.0179892610758543,1.5503040552139282,0.7792997018610448,5.521571159362793,2.9285004138946533,5.503582000732422,3.300011157989502,6.67397665977478,4.203078269958496,,,,,,
8789216000.0,80.98,6.599999904632568,6391222784.0,2451.008148344474,109.0,0.074462890625,1802240.0,3390.3960049152374,0.002983755199238658,0.02752685546875,2.215958595275879,-0.02138211950659752,1.1613268852233887,-0.022159583866596222,0.0007774606347084045,0.0,0.04700065776705742,1.5180368423461914,0.7675465260781821,5.342752456665039,2.7749106884002686,5.389753341674805,3.148576259613037,6.684596300125122,4.197269439697266,,,,,,
8789216000.0,69.9,6.5,6391222784.0,2444.0873153285384,110.0,0.089111328125,1818624.0,3397.0995297431946,0.002842516638338566,0.02392578125,2.193366050720215,-0.020667124539613724,1.1074503660202026,-0.02193365804851055,0.0012665363028645515,0.0,0.08975471556186676,1.4822196960449219,0.7984794525644381,5.406717777252197,2.928544282913208,5.496472358703613,3.301815986633301,6.703524827957153,4.201810359954834,,,,,,
8789216000.0,71.95,5.5,6391222784.0,2401.948638872591,111.0,0.078125,1835008.0,3403.9206581115723,0.004490302409976721,0.05340576171875,2.1889243125915527,-0.021319415420293808,1.1700477600097656,-0.02188924141228199,0.0005698278546333313,0.0,0.03147247061133385,1.5131932497024536,0.7826181902431308,5.268946647644043,2.8802502155303955,5.300418853759766,3.2455079555511475,6.8211283683776855,4.200571060180664,,,,,,
8789216000.0,71.53,5.900000095367432,6391222784.0,2429.4853215650883,112.0,0.0738525390625,1851392.0,3410.664473295212,0.003165318164974451,0.0302734375,2.227893590927124,-0.021816862747073174,1.337537169456482,-0.022278936579823494,0.00046207383275032043,0.0,-0.07176658511161804,1.6286791563034058,0.7460073963182119,5.4356513023376465,2.8847076892852783,5.363884925842285,3.2316548824310303,6.743815183639526,4.186035633087158,,,,,,
8789216000.0,69.41,5.599999904632568,6391222784.0,2428.0794094012263,113.0,0.0732421875,1867776.0,3417.41219329834,0.005095120519399643,0.052490234375,2.212801694869995,-0.02140042372047901,1.2212934494018555,-0.022128017619252205,0.0007275920361280441,0.0,-0.03058311901986599,1.5624510049819946,0.7655426591151662,5.437443256378174,2.856888771057129,5.4068603515625,3.226818323135376,6.747720003128052,4.203457355499268,,,,,,
8789216000.0,81.11,5.5,6391222784.0,2457.9521109881134,114.0,0.074462890625,1884160.0,3424.0779049396515,0.002439841628074646,0.02130126953125,2.248884439468384,-0.02159200794994831,1.0945333242416382,-0.022488843649625778,0.0008968319743871689,0.0,0.0016880582552403212,1.4774737358093262,0.7782680290918527,5.456920623779297,2.76096248626709,5.458609104156494,3.1376585960388184,6.6657116413116455,4.1939451694488525,,,,,,
8789216000.0,72.21,5.199999809265137,6391222784.0,2446.4357234169433,115.0,0.0836181640625,1900544.0,3430.7749948501587,0.0023188479244709015,0.0185546875,2.205960750579834,-0.021089162677526474,1.1702684164047241,-0.02205960638821125,0.0009704441763460636,0.0,-0.0010840557515621185,1.526447057723999,0.7732330530403762,5.571077346801758,2.8008172512054443,5.569993019104004,3.2054710388183594,6.697089910507202,4.2018883228302,,,,,,
8789216000.0,73.2,6.099999904632568,6391222784.0,2435.833767257927,116.0,0.0775146484375,1916928.0,3437.501233816147,0.0037712291814386845,0.03814697265625,2.2070319652557373,-0.02138815075159073,1.1519169807434082,-0.022070318460464478,0.0006821714341640472,0.0,-0.010122191160917282,1.5070204734802246,0.7718434871124391,5.432669639587402,2.7391068935394287,5.422547340393066,3.155024528503418,6.726238965988159,4.195544958114624,,,,,,
8789216000.0,68.3,6.599999904632568,6391222784.0,2391.408511920107,117.0,0.0836181640625,1933312.0,3444.352426290512,0.0030188020318746567,0.0230712890625,2.214146137237549,-0.02066614106297493,1.0271662473678589,-0.022141462191939354,0.0014753211289644241,0.0,0.05376351624727249,1.4322162866592407,0.8071879213756314,5.61307954788208,2.903296709060669,5.666842937469482,3.261681079864502,6.851192474365234,4.208785772323608,,,,,,
8789216000.0,75.84,5.199999809265137,6391222784.0,2401.8627557761274,118.0,0.07080078125,1949696.0,3451.173798561096,0.004155408125370741,0.03759765625,2.1414318084716797,-0.020771104842424393,1.130418300628662,-0.021414317190647125,0.0006432123482227325,0.0,-0.09831357002258301,1.4863536357879639,0.7934312064424188,5.088308334350586,2.8803701400756836,4.989995002746582,3.2703161239624023,6.8213722705841064,4.201849699020386,,,,,,
8789216000.0,67.01,5.900000095367432,6391222784.0,2420.059229780704,119.0,0.0823974609375,1966080.0,3457.9438807964325,0.004799668211489916,0.04833984375,2.196737766265869,-0.020115811377763748,1.2462096214294434,-0.02196737565100193,0.001851564273238182,0.0,0.08164896070957184,1.5763784646987915,0.7766991550804453,5.372036933898926,2.963341236114502,5.453686237335205,3.3359179496765137,6.770082235336304,4.197559833526611,,,,,,
8789216000.0,75.11,6.900000095367432,6391222784.0,2429.1211115561864,120.0,0.09033203125,1982464.0,3464.688707113266,0.005490131676197052,0.05743408203125,2.1502299308776855,-0.021471982821822166,1.1556106805801392,-0.02150229923427105,3.0314549803733826e-05,0.0,0.09786847233772278,1.5180089473724365,0.7947746997095446,5.817586898803711,3.0353643894195557,5.915455341339111,3.3508801460266113,6.744826316833496,4.213590860366821,,,,,,
8789216000.0,80.27,6.300000190734863,6391222784.0,2438.981580296059,121.0,0.0775146484375,1998848.0,3471.4062650203705,0.002360947895795107,0.01898193359375,2.289822816848755,-0.021955396980047226,1.0485376119613647,-0.022898228839039803,0.000942830927670002,0.0,0.050911396741867065,1.4330700635910034,0.8058615553187346,5.698066711425781,2.977487564086914,5.748978137969971,3.252457857131958,6.717557907104492,4.19957423210144,,,,,,
8789216000.0,78.53,6.300000190734863,6391222784.0,2413.446000631041,122.0,0.0799560546875,2015232.0,3478.194898366928,0.0024394351057708263,0.0167236328125,2.2251341342926025,-0.02274825982749462,1.0686677694320679,-0.022251343354582787,-0.0004969220608472824,0.0,-0.01922905072569847,1.4513623714447021,0.7919963435159418,5.460052490234375,2.7895729541778564,5.440823554992676,3.1822948455810547,6.788633346557617,4.208205223083496,,,,,,
8789216000.0,76.39,6.300000190734863,6391222784.0,2407.544751121845,123.0,0.0750732421875,2031616.0,3485.000171661377,0.003745472291484475,0.03692626953125,2.299978256225586,-0.021652519702911377,0.9970978498458862,-0.022999782115221024,0.001347261480987072,0.0,0.13293394446372986,1.3807317018508911,0.8113032001401286,5.033720970153809,2.799013614654541,5.166654586791992,3.178534507751465,6.8052732944488525,4.19204306602478,,,,,,
8789216000.0,84.29,6.0,6391222784.0,2384.6585866424857,124.0,0.0701904296875,2048000.0,3491.8707568645477,0.002403990365564823,0.01483154296875,2.259648323059082,-0.022419659420847893,1.176674246788025,-0.022596480324864388,0.00017682183533906937,0.0,-0.05779997259378433,1.52581787109375,0.771028507549881,5.384654998779297,2.880216121673584,5.326855182647705,3.188687801361084,6.870585203170776,4.220952749252319,,,,,,
8789216000.0,91.07,5.300000190734863,6391222784.0,2407.161034099314,125.0,0.0677490234375,2064384.0,3498.6771149635315,0.0031994255259633064,0.03155517578125,2.2616777420043945,-0.022267743945121765,1.002396821975708,-0.022616777569055557,0.0003490373492240906,0.0,-0.056309476494789124,1.4061963558197021,0.8057279182753583,5.358491897583008,2.8220150470733643,5.302182197570801,3.1903669834136963,6.806358098983765,4.203155755996704,,,,,,
8789216000.0,79.36,6.599999904632568,6391222784.0,2407.6055667403716,126.0,0.0775146484375,2080768.0,3505.482216358185,0.00392101239413023,0.04461669921875,2.3166615962982178,-0.022242840379476547,1.1088273525238037,-0.023166613653302193,0.000923774903640151,0.0,0.03745328634977341,1.479516863822937,0.7888552693590625,5.662899017333984,2.978044271469116,5.700352668762207,3.219806432723999,6.80510139465332,4.194854736328125,,,,,,
8789236000.0,82.86,6.900000095367432,6391222784.0,2416.6608489591645,127.0,0.0836181640625,2097152.0,3512.261818885803,0.0034379390999674797,0.03094482421875,2.2389907836914062,-0.02187340147793293,1.0604497194290161,-0.022389903664588928,0.0005165021866559982,0.0,0.16984021663665771,1.4434967041015625,0.7879011938572972,5.610130310058594,2.804051637649536,5.779970169067383,3.1343448162078857,6.779602527618408,4.18631911277771,,,,,,
,,,,,,,,,,,,,,,,,,,,,,,,,,0.013873143121600151,1.2962992191314697,1.157102346420288,0.013873143121600151,1.2962992191314697,1.157102346420288
,,,,,,,,,,,,,,,,,,,,,,,,,,0.010344704613089561,1.169053316116333,1.0981168746948242,0.010344704613089561,1.169053316116333,1.0981168746948242
,,,,,,,,,,,,,,,,,,,,,,,,,,0.00980642531067133,1.132770299911499,1.0635541677474976,0.00980642531067133,1.132770299911499,1.0635541677474976
,,,,,,,,,,,,,,,,,,,,,,,,,,0.009436224587261677,1.1017980575561523,1.035151720046997,0.009436224587261677,1.1017980575561523,1.035151720046997
,,,,,,,,,,,,,,,,,,,,,,,,,,0.00955264177173376,1.092332124710083,1.0194629430770874,0.00955264177173376,1.092332124710083,1.0194629430770874
,,,,,,,,,,,,,,,,,,,,,,,,,,0.009360100142657757,1.0687975883483887,0.9984803199768066,0.009360100142657757,1.0687975883483887,0.9984803199768066
8789236000.0,78.86,6.599999904632568,6188634112.0,18.422997851475778,128.0,0.0775146484375,2113536.0,4401.5850512981415,0.003122244728729129,0.02606201171875,2.3113138675689697,-0.022648198530077934,1.12907075881958,-0.02311314269900322,0.0004649423062801361,0.0,-0.005131615791469812,1.508381724357605,0.798569445473102,5.448606491088867,3.1139891147613525,5.443474769592285,3.3608458042144775,889.3232324123383,4.334480047225952,,,,,,
8789236000.0,78.95,5.800000190734863,6391222784.0,2433.8234309989157,129.0,0.0799560546875,2129920.0,4408.316846132278,0.0046345884911715984,0.05706787109375,2.2395377159118652,-0.02161320671439171,1.1240198612213135,-0.022395377978682518,0.0007821687031537294,0.0,0.13780580461025238,1.4955447912216187,0.7916567987975243,5.330568313598633,2.941934108734131,5.468374252319336,3.2764973640441895,6.731794834136963,4.202712774276733,,,,,,
8789236000.0,74.91,5.300000190734863,6391222784.0,2448.477077562159,130.0,0.07568359375,2146304.0,4415.008352518082,0.006475429981946945,0.08392333984375,2.298767328262329,-0.022627994418144226,1.1715357303619385,-0.022987674921751022,0.0003596784081310034,0.0,-0.0753026083111763,1.5215318202972412,0.776192766349368,5.450648307800293,2.880699872970581,5.3753461837768555,3.216207504272461,6.691506385803223,4.200313568115234,,,,,,
8789236000.0,69.82,6.300000190734863,6391222784.0,2419.397630746694,131.0,0.0872802734375,2162688.0,4421.780286073685,0.005247618071734905,0.058349609375,2.2146835327148438,-0.020269669592380524,1.0856629610061646,-0.022146834060549736,0.0018771644681692123,0.0,-0.016435327008366585,1.465885877609253,0.806859270999831,5.460563659667969,2.952374219894409,5.444128513336182,3.3355181217193604,6.771933555603027,4.207787752151489,,,,,,
8789236000.0,76.26,6.400000095367432,6391222784.0,2431.2316275924813,132.0,0.079345703125,2179072.0,4428.519257307053,0.0031788055785000324,0.03076171875,2.310213565826416,-0.02182820625603199,1.0408188104629517,-0.023102136328816414,0.0012739314697682858,0.0,0.04970284178853035,1.442330241203308,0.81198674435346,5.363803863525391,2.9234700202941895,5.413506507873535,3.326369047164917,6.73897123336792,4.206728458404541,,,,,,
8789236000.0,67.55,6.0,6391222784.0,2451.486777620595,133.0,0.0823974609375,2195456.0,4435.202548503876,0.004472141619771719,0.0455322265625,2.2826361656188965,-0.02171708643436432,1.2172359228134155,-0.022826358675956726,0.0011092768982052803,0.0,0.0023877834901213646,1.5527669191360474,0.7819737943769614,5.594956398010254,2.9642996788024902,5.597344398498535,3.3254623413085938,6.68329119682312,4.219699144363403,,,,,,
8789236000.0,81.23,5.800000190734863,6391222784.0,2445.037707522021,134.0,0.0836181640625,2211840.0,4441.903467655182,0.0021825656294822693,0.01641845703125,2.3044209480285645,-0.02226727083325386,1.031396746635437,-0.02304420806467533,0.000776936300098896,0.0,0.05073641240596771,1.422857403755188,0.8113430310062282,5.409014701843262,2.922339916229248,5.459751129150391,3.275857448577881,6.700919151306152,4.198428153991699,,,,,,
8789236000.0,70.27,6.5,6391222784.0,2425.963483605594,135.0,0.0830078125,2228224.0,4448.657073020935,0.002729956991970539,0.02691650390625,2.2710916996002197,-0.021660596132278442,1.1899245977401733,-0.02271091751754284,0.0010503227822482586,0.0,-0.07320515811443329,1.5373058319091797,0.7842715428354676,5.58826208114624,3.000365972518921,5.51505708694458,3.3098368644714355,6.753605365753174,4.2029900550842285,,,,,,
8789236000.0,86.48,6.199999809265137,6391222784.0,2438.5336939826275,136.0,0.0701904296875,2244608.0,4455.375864744186,0.0032775115687400103,0.03009033203125,2.3213729858398438,-0.023125924170017242,1.072228193283081,-0.02321372926235199,8.78041610121727e-05,0.0,0.03389154002070427,1.4574759006500244,0.7886941365559965,5.16635799407959,2.81333327293396,5.200249671936035,3.1706297397613525,6.718791723251343,4.205681562423706,,,,,,
8789236000.0,86.68,5.900000095367432,6391222784.0,2450.6162207708207,137.0,0.074462890625,2260992.0,4462.06153011322,0.0021720295771956444,0.0157470703125,2.3008904457092285,-0.0228708628565073,1.015809416770935,-0.023008903488516808,0.000138038769364357,0.0,0.02730347402393818,1.4218131303787231,0.7942832647319122,5.361668109893799,2.7567880153656006,5.38897180557251,3.134784698486328,6.6856653690338135,4.213338136672974,,,,,,
8789236000.0,99.07,6.400000095367432,6391222784.0,2402.287529858403,138.0,0.0726318359375,2277376.0,4468.881696224213,0.0023634792305529118,0.0234375,2.33919620513916,-0.023761413991451263,0.9480724334716797,-0.0233919620513916,-0.00036945100873708725,0.0,0.1138773113489151,1.3635743856430054,0.8207127516293969,5.397554397583008,2.9515981674194336,5.5114312171936035,3.220357656478882,6.820166110992432,4.1946375370025635,,,,,,
8789236000.0,87.77,6.099999904632568,6391222784.0,2436.9161830623107,139.0,0.078125,2293760.0,4475.604947566986,0.0013040285557508469,0.0081787109375,2.3108036518096924,-0.02247139811515808,0.9357036352157593,-0.02310803532600403,0.0006366400048136711,0.0,-0.010634106583893299,1.3633434772491455,0.8164360454581154,5.5596513748168945,2.8582873344421387,5.549017906188965,3.1820833683013916,6.7232513427734375,4.200903654098511,,,,,,
8789236000.0,82.3,6.199999809265137,6391222784.0,2434.8576455236243,140.0,0.0732421875,2310144.0,4482.333883047104,0.0022764927707612514,0.0140380859375,2.331249713897705,-0.022477509453892708,1.0400227308273315,-0.023312494158744812,0.000834987498819828,0.0,-0.045196447521448135,1.433403491973877,0.7994021260014939,5.647979736328125,2.929516315460205,5.602783203125,3.2004079818725586,6.728935480117798,4.1969685554504395,,,,,,
8789236000.0,87.81,6.5,6391222784.0,2404.2581140480697,141.0,0.0726318359375,2326528.0,4489.148459196091,0.002013186691328883,0.0145263671875,2.3254263401031494,-0.022435642778873444,0.9745205044746399,-0.023254264146089554,0.0008186232298612595,0.0,0.11662156879901886,1.3940683603286743,0.7902419528205566,5.4276957511901855,2.7867438793182373,5.544317245483398,3.043860673904419,6.814576148986816,4.2115747928619385,,,,,,
8789236000.0,103.55,6.199999809265137,6391222784.0,2464.6882563811773,142.0,0.062255859375,2342912.0,4495.795953035355,0.002690708264708519,0.02069091796875,2.3323750495910645,-0.023683171719312668,0.8936664462089539,-0.023323751986026764,-0.00035941973328590393,0.0,-0.03709443658590317,1.3278825283050537,0.7931112138013403,5.295730113983154,2.658159017562866,5.258635997772217,2.919384002685547,6.647493839263916,4.199542284011841,,,,,,
8789236000.0,104.74,6.099999904632568,6391222784.0,2450.563087698768,143.0,0.0555419921875,2359296.0,4502.4817633628845,0.0023316210135817528,0.02093505859375,2.3014726638793945,-0.022051839157938957,0.8299769163131714,-0.023014724254608154,0.0009628860279917717,0.0,-0.020757978782057762,1.2893092632293701,0.7959785382017259,5.121374130249023,2.5357656478881836,5.100616455078125,2.854428768157959,6.685810327529907,4.209481477737427,,,,,,
8789236000.0,103.97,6.0,6391222784.0,2437.6357341390362,144.0,0.0592041015625,2375680.0,4509.2030301094055,0.0037678158842027187,0.03759765625,2.33986496925354,-0.02273726835846901,0.8654679656028748,-0.02339864894747734,0.0006613810546696186,0.0,0.03324006125330925,1.30966055393219,0.8005894336534807,5.213681221008301,2.653045415878296,5.246921539306641,2.9328157901763916,6.721266746520996,4.2039794921875,,,,,,
8789236000.0,107.7,6.300000190734863,6391222784.0,2451.9672561399734,145.0,0.057373046875,2392064.0,4515.885011672974,0.003978786990046501,0.04052734375,2.288102626800537,-0.02171759121119976,0.8734586834907532,-0.022881027311086655,0.001163434237241745,0.0,-0.032571643590927124,1.3216469287872314,0.7954009687365977,5.312906742095947,2.6797115802764893,5.280335426330566,2.921889066696167,6.681981563568115,4.198601245880127,,,,,,
8789236000.0,98.77,6.199999809265137,6391222784.0,2431.656614634056,146.0,0.0604248046875,2408448.0,4522.622805118561,0.0032432833686470985,0.02947998046875,2.3683576583862305,-0.02264249697327614,0.899441123008728,-0.0236835740506649,0.0010410798713564873,0.0,-0.054002437740564346,1.335245132446289,0.8028890720389452,5.283442974090576,2.65706205368042,5.229440689086914,3.007500648498535,6.737793445587158,4.207726716995239,,,,,,
8789236000.0,111.23,6.5,6391222784.0,2388.0306466729894,147.0,0.0543212890625,2424832.0,4529.483688592911,0.001598858623765409,0.0086669921875,2.3900296688079834,-0.023277074098587036,0.6436326503753662,-0.023900296539068222,0.0006232229061424732,0.0,-0.0219515822827816,1.132694125175476,0.8463253399132384,5.259051322937012,2.651643991470337,5.237099647521973,2.889425754547119,6.860883474349976,4.206493616104126,,,,,,
8789236000.0,114.91,5.400000095367432,6391222784.0,2455.280706463097,148.0,0.052490234375,2441216.0,4536.15665268898,0.0025218098890036345,0.02392578125,2.4276692867279053,-0.02346523478627205,0.8951331973075867,-0.024276692420244217,0.0008114594966173172,0.0,-0.08876243233680725,1.3360819816589355,0.7783256388391329,4.931878089904785,2.5703353881835938,4.84311580657959,2.8377583026885986,6.672964096069336,4.197598934173584,,,,,,
8789236000.0,107.16,6.599999904632568,6391222784.0,2435.0833526661477,149.0,0.0518798828125,2457600.0,4542.884964466095,0.004760292824357748,0.04852294921875,2.4014933109283447,-0.023619553074240685,0.7395504713058472,-0.024014931172132492,0.00039537670090794563,0.0,0.05144551396369934,1.2103086709976196,0.8225580154137357,4.877383232116699,2.5729260444641113,4.928829193115234,2.87321400642395,6.728311777114868,4.207226991653442,,,,,,
8789236000.0,105.26,6.699999809265137,6391222784.0,2437.162843367898,150.0,0.0604248046875,2473984.0,4549.607535362244,0.0029086254071444273,0.0220947265625,2.340874433517456,-0.02274809218943119,0.8390942215919495,-0.023408744484186172,0.0006606504321098328,0.0,0.08569139242172241,1.2956029176712036,0.7957247532879974,5.098079204559326,2.5524861812591553,5.183770656585693,2.8665804862976074,6.722570896148682,4.199024200439453,,,,,,
8789236000.0,100.4,5.5,6391222784.0,2420.6071013375577,151.0,0.0592041015625,2490368.0,4556.376085281372,0.004534141626209021,0.041748046875,2.376603603363037,-0.02257116325199604,0.8733111619949341,-0.023766033351421356,0.0011948738247156143,0.0,-0.07432620972394943,1.3159523010253906,0.8076112114546046,5.086979389190674,2.66504168510437,5.012653350830078,3.0002007484436035,6.768549919128418,4.2052342891693115,,,,,,
8789236000.0,95.53,5.900000095367432,6391222784.0,2404.213701239607,152.0,0.057373046875,2506752.0,4563.190787315369,0.001605830155313015,0.01129150390625,2.395433187484741,-0.022707320749759674,0.8261213302612305,-0.023954328149557114,0.0012470073997974396,0.0,0.013357370160520077,1.2856779098510742,0.8122621520505553,4.979770183563232,2.6530587673187256,4.993127346038818,2.967264175415039,6.814702033996582,4.2168920040130615,,,,,,
8789236000.0,115.2,6.0,6391222784.0,2395.9503645397203,153.0,0.054931640625,2523136.0,4570.0289924144745,0.0040809414349496365,0.038330078125,2.3604931831359863,-0.022339224815368652,0.7321240305900574,-0.02360493130981922,0.0012657064944505692,0.0,0.03198232874274254,1.2059122323989868,0.8332661175643072,4.733120918273926,2.6897356510162354,4.765103340148926,2.9532737731933594,6.838205099105835,4.188336133956909,,,,,,
8789236000.0,97.41,7.199999809265137,6391222784.0,2436.2553553976604,154.0,0.0665283203125,2539520.0,4576.7540674209595,0.002879595384001732,0.02716064453125,2.3669023513793945,-0.022552460432052612,0.8566790223121643,-0.02366902306675911,0.0011165626347064972,0.0,0.07345198839902878,1.3052326440811157,0.8199919044654229,5.113433837890625,2.8096446990966797,5.186885833740234,3.0763936042785645,6.725075006484985,4.20673680305481,,,,,,
8789236000.0,100.46,5.900000095367432,6391222784.0,2400.2918352361753,155.0,0.057373046875,2555904.0,4583.579904079437,0.0033754874020814896,0.03076171875,2.358743906021118,-0.022077083587646484,0.8123036026954651,-0.023587439209222794,0.001510357134975493,0.0,0.005339903756976128,1.2597135305404663,0.823100511368275,4.961426734924316,2.70727801322937,4.966766834259033,2.9950804710388184,6.825836658477783,4.204025030136108,,,,,,
8789236000.0,111.31,5.800000190734863,6391222784.0,2434.634654142138,156.0,0.048828125,2572288.0,4590.309455871582,0.0019977616611868143,0.0162353515625,2.385006904602051,-0.022393133491277695,0.6863960027694702,-0.02385006472468376,0.001456931233406067,0.0,0.050737980753183365,1.1609115600585938,0.8324365299173402,4.490842819213867,2.567031145095825,4.5415802001953125,2.8360207080841064,6.729551792144775,4.2127439975738525,,,,,,
8789236000.0,123.14,7.199999809265137,6391222784.0,2441.955905587694,157.0,0.0537109375,2588672.0,4597.018831729889,0.0022315140813589096,0.01739501953125,2.3596303462982178,-0.022782810032367706,0.6633766889572144,-0.023596305400133133,0.0008134925737977028,0.0,0.09765671193599701,1.1573320627212524,0.8421460745366317,4.704096794128418,2.6772141456604004,4.801753044128418,2.912931442260742,6.709375858306885,4.200071811676025,,,,,,
8789236000.0,132.45,6.099999904632568,6391222784.0,2435.864418583944,158.0,0.052490234375,2605056.0,4603.7449860572815,0.0024202540516853333,0.02703857421875,2.3605518341064453,-0.023077797144651413,0.748366117477417,-0.02360551804304123,0.0005277218297123909,0.0,0.0015207859687507153,1.219738245010376,0.8121674652987161,4.724897384643555,2.556077003479004,4.7264180183410645,2.8143699169158936,6.726154327392578,4.203352212905884,,,,,,
8789252000.0,116.07,6.699999809265137,6391222784.0,2412.7933490662326,159.0,0.0592041015625,2621440.0,4610.535455703735,0.002560180611908436,0.0252685546875,2.2937755584716797,-0.022354189306497574,0.8228484988212585,-0.022937754169106483,0.0005835685878992081,0.0,0.13383421301841736,1.2713664770126343,0.8056490286713839,4.990249156951904,2.601503849029541,5.124083518981934,2.883880853652954,6.790469646453857,4.186230659484863,,,,,,
,,,,,,,,,,,,,,,,,,,,,,,,,,0.030216282233595848,1.0736979246139526,0.9461538195610046,0.030216282233595848,1.0736979246139526,0.9461538195610046
,,,,,,,,,,,,,,,,,,,,,,,,,,0.02161042019724846,0.9726518392562866,0.9133486747741699,0.02161042019724846,0.9726518392562866,0.9133486747741699
,,,,,,,,,,,,,,,,,,,,,,,,,,0.019666219130158424,0.9484778046607971,0.8946041464805603,0.019666219130158424,0.9484778046607971,0.8946041464805603
,,,,,,,,,,,,,,,,,,,,,,,,,,0.019146686419844627,0.9281377792358398,0.8690922260284424,0.019146686419844627,0.9281377792358398,0.8690922260284424
,,,,,,,,,,,,,,,,,,,,,,,,,,0.018676865845918655,0.9049152731895447,0.8505198359489441,0.018676865845918655,0.9049152731895447,0.8505198359489441
,,,,,,,,,,,,,,,,,,,,,,,,,,0.018427584320306778,0.8852384686470032,0.8270339369773865,0.018427584320306778,0.8852384686470032,0.8270339369773865
8789316000.0,107.94,5.5,6188634112.0,18.41217464741032,160.0,0.0616455078125,2637824.0,5500.3814578056335,0.0052413237281143665,0.06256103515625,2.232381820678711,-0.02113809436559677,0.9657953381538391,-0.022323818877339363,0.001185726374387741,0.0,-0.02916242927312851,1.383635401725769,0.7958476966743757,5.304598808288574,2.849841594696045,5.2754364013671875,3.0622777938842773,889.8460021018982,4.2007224559783936,,,,,,
8789316000.0,95.02,6.800000190734863,6391222784.0,2427.486303814517,161.0,0.072021484375,2654208.0,5507.130826473236,0.0052941590547561646,0.05999755859375,2.103469133377075,-0.019548416137695312,0.9716572761535645,-0.021034689620137215,0.0014862758107483387,0.0,0.055641792714595795,1.3816195726394653,0.7980108684494801,5.4814252853393555,2.8363895416259766,5.53706693649292,3.074145555496216,6.749368667602539,4.204017400741577,,,,,,
8789316000.0,81.72,6.400000095367432,6391222784.0,2417.8131394789743,162.0,0.0634765625,2670592.0,5513.9071979522705,0.0042785173282027245,0.044189453125,2.1709282398223877,-0.02074098214507103,0.8565239906311035,-0.02170928195118904,0.0009683039970695972,0.0,0.041341520845890045,1.3019163608551025,0.8068858175386442,5.048429489135742,2.675781488418579,5.089770793914795,2.962620973587036,6.776371479034424,4.189294338226318,,,,,,
8789316000.0,98.84,6.900000095367432,6391222784.0,2380.5430532560845,163.0,0.059814453125,2686976.0,5520.789661169052,0.00460192933678627,0.05157470703125,2.2552175521850586,-0.02082706242799759,0.7124643921852112,-0.02255217544734478,0.0017251092940568924,0.0,0.012746079824864864,1.1890382766723633,0.8339864833728058,5.056336402893066,2.665661573410034,5.069082736968994,2.9182615280151367,6.882463216781616,4.207314729690552,,,,,,
8789316000.0,114.81,6.900000095367432,6391222784.0,2429.655999386783,164.0,0.059814453125,2703360.0,5527.533002614975,0.004853225313127041,0.043212890625,2.1538567543029785,-0.021490707993507385,0.8417028784751892,-0.021538564935326576,4.7857873141765594e-05,0.0,0.09014777094125748,1.2978272438049316,0.8128729521475493,5.149043083190918,2.728363275527954,5.239191055297852,3.000189781188965,6.743341445922852,4.17982029914856,,,,,,
8789316000.0,103.83,5.5,6391222784.0,2429.7436238897944,165.0,0.05859375,2719744.0,5534.276100873947,0.0033723616506904364,0.02801513671875,2.2224371433258057,-0.02039252407848835,0.9064907431602478,-0.02222437411546707,0.0018318472430109978,0.0,-0.11451517045497894,1.337514877319336,0.8004539039099955,5.316695213317871,2.702465772628784,5.202179908752441,2.994174003601074,6.743098258972168,4.190588474273682,,,,,,
8789316000.0,95.93,6.900000095367432,6391222784.0,2418.847326558491,166.0,0.0726318359375,2736128.0,5541.049575090408,0.0071701412089169025,0.089111328125,2.269670009613037,-0.019183816388249397,0.9192327260971069,-0.02269669994711876,0.003512885421514511,0.0,0.059282366186380386,1.3539814949035645,0.7905022798293997,5.416203022003174,2.6834394931793213,5.475485801696777,2.9581704139709473,6.773474216461182,4.2139575481414795,,,,,,
8789316000.0,107.41,6.5,6391222784.0,2394.631967005121,167.0,0.0628662109375,2752512.0,5547.891545057297,0.006989103741943836,0.0802001953125,2.131535530090332,-0.01687939651310444,0.9648762345314026,-0.021315356716513634,0.004435955546796322,0.0,-0.017638102173805237,1.3903073072433472,0.7621186175901042,5.437107563018799,2.5806610584259033,5.419469833374023,2.850562810897827,6.841969966888428,4.198499917984009,,,,,,
8789316000.0,115.29,6.300000190734863,6391222784.0,2435.6563500901293,168.0,0.05615234375,2768896.0,5554.618273973465,0.005146519280970097,0.05743408203125,2.3195018768310547,-0.020772602409124374,0.7879257202148438,-0.023195017129182816,0.0024224184453487396,0.0,-0.03511590138077736,1.2376877069473267,0.7966089489700499,5.142065525054932,2.4317288398742676,5.106949806213379,2.7443854808807373,6.726728916168213,4.191443204879761,,,,,,
8789316000.0,113.74,5.5,6391222784.0,2442.7745571717574,169.0,0.0506591796875,2785280.0,5561.325401306152,0.005072358530014753,0.058837890625,2.2552361488342285,-0.021179355680942535,0.7529494762420654,-0.022552361711859703,0.001373005099594593,0.0,-0.031475599855184555,1.2063546180725098,0.8181271095326641,5.050856113433838,2.503026008605957,5.019380569458008,2.828726291656494,6.707127332687378,4.204471826553345,,,,,,
8789316000.0,103.57,6.900000095367432,6391222784.0,2428.3210232327283,170.0,0.0634765625,2801664.0,5568.072449922562,0.005331954453140497,0.0682373046875,2.347985029220581,-0.02262727916240692,0.7000102400779724,-0.023479850962758064,0.000852570403367281,0.0,0.06499756872653961,1.1592832803726196,0.839399370633626,5.271889686584473,2.663914918899536,5.336886882781982,2.8927834033966064,6.747048616409302,4.201879262924194,,,,,,
8789316000.0,110.44,7.199999809265137,6391222784.0,2414.77714079776,171.0,0.0628662109375,2818048.0,5574.857341051102,0.0046227844431996346,0.05419921875,2.297105073928833,-0.02162589132785797,0.8059064149856567,-0.022971048951148987,0.0013451576232910156,0.0,0.05761098861694336,1.267539381980896,0.8083094394551075,5.271238327026367,2.6747989654541016,5.328849792480469,2.8950836658477783,6.784891128540039,4.204252243041992,,,,,,
8789316000.0,101.79,6.599999904632568,6391222784.0,2436.660932716372,172.0,0.0616455078125,2834432.0,5581.581296682358,0.004419402685016394,0.0467529296875,2.3508236408233643,-0.022098315879702568,0.6990669965744019,-0.023508239537477493,0.0014099238906055689,0.0,0.010116997174918652,1.1793012619018555,0.8409832410145316,5.349909782409668,2.6895649433135986,5.360027313232422,2.95735502243042,6.7239556312561035,4.20033073425293,,,,,,
8789316000.0,122.51,6.699999809265137,6391222784.0,2430.7345640989797,173.0,0.0543212890625,2850816.0,5588.321645975113,0.003521110862493515,0.0379638671875,2.2584056854248047,-0.020449187606573105,0.675819993019104,-0.02258405275642872,0.0021348651498556137,0.0,0.011806032620370388,1.1522237062454224,0.8357101968311705,5.327327728271484,2.6032774448394775,5.339133262634277,2.8427019119262695,6.740349292755127,4.193583250045776,,,,,,
8789316000.0,120.62,6.400000095367432,6391222784.0,2411.2580198010282,174.0,0.0579833984375,2867200.0,5595.116439342499,0.0016344533069059253,0.01422119140625,2.2887301445007324,-0.022355984896421432,0.7067134976387024,-0.022887300699949265,0.0005313195288181305,0.0,-0.051485538482666016,1.183482050895691,0.8425727233526242,5.289856433868408,2.7162277698516846,5.238370895385742,2.982783079147339,6.794793367385864,4.1949992179870605,,,,,,
8789316000.0,126.48,6.199999809265137,6391222784.0,2446.3056991240364,175.0,0.05126953125,2883584.0,5601.813885211945,0.0022175749763846397,0.0185546875,2.3392422199249268,-0.02301272749900818,0.6751948595046997,-0.02339242212474346,0.0003796890377998352,0.0,-0.02861935645341873,1.1560624837875366,0.8368504956020062,4.997032165527344,2.6114237308502197,4.96841287612915,2.862124443054199,6.697445869445801,4.182249069213867,,,,,,
8789316000.0,122.71,6.699999809265137,6391222784.0,2415.328141134968,176.0,0.0537109375,2899968.0,5608.597228527069,0.0034189228899776936,0.0306396484375,2.2424018383026123,-0.02177530527114868,0.849202036857605,-0.022424016147851944,0.0006487101782113314,0.0,-0.01710433140397072,1.2908838987350464,0.7852117392693961,4.968661308288574,2.5610721111297607,4.951557159423828,2.7853639125823975,6.783343315124512,4.205914497375488,,,,,,
8789316000.0,122.02,6.199999809265137,6391222784.0,2450.177941819882,177.0,0.0555419921875,2916352.0,5615.284089803696,0.004795221611857414,0.04901123046875,2.3005757331848145,-0.021252254024147987,0.7063041925430298,-0.023005757480859756,0.0017535043880343437,0.0,-0.01944541186094284,1.1857556104660034,0.8352162286186231,5.033339500427246,2.620818853378296,5.013894081115723,2.9210424423217773,6.686861276626587,4.195689916610718,,,,,,
8789316000.0,109.22,7.400000095367432,6391222784.0,2408.5363192307877,178.0,0.0543212890625,2932736.0,5622.0865614414215,0.005454463884234428,0.0616455078125,2.2557694911956787,-0.021049287170171738,0.6959095597267151,-0.022557692602276802,0.001508401706814766,0.0,0.0958416759967804,1.1765999794006348,0.8306622365955498,5.125850677490234,2.6415834426879883,5.221692085266113,2.859248638153076,6.80247163772583,4.2074480056762695,,,,,,
8789316000.0,103.93,6.900000095367432,6391222784.0,2375.6224686784135,179.0,0.05859375,2949120.0,5628.983280181885,0.005968080833554268,0.06005859375,2.2166004180908203,-0.018056167289614677,0.8115642666816711,-0.02216600440442562,0.004109835252165794,0.0,0.020503386855125427,1.2703779935836792,0.804958596757438,5.208486557006836,2.633350372314453,5.22899055480957,2.876535177230835,6.896718740463257,4.1840386390686035,,,,,,
8789316000.0,126.61,7.0,6391222784.0,2430.3990321901942,180.0,0.0653076171875,2965504.0,5635.724560022354,0.0038274885155260563,0.03692626953125,2.2329695224761963,-0.021623577922582626,0.7419593334197998,-0.022329697385430336,0.0007061151554808021,0.0,0.02635733224451542,1.215287208557129,0.8392933516943266,5.563036918640137,2.814061164855957,5.589394569396973,3.0315303802490234,6.74127984046936,4.201422214508057,,,,,,
8789316000.0,106.03,6.699999809265137,6391222784.0,2417.210158607057,181.0,0.064697265625,2981888.0,5642.502621889114,0.0029232106171548367,0.0277099609375,2.2650344371795654,-0.021795649081468582,0.7156357765197754,-0.02265034429728985,0.0008546952158212662,0.0,-0.0007513388991355896,1.19580078125,0.8446642583305831,5.441420555114746,2.7670931816101074,5.440669536590576,3.034052610397339,6.778061866760254,4.196027994155884,,,,,,
8789316000.0,105.41,7.599999904632568,6391222784.0,2396.496817241768,182.0,0.0787353515625,2998272.0,5649.339267730713,0.0027444418519735336,0.022705078125,2.1223835945129395,-0.020885014906525612,0.9028061628341675,-0.02122383378446102,0.00033881887793540955,0.0,0.0830191820859909,1.3394923210144043,0.793630701891339,5.848514556884766,2.7038767337799072,5.9315338134765625,2.9486122131347656,6.836645841598511,4.216273069381714,,,,,,
8789316000.0,88.56,6.400000095367432,6391222784.0,2436.689099222367,183.0,0.074462890625,3014656.0,5656.063145637512,0.0040470608510077,0.04022216796875,2.178471803665161,-0.020874399691820145,0.9709826707839966,-0.021784715354442596,0.0009103147312998772,0.0,-0.02391493320465088,1.3953914642333984,0.7777251179204432,5.697766304016113,2.644474744796753,5.673851013183594,2.9597208499908447,6.723877906799316,4.186387777328491,,,,,,
8789316000.0,74.46,8.0,6391222784.0,2429.734689337386,184.0,0.0885009765625,3031040.0,5662.806268692017,0.0021945228800177574,0.01702880859375,2.1313562393188477,-0.02054980769753456,0.9235813021659851,-0.021313561126589775,0.0007637524977326393,0.0,0.06996700167655945,1.3525654077529907,0.7935923570593912,6.21537971496582,2.679346799850464,6.285346984863281,2.977113723754883,6.7431230545043945,4.20357871055603,,,,,,
8789316000.0,77.04,7.400000095367432,6391222784.0,2431.613162784613,185.0,0.0848388671875,3047424.0,5669.544182538986,0.0037943467032164335,0.0390625,2.158078670501709,-0.020632775500416756,1.0387405157089233,-0.021580785512924194,0.0009480100125074387,0.0,-0.0020695808343589306,1.435210108757019,0.7691697743983289,6.2550764083862305,2.6627235412597656,6.253006458282471,2.9872334003448486,6.7379138469696045,4.1895692348480225,,,,,,
8789316000.0,78.75,6.5,6391222784.0,2432.9968123321305,186.0,0.0836181640625,3063808.0,5676.2782645225525,0.0026468182913959026,0.02484130859375,2.128556966781616,-0.020425714552402496,1.069984793663025,-0.021285567432641983,0.0008598491549491882,0.0,-0.1336514949798584,1.4600290060043335,0.7636400734499832,6.452245712280273,2.663381338119507,6.318593978881836,3.0031325817108154,6.734081983566284,4.202800750732422,,,,,,
8789316000.0,98.27,6.199999809265137,6391222784.0,2430.6454065633798,187.0,0.07080078125,3080192.0,5683.018861055374,0.002482777228578925,0.02520751953125,2.168896198272705,-0.020122244954109192,0.8214214444160461,-0.02168896235525608,0.0015667174011468887,0.0,-0.006990524008870125,1.27948796749115,0.803666741307425,5.742072105407715,2.5797181129455566,5.735081672668457,2.887615442276001,6.740596532821655,4.195574045181274,,,,,,
8789316000.0,84.32,5.699999809265137,6391222784.0,2421.1264741696746,188.0,0.072021484375,3096576.0,5689.785959005356,0.004451664164662361,0.044189453125,2.099264621734619,-0.020223060622811317,0.9847469329833984,-0.020992645993828773,0.0007695797830820084,0.0,-0.14528387784957886,1.4004969596862793,0.7746267008765734,5.7179059982299805,2.5482184886932373,5.572622299194336,2.9500608444213867,6.7670979499816895,4.1948771476745605,,,,,,
8789316000.0,81.55,6.900000095367432,6391222784.0,2332.64159401829,189.0,0.069580078125,3112960.0,5696.809755563736,0.0024886021856218576,0.02294921875,2.1840407848358154,-0.020386945456266403,0.8938067555427551,-0.021840408444404602,0.0014534646179527044,0.0,-0.08453116565942764,1.3344093561172485,0.7966095816506378,5.427759647369385,2.6035494804382324,5.343228816986084,2.9588563442230225,7.023796558380127,4.198069334030151,,,,,,
8789316000.0,97.01,6.900000095367432,6391222784.0,2373.034659830212,190.0,0.0634765625,3129344.0,5703.713995218277,0.0029050579760223627,0.02398681640625,2.1812150478363037,-0.021677076816558838,0.8001949787139893,-0.02181215025484562,0.00013506971299648285,0.0,-0.020792890340089798,1.2621781826019287,0.8166508087950513,5.154895782470703,2.6372528076171875,5.134102821350098,2.947685480117798,6.904239654541016,4.192312479019165,,,,,,
8789440000.0,95.99,6.400000095367432,6391222784.0,2391.05512881925,191.0,0.062255859375,3145728.0,5710.566200256348,0.004392306786030531,0.04766845703125,2.137284278869629,-0.01988700032234192,0.8935067653656006,-0.02137284353375435,0.001485846471041441,0.0,0.009725919924676418,1.3345119953155518,0.790804928373676,5.1840972900390625,2.601167917251587,5.193823337554932,2.917741537094116,6.852205038070679,4.199228525161743,,,,,,
,,,,,,,,,,,,,,,,,,,,,,,,,,0.02664707973599434,0.9804695248603821,0.8767489790916443,0.02664707973599434,0.9804695248603821,0.8767489790916443
,,,,,,,,,,,,,,,,,,,,,,,,,,0.02237212285399437,0.8865768909454346,0.8272122144699097,0.02237212285399437,0.8865768909454346,0.8272122144699097
,,,,,,,,,,,,,,,,,,,,,,,,,,0.021278757601976395,0.8656712174415588,0.8047664165496826,0.021278757601976395,0.8656712174415588,0.8047664165496826
,,,,,,,,,,,,,,,,,,,,,,,,,,0.020908277481794357,0.8319768309593201,0.7751902341842651,0.020908277481794357,0.8319768309593201,0.7751902341842651
,,,,,,,,,,,,,,,,,,,,,,,,,,0.02117694541811943,0.8224184513092041,0.7681067585945129,0.02117694541811943,0.8224184513092041,0.7681067585945129
,,,,,,,,,,,,,,,,,,,,,,,,,,0.020636463537812233,0.7948163151741028,0.7387198805809021,0.020636463537812233,0.7948163151741028,0.7387198805809021
8789440000.0,100.87,6.699999809265137,6188634112.0,18.454696682405228,192.0,0.0823974609375,3162112.0,6598.361880779266,0.0032248233910650015,0.0274658203125,2.1238179206848145,-0.020118460059165955,0.9489616751670837,-0.021238179877400398,0.0011197164421901107,0.0,0.1345025897026062,1.3765515089035034,0.8012225283184868,5.364156723022461,2.7843942642211914,5.498659133911133,3.0875132083892822,887.7956805229187,4.220927715301514,,,,,,
8789440000.0,96.15,6.400000095367432,6391222784.0,2445.9416523864043,193.0,0.06591796875,3178496.0,6605.060323476791,0.003114630002528429,0.0274658203125,2.1403846740722656,-0.020577777177095413,0.8544334173202515,-0.02140384539961815,0.0008260700851678848,0.0,0.04271998256444931,1.301820158958435,0.8023231710278582,5.362299919128418,2.6629297733306885,5.405019760131836,2.928013563156128,6.698442697525024,4.201310157775879,,,,,,
8789440000.0,96.76,5.599999904632568,6391222784.0,2418.2528502486925,194.0,0.0616455078125,3194880.0,6611.835462808609,0.002353557851165533,0.0185546875,2.1300644874572754,-0.02004624344408512,0.936063289642334,-0.02130064181983471,0.0012544011697173119,0.0,-0.08865129947662354,1.368302583694458,0.778565826854425,5.142976760864258,2.638537883758545,5.054325580596924,2.907768964767456,6.775139331817627,4.191489219665527,,,,,,
8789440000.0,91.38,6.599999904632568,6391222784.0,2411.6317879073013,195.0,0.0701904296875,3211264.0,6618.629203081131,0.005485931411385536,0.06207275390625,2.136946678161621,-0.019809022545814514,0.7558391690254211,-0.021369464695453644,0.0015604421496391296,0.0,0.07943681627511978,1.2233270406723022,0.83182963409197,5.2254557609558105,2.679431200027466,5.304892539978027,2.983100414276123,6.793740272521973,4.209840774536133,,,,,,
8789440000.0,84.41,6.599999904632568,6391222784.0,2385.585177043914,196.0,0.0775146484375,3227648.0,6625.497119665146,0.005369342397898436,0.056396484375,2.0803534984588623,-0.019044987857341766,0.8808414936065674,-0.020803537219762802,0.0017585474997758865,0.0,-0.032562483102083206,1.3287497758865356,0.8030353035769079,5.389801979064941,2.662360906600952,5.357239723205566,2.9939815998077393,6.867916584014893,4.190962076187134,,,,,,
8789440000.0,105.41,7.0,6391222784.0,2434.4568941442826,197.0,0.0738525390625,3244032.0,6632.227162837982,0.0038920878432691097,0.037109375,2.1321451663970947,-0.02068931609392166,0.8080228567123413,-0.021321449428796768,0.000632135197520256,0.0,0.10084328055381775,1.2761411666870117,0.8191837905829261,5.481952667236328,2.7544782161712646,5.582796096801758,3.0010972023010254,6.730043172836304,4.196717023849487,,,,,,
8789440000.0,87.54,6.800000190734863,6391222784.0,2425.556579326434,198.0,0.0701904296875,3260416.0,6638.981901168823,0.002912814961746335,0.02642822265625,2.1419243812561035,-0.022096477448940277,0.8078128695487976,-0.02141924574971199,-0.0006772298365831375,0.0,-0.015938714146614075,1.2689248323440552,0.8182614456015938,5.402976989746094,2.7129034996032715,5.387038230895996,2.976543426513672,6.7547383308410645,4.1974241733551025,,,,,,
8789440000.0,112.38,7.099999904632568,6391222784.0,2397.8985963113955,199.0,0.0653076171875,3276800.0,6645.81455039978,0.002525669289752841,0.021484375,2.1638269424438477,-0.021001946181058884,0.7774795889854431,-0.02163826860487461,0.0006363238207995892,0.0,0.06629469245672226,1.2452991008758545,0.8116294942085535,5.195255756378174,2.60099720954895,5.261550426483154,2.8692424297332764,6.832649230957031,4.192221641540527,,,,,,
8789440000.0,112.78,6.699999809265137,6391222784.0,2434.681836919078,200.0,0.0640869140625,3293184.0,6652.543971776962,0.0045926510356366634,0.048095703125,2.155200719833374,-0.020739253610372543,0.8890636563301086,-0.021552009508013725,0.000812755897641182,0.0,-0.03328584134578705,1.3338321447372437,0.7923446470561191,5.506224632263184,2.642317295074463,5.472938537597656,2.9270458221435547,6.729421377182007,4.1914544105529785,,,,,,
8789440000.0,87.28,6.599999904632568,6391222784.0,2393.2488393507992,201.0,0.068359375,3309568.0,6659.389895915985,0.004567624535411596,0.0447998046875,2.2213494777679443,-0.020004790276288986,0.9107968807220459,-0.022213496267795563,0.0022087059915065765,0.0,-0.02448052540421486,1.343928337097168,0.7836276129414225,5.492053985595703,2.593822956085205,5.467573165893555,2.889183282852173,6.845924139022827,4.188555717468262,,,,,,
8789440000.0,93.37,7.300000190734863,6391222784.0,2406.267068615305,202.0,0.068359375,3325952.0,6666.198782682419,0.004047257825732231,0.0380859375,2.1244771480560303,-0.020795686170458794,0.8659293055534363,-0.021244771778583527,0.00044908374547958374,0.0,0.07874725759029388,1.307519555091858,0.7865068426611602,5.590254783630371,2.5101118087768555,5.669001579284668,2.8298020362854004,6.808886766433716,4.19823956489563,,,,,,
8789440000.0,78.99,6.699999809265137,6391222784.0,2418.442380189146,203.0,0.0848388671875,3342336.0,6672.973391056061,0.004191700369119644,0.0428466796875,2.1922972202301025,-0.02075965702533722,0.9595774412155151,-0.021922970190644264,0.0011633168905973434,0.0,0.07953587174415588,1.3818546533584595,0.7920244034050868,5.638293743133545,2.6930129528045654,5.717829704284668,3.030094623565674,6.774608373641968,4.189864873886108,,,,,,
8789440000.0,85.12,6.0,6391222784.0,2391.94465209558,204.0,0.0677490234375,3358720.0,6679.823047876358,0.0024046003818511963,0.0186767578125,2.169804334640503,-0.020338503643870354,0.8754335045814514,-0.021698040887713432,0.0013595381751656532,0.0,0.006913236808031797,1.31650710105896,0.7935538400513137,5.460748195648193,2.5813329219818115,5.467660903930664,2.897474527359009,6.849656820297241,4.199167251586914,,,,,,
8789440000.0,89.03,6.5,6391222784.0,2443.0827678802702,205.0,0.0762939453125,3375104.0,6686.529329061508,0.002930225105956197,0.02691650390625,2.116734266281128,-0.020780304446816444,1.0199006795883179,-0.021167341619729996,0.000387030653655529,0.0,0.005613705143332481,1.4145435094833374,0.7536381182738461,5.7814435958862305,2.5907058715820312,5.787057399749756,2.8498992919921875,6.7062811851501465,4.195108652114868,,,,,,
8789440000.0,87.53,7.400000095367432,6391222784.0,2395.216805404057,206.0,0.0787353515625,3391488.0,6693.369628429413,0.00425487756729126,0.046630859375,2.15327787399292,-0.021956661716103554,0.9917012453079224,-0.021532777696847916,-0.0004238816909492016,0.0,0.02513236552476883,1.4064137935638428,0.7523194237773185,5.913349151611328,2.5008363723754883,5.938481330871582,2.8259665966033936,6.840299367904663,4.188298940658569,,,,,,
8789440000.0,98.23,7.199999809265137,6391222784.0,2414.160746248344,207.0,0.0823974609375,3407872.0,6700.156251907349,0.004498743452131748,0.0440673828125,2.069666862487793,-0.0180697999894619,0.9371969103813171,-0.020696667954325676,0.0026268651708960533,0.0,0.08504872024059296,1.3611572980880737,0.7623888077072357,6.098832607269287,2.4851176738739014,6.183880805969238,2.7923812866210938,6.786623477935791,4.20637845993042,,,,,,
8789440000.0,90.42,7.699999809265137,6391222784.0,2424.771328455596,208.0,0.08056640625,3424256.0,6706.913177728653,0.006182432174682617,0.07012939453125,2.188638925552368,-0.019051093608140945,0.8572758436203003,-0.021886387839913368,0.002835296094417572,0.0,0.06263674795627594,1.3017163276672363,0.7661161390325856,5.911927223205566,2.429060459136963,5.9745635986328125,2.6916351318359375,6.756925821304321,4.1898462772369385,,,,,,
8789440000.0,84.85,7.199999809265137,6391222784.0,2435.3986879721256,209.0,0.078125,3440640.0,6713.64061832428,0.0047421883791685104,0.04803466796875,2.1542487144470215,-0.019967909902334213,0.9632859826087952,-0.021542489528656006,0.0015745814889669418,0.0,0.023238573223352432,1.3863866329193115,0.7332890176561275,6.203868865966797,2.332550048828125,6.227107048034668,2.684501886367798,6.727440595626831,4.20861554145813,,,,,,
8789440000.0,94.22,6.900000095367432,6391222784.0,2436.8446315322435,210.0,0.072021484375,3457024.0,6720.364067077637,0.0032853051088750362,0.029541015625,2.2043814659118652,-0.021862024441361427,0.8805617094039917,-0.02204381301999092,0.00018179230391979218,0.0,-0.10569804161787033,1.3206079006195068,0.7705418400119703,6.057807922363281,2.4399032592773438,5.952109336853027,2.756906747817993,6.723448753356934,4.195517063140869,,,,,,
8789440000.0,92.33,6.5,6391222784.0,2435.452460187208,211.0,0.0640869140625,3473408.0,6727.091359138489,0.0031226607970893383,0.027587890625,2.260446071624756,-0.02237791195511818,0.8346595764160156,-0.022604461759328842,0.00022654980421066284,0.0,-0.1070728749036789,1.285724401473999,0.7874530646707005,5.853226661682129,2.4417078495025635,5.746153831481934,2.788820266723633,6.727292060852051,4.195309400558472,,,,,,
8789440000.0,107.65,6.699999809265137,6391222784.0,2339.316919568654,212.0,0.068359375,3489792.0,6734.095113039017,0.002266491763293743,0.01226806640625,2.263946771621704,-0.02143147960305214,0.8803722262382507,-0.02263946458697319,0.0012079887092113495,0.0,-0.09390214830636978,1.3110374212265015,0.7756309023565771,6.045346736907959,2.4458463191986084,5.951444625854492,2.767793655395508,7.003753900527954,4.199975490570068,,,,,,
8789440000.0,98.43,7.199999809265137,6391222784.0,2327.0062144948533,213.0,0.06591796875,3506176.0,6741.135919332504,0.003150428645312786,0.02752685546875,2.2565784454345703,-0.02188514731824398,0.7522454261779785,-0.02256578579545021,0.0006806389428675175,0.0,-0.028166264295578003,1.2193926572799683,0.7949593914873563,5.984415054321289,2.453965902328491,5.956249237060547,2.6929214000701904,7.040806293487549,4.190962314605713,,,,,,
8789440000.0,105.68,7.599999904632568,6391222784.0,2355.1273516367282,214.0,0.0665283203125,3522560.0,6748.092655658722,0.0015424506273120642,0.01177978515625,2.2681186199188232,-0.021557960659265518,0.6225519180297852,-0.022681185975670815,0.001123223453760147,0.0,0.012077562510967255,1.1157442331314087,0.8328953222085165,5.803964614868164,2.432823419570923,5.816041946411133,2.7294199466705322,6.956736326217651,4.214410781860352,,,,,,
8789440000.0,114.14,7.199999809265137,6391222784.0,2427.8598021823277,215.0,0.0634765625,3538944.0,6754.8409860134125,0.0031909418758004904,0.0322265625,2.313863754272461,-0.022313525900244713,0.7078251838684082,-0.023138636723160744,0.0008251089602708817,0.0,0.013098128139972687,1.1892468929290771,0.8163017024106903,5.638877868652344,2.527961492538452,5.651975631713867,2.7747206687927246,6.748330354690552,4.191272974014282,,,,,,
8789440000.0,122.02,7.5,6391222784.0,2400.8593945833377,216.0,0.05615234375,3555328.0,6761.665209054947,0.0026635797694325447,0.0264892578125,2.2636120319366455,-0.022195177152752876,0.6265748739242554,-0.02263612113893032,0.0004409477114677429,0.0,0.04710714891552925,1.1081806421279907,0.8285598523439409,5.493788242340088,2.4495129585266113,5.540895462036133,2.676419973373413,6.824223041534424,4.196595191955566,,,,,,
8789440000.0,127.32,6.300000190734863,6391222784.0,2431.0774989682345,217.0,0.0506591796875,3571712.0,6768.404607534409,0.003427634248510003,0.0325927734375,2.3290185928344727,-0.02280297875404358,0.7044357657432556,-0.023290181532502174,0.0004872002173215151,0.0,-0.04887079447507858,1.1737905740737915,0.802443562298611,5.428895950317383,2.3836309909820557,5.3800249099731445,2.640857696533203,6.73939847946167,4.195985555648804,,,,,,
8789440000.0,131.43,7.099999904632568,6391222784.0,2428.957892287551,218.0,0.05126953125,3588096.0,6775.149887084961,0.0028382157906889915,0.02825927734375,2.365823268890381,-0.02364857867360115,0.6620736122131348,-0.023658232763409615,9.65222716331482e-06,0.0,-0.0010638274252414703,1.1424390077590942,0.8119239114342728,5.356725215911865,2.4345061779022217,5.355661392211914,2.6343061923980713,6.745279550552368,4.192478656768799,,,,,,
8789440000.0,127.28,7.199999809265137,6391222784.0,2393.75145077003,219.0,0.05615234375,3604480.0,6781.99437379837,0.0026363725773990154,0.01904296875,2.3174312114715576,-0.022151773795485497,0.6394582986831665,-0.023174313828349113,0.001022540032863617,0.0,0.055090516805648804,1.1232112646102905,0.8223223816708958,5.398256301879883,2.429189443588257,5.4533467292785645,2.664680242538452,6.844486713409424,4.205754995346069,,,,,,
8789440000.0,115.42,7.5,6391222784.0,2340.135843195811,220.0,0.0518798828125,3620864.0,6788.995676755905,0.0018277084454894066,0.013916015625,2.3614954948425293,-0.02341321110725403,0.5355961322784424,-0.023614952340722084,0.00020174216479063034,0.0,0.028042413294315338,1.0337802171707153,0.8532894920098992,5.333967208862305,2.445044755935669,5.362009525299072,2.698967456817627,7.00130295753479,4.205393075942993,,,,,,
8789440000.0,149.77,7.0,6391222784.0,2365.0411199532386,221.0,0.0531005859375,3637248.0,6795.923251867294,0.001938102999702096,0.01202392578125,2.312312364578247,-0.022521670907735825,0.5993019938468933,-0.02312312461435795,0.0006014518439769745,0.0,0.021604839712381363,1.0907665491104126,0.823913136936054,5.518467903137207,2.347913980484009,5.540072441101074,2.5993707180023193,6.92757511138916,4.200227975845337,,,,,,
8789440000.0,141.72,6.199999809265137,6391222784.0,2339.720892732888,222.0,0.050048828125,3653632.0,6802.925796508789,0.0019036817830055952,0.01214599609375,2.2674560546875,-0.021743524819612503,0.7927132844924927,-0.02267456240952015,0.0009310356108471751,0.0,-0.026112277060747147,1.2539823055267334,0.7562081132939094,5.5593438148498535,2.2496860027313232,5.533230781555176,2.5396952629089355,7.002544641494751,4.19526743888855,,,,,,
8789456000.0,106.81,7.800000190734863,6391222784.0,2414.763309612929,223.0,0.0640869140625,3670016.0,6809.7107264995575,0.0026708925142884254,0.0220947265625,2.305042028427124,-0.022698262706398964,0.722967803478241,-0.023050418123602867,0.0003521628677845001,0.0,0.08130437135696411,1.1925214529037476,0.802297936489006,5.817931175231934,2.4042885303497314,5.899235248565674,2.6820108890533447,6.784929990768433,4.202885627746582,,,,,,
,,,,,,,,,,,,,,,,,,,,,,,,,,0.01838802732527256,0.9212648868560791,0.838534951210022,0.01838802732527256,0.9212648868560791,0.838534951210022
,,,,,,,,,,,,,,,,,,,,,,,,,,0.015371330082416534,0.8424931168556213,0.7994392514228821,0.015371330082416534,0.8424931168556213,0.7994392514228821
,,,,,,,,,,,,,,,,,,,,,,,,,,0.015198631212115288,0.8148214817047119,0.7803263664245605,0.015198631212115288,0.8148214817047119,0.7803263664245605
,,,,,,,,,,,,,,,,,,,,,,,,,,0.015200445428490639,0.7935810089111328,0.7488216161727905,0.015200445428490639,0.7935810089111328,0.7488216161727905
,,,,,,,,,,,,,,,,,,,,,,,,,,0.015943920239806175,0.7868199348449707,0.7356855273246765,0.015943920239806175,0.7868199348449707,0.7356855273246765
,,,,,,,,,,,,,,,,,,,,,,,,,,0.015302227810025215,0.7672592401504517,0.7169871926307678,0.015302227810025215,0.7672592401504517,0.7169871926307678
8789456000.0,111.55,7.199999809265137,6188634112.0,18.464574969876175,224.0,0.0653076171875,3686400.0,7697.031448841095,0.002439923584461212,0.01519775390625,2.309542417526245,-0.022281315177679062,0.7151563763618469,-0.023095425218343735,0.0008141119033098221,0.0,0.004263795912265778,1.1841298341751099,0.8108360380695202,5.718756198883057,2.431303024291992,5.723019599914551,2.722576141357422,887.3207223415375,4.208497047424316,,,,,,
8789456000.0,122.94,7.800000190734863,6391222784.0,2458.0681653389647,225.0,0.0634765625,3702784.0,7703.696845769882,0.0029974589124321938,0.0269775390625,2.289949893951416,-0.023033851757645607,0.7073708772659302,-0.022899501025676727,-0.0001343507319688797,0.0,0.10876575112342834,1.1901614665985107,0.7975619887670651,5.565716743469238,2.401700973510742,5.674482345581055,2.6452081203460693,6.6653969287872314,4.197343111038208,,,,,,
8789456000.0,92.21,6.800000190734863,6391222784.0,2404.0401873780283,226.0,0.0616455078125,3719168.0,7710.5120396614075,0.0026927790604531765,0.0240478515625,2.3142640590667725,-0.02199365757405758,0.8354911804199219,-0.02314264141023159,0.0011489847674965858,0.0,-0.05098891258239746,1.2917759418487549,0.7949613997389381,5.557687759399414,2.568148136138916,5.506699085235596,2.852787971496582,6.8151938915252686,4.1860456466674805,,,,,,
8789456000.0,119.96,7.0,6391222784.0,2354.921226085776,227.0,0.057373046875,3735552.0,7717.469384908676,0.0025491705164313316,0.0233154296875,2.3157176971435547,-0.02194247767329216,0.6696624159812927,-0.02315717749297619,0.001214703544974327,0.0,-0.03038628399372101,1.159296989440918,0.8391710366597624,5.456124305725098,2.6182286739349365,5.425737380981445,2.890763282775879,6.957345247268677,4.218847274780273,,,,,,
8789456000.0,97.53,7.199999809265137,6391222784.0,2325.340829343588,228.0,0.0604248046875,3751936.0,7724.515233755112,0.0028476971201598644,0.02703857421875,2.316315174102783,-0.02286013402044773,0.7448092103004456,-0.02316315285861492,0.00030302139930427074,0.0,0.010450554080307484,1.2193199396133423,0.8112332962983901,5.277342796325684,2.570892810821533,5.287793159484863,2.8064351081848145,7.045848846435547,4.2079150676727295,,,,,,
8789456000.0,104.8,7.199999809265137,6391222784.0,2407.663095576194,229.0,0.0616455078125,3768320.0,7731.320172548294,0.003648784477263689,0.03253173828125,2.2782530784606934,-0.02211851440370083,0.8290390968322754,-0.02278253063559532,0.0006640180945396423,0.0,-0.044106751680374146,1.2862796783447266,0.8104501048909899,5.491008758544922,2.621411085128784,5.446902275085449,2.954429864883423,6.804938793182373,4.204453229904175,,,,,,
8789456000.0,95.13,7.0,6391222784.0,2423.026598208357,230.0,0.05859375,3784704.0,7738.081963777542,0.0037292141932994127,0.0400390625,2.358023166656494,-0.02097243070602417,0.7086727023124695,-0.023580234497785568,0.0026078009977936745,0.0,-0.020159870386123657,1.1911616325378418,0.8277990267790601,5.292949676513672,2.6178719997406006,5.27278995513916,2.870469331741333,6.761791229248047,4.19926905632019,,,,,,
8789456000.0,135.31,7.0,6391222784.0,2359.7432947857587,231.0,0.054931640625,3801088.0,7745.02509188652,0.00523012550547719,0.0557861328125,2.3031678199768066,-0.022180598229169846,0.6264755725860596,-0.023031678050756454,0.0008510798215866089,0.0,0.024728327989578247,1.1163138151168823,0.8567688887810827,5.1967692375183105,2.70883846282959,5.221497058868408,2.9496302604675293,6.9431281089782715,4.200846195220947,,,,,,
8789456000.0,125.68,6.599999904632568,6391222784.0,2384.927888386746,232.0,0.05615234375,3817472.0,7751.894901275635,0.002924417145550251,0.02703857421875,2.348163604736328,-0.020560411736369133,0.6764010190963745,-0.023481637239456177,0.0029212236404418945,0.0,-0.020349590107798576,1.162097692489624,0.8351802627836377,5.310516357421875,2.6239352226257324,5.290166854858398,2.86245059967041,6.86980938911438,4.21181845664978,,,,,,
8789456000.0,128.2,6.400000095367432,6391222784.0,2394.259612117931,233.0,0.0543212890625,3833856.0,7758.737935304642,0.007320538628846407,0.08538818359375,2.2796664237976074,-0.02172943763434887,0.7323799729347229,-0.022796666249632835,0.0010672304779291153,0.0,-0.01773267239332199,1.2071516513824463,0.8189492153238584,5.558648109436035,2.6124958992004395,5.540915489196777,2.8370163440704346,6.843034029006958,4.191709756851196,,,,,,
8789456000.0,122.8,7.0,6391222784.0,2429.8171646250435,234.0,0.062255859375,3850240.0,7765.48082947731,0.005071106366813183,0.0570068359375,2.275744915008545,-0.021080391481518745,0.708574116230011,-0.022757450118660927,0.0016770567744970322,0.0,-0.03881169483065605,1.187296986579895,0.829836343683042,5.871807098388672,2.6246964931488037,5.8329949378967285,2.878232717514038,6.742894172668457,4.203593969345093,,,,,,
8789456000.0,128.39,7.800000190734863,6391222784.0,2414.381953776882,235.0,0.0494384765625,3866624.0,7772.266831159592,0.004420566372573376,0.041748046875,2.3430633544921875,-0.023003343492746353,0.5748456120491028,-0.023430634289979935,0.00042729172855615616,0.0,0.10262523591518402,1.0690276622772217,0.8340697379334975,5.560665130615234,2.4600868225097656,5.663290977478027,2.6243772506713867,6.786001682281494,4.200466632843018,,,,,,
8789456000.0,142.16,7.0,6391222784.0,2444.516896037519,236.0,0.0531005859375,3883008.0,7778.9691779613495,0.0026479526422917843,0.02484130859375,2.367983341217041,-0.023078106343746185,0.6277682781219482,-0.023679833859205246,0.0006017270497977734,0.0,-0.037765052169561386,1.1108119487762451,0.834869308297216,5.818151950836182,2.509687662124634,5.780386924743652,2.7335479259490967,6.7023468017578125,4.19756007194519,,,,,,
8789456000.0,141.9,7.099999904632568,6391222784.0,2433.95230415965,237.0,0.042724609375,3899392.0,7785.700616359711,0.002821224508807063,0.02630615234375,2.3332149982452393,-0.02249959483742714,0.5489116907119751,-0.023332148790359497,0.0008325530216097832,0.0,0.01969268172979355,1.0416536331176758,0.8429084922503909,5.291927814483643,2.4436683654785156,5.311620712280273,2.62813138961792,6.731438398361206,4.1992223262786865,,,,,,
8789456000.0,154.04,7.300000190734863,6391222784.0,2421.903390764576,238.0,0.0469970703125,3915776.0,7792.46554350853,0.0029199174605309963,0.02655029296875,2.305123805999756,-0.022604957222938538,0.5512083172798157,-0.02305123768746853,0.0004462841898202896,0.0,0.04859829321503639,1.0400751829147339,0.8466324170252466,5.256202697753906,2.4587278366088867,5.304800987243652,2.6558144092559814,6.76492714881897,4.203604459762573,,,,,,
8789456000.0,138.12,7.199999809265137,6391222784.0,2378.982510433486,239.0,0.0506591796875,3932160.0,7799.352521419525,0.0033625499345362186,0.0382080078125,2.28369402885437,-0.02239607647061348,0.6081750988960266,-0.022836942225694656,0.0004408610984683037,0.0,0.02239701710641384,1.0805550813674927,0.8546711875138013,5.510765075683594,2.596646308898926,5.5331621170043945,2.834465265274048,6.886977910995483,4.200725555419922,,,,,,
8789456000.0,125.76,7.199999809265137,6391222784.0,2365.8511958467016,240.0,0.050048828125,3948544.0,7806.277724504471,0.0023587653413414955,0.0172119140625,2.3271431922912598,-0.021888788789510727,0.5845386981964111,-0.023271432146430016,0.0013826433569192886,0.0,-0.0319608673453331,1.0660922527313232,0.8449967329359854,5.288887977600098,2.5260677337646484,5.256927013397217,2.70784854888916,6.925203084945679,4.202587604522705,,,,,,
8789456000.0,154.46,7.599999904632568,6391222784.0,2379.6955274126944,241.0,0.047607421875,3964928.0,7813.162638902664,0.005023419391363859,0.05401611328125,2.2595129013061523,-0.022511593997478485,0.527488112449646,-0.022595128044486046,8.35321843624115e-05,0.0,0.0523742251098156,1.0101571083068848,0.8663215167361502,5.195195198059082,2.5609652996063232,5.247569561004639,2.7628564834594727,6.884914398193359,4.206249952316284,,,,,,
8789456000.0,148.63,6.199999809265137,6391222784.0,2329.3172101685504,242.0,0.040283203125,3981312.0,7820.196459770203,0.0044536348432302475,0.04913330078125,2.3081111907958984,-0.020117545500397682,0.5721810460090637,-0.023081112653017044,0.002963567618280649,0.0,-0.03181638568639755,1.0582990646362305,0.8551740066331753,5.0522308349609375,2.5550689697265625,5.02041482925415,2.7808992862701416,7.033820867538452,4.2003655433654785,,,,,,
8789456000.0,149.52,6.5,6391222784.0,2360.5936132952725,243.0,0.054931640625,3997696.0,7827.137086868286,0.0025518189650028944,0.01763916015625,2.248305559158325,-0.020590566098690033,0.655880331993103,-0.022483056411147118,0.0018924921751022339,0.0,-0.023887425661087036,1.1436936855316162,0.8380352072889306,5.447744369506836,2.5868313312530518,5.423856735229492,2.8418378829956055,6.940627098083496,4.200875997543335,,,,,,
8789456000.0,109.7,7.599999904632568,6391222784.0,2391.656366758146,244.0,0.0531005859375,4014080.0,7833.987569332123,0.003128442680463195,0.02362060546875,2.242784023284912,-0.021641051396727562,0.5509713888168335,-0.022427840158343315,0.0007867848034948111,0.0,0.06557589769363403,1.048341989517212,0.862452661805456,5.2596116065979,2.625298023223877,5.325187683105469,2.826681613922119,6.85048246383667,4.206692457199097,,,,,,
8789456000.0,156.37,7.0,6391222784.0,2383.1697528233253,245.0,0.05615234375,4030464.0,7840.862446784973,0.004130150657147169,0.03704833984375,2.2410926818847656,-0.0204765722155571,0.6946972012519836,-0.022410923615098,0.0019343513995409012,0.0,0.011437900364398956,1.173120379447937,0.8228742915117409,5.329938888549805,2.5381674766540527,5.341377258300781,2.7874157428741455,6.874877452850342,4.197660207748413,,,,,,
8789456000.0,105.81,6.900000095367432,6391222784.0,2409.4476006897835,246.0,0.0537109375,4046848.0,7847.662345647812,0.003363726893439889,0.03265380859375,2.2594571113586426,-0.019910916686058044,0.6176348328590393,-0.022594571113586426,0.0026836562901735306,0.0,-0.08905525505542755,1.107208013534546,0.855445451483418,5.3976240158081055,2.662324905395508,5.308568954467773,2.9121479988098145,6.799898862838745,4.200542211532593,,,,,,
8789456000.0,152.53,6.599999904632568,6391222784.0,2408.3690176527225,247.0,0.0482177734375,4063232.0,7854.4652898311615,0.00251528387889266,0.02166748046875,2.2663707733154297,-0.021773722022771835,0.5886861085891724,-0.02266370877623558,0.0008899839594960213,0.0,-0.04242609441280365,1.073952555656433,0.8474130450916508,5.4186811447143555,2.5388894081115723,5.376255035400391,2.749326705932617,6.802944183349609,4.192974328994751,,,,,,
8789456000.0,124.72,7.599999904632568,6391222784.0,2422.408632638969,248.0,0.0616455078125,4079616.0,7861.228806018829,0.004263491369783878,0.04364013671875,2.2241322994232178,-0.02150542289018631,0.7171757221221924,-0.022241324186325073,0.0007358998991549015,0.0,0.016762126237154007,1.197598934173584,0.8131129504475532,5.9038286209106445,2.5381150245666504,5.920590877532959,2.770267963409424,6.763516187667847,4.206902503967285,,,,,,
8789456000.0,135.14,6.099999904632568,6391222784.0,2436.100675533876,249.0,0.0579833984375,4096000.0,7867.9543080329895,0.0028539379127323627,0.023681640625,2.1776657104492188,-0.021006479859352112,0.7819040417671204,-0.021776655688881874,0.0007701760623604059,0.0,-0.08377388119697571,1.241140604019165,0.7976643669802981,5.7529497146606445,2.458813428878784,5.66917610168457,2.759211540222168,6.725502014160156,4.2057178020477295,,,,,,
8789456000.0,116.07,6.800000190734863,6391222784.0,2437.733188000004,250.0,0.0543212890625,4112384.0,7874.675306081772,0.0025192464236170053,0.0201416015625,2.2749063968658447,-0.021461904048919678,0.662187933921814,-0.02274906449019909,0.0012871595099568367,0.0,0.021345045417547226,1.148703694343567,0.8332587716107647,5.239530086517334,2.563983201980591,5.2608747482299805,2.813108205795288,6.720998048782349,4.183308124542236,,,,,,
8789456000.0,117.83,6.099999904632568,6391222784.0,2388.176294347889,251.0,0.04638671875,4128768.0,7881.5357711315155,0.0021172892302274704,0.01495361328125,2.295978546142578,-0.02286759950220585,0.637090802192688,-0.022959787398576736,9.218696504831314e-05,0.0,-0.07803336530923843,1.121720314025879,0.8356677775454802,4.867250442504883,2.541644334793091,4.789217472076416,2.767090082168579,6.860465049743652,4.188862085342407,,,,,,
8789456000.0,125.29,6.800000190734863,6391222784.0,2381.0028871612244,252.0,0.045166015625,4145152.0,7888.416905164719,0.0033259852789342403,0.02911376953125,2.238178253173828,-0.02214772067964077,0.5515491962432861,-0.022381780669093132,0.0002340618520975113,0.0,-0.013215074315667152,1.0472168922424316,0.8427380587087396,4.771256923675537,2.372030735015869,4.758041858673096,2.640735626220703,6.881134033203125,4.183117628097534,,,,,,
8789456000.0,116.85,7.199999809265137,6391222784.0,2400.1039658073387,253.0,0.0604248046875,4161536.0,7895.243276119232,0.004562563728541136,0.0421142578125,2.1500697135925293,-0.02029423601925373,0.7488646507263184,-0.02150069549679756,0.001206458080559969,0.0,0.08670023083686829,1.219544768333435,0.8181942944313294,5.280161380767822,2.620643138885498,5.366861820220947,2.860184669494629,6.82637095451355,4.192524194717407,,,,,,
8789456000.0,120.68,7.699999809265137,6391222784.0,2385.8172477847006,254.0,0.0634765625,4177920.0,7902.110524654388,0.0036501723807305098,0.0306396484375,2.155186176300049,-0.02017282508313656,0.6946439146995544,-0.021551860496401787,0.0013790363445878029,0.0,0.05545717477798462,1.1831574440002441,0.8315839437730524,5.538768768310547,2.6862058639526367,5.594225883483887,2.8830406665802,6.86724853515625,4.192028522491455,,,,,,
8789456000.0,114.37,6.900000095367432,6391222784.0,2390.4683292885456,255.0,0.0677490234375,4194304.0,7908.964411735535,0.004472748376429081,0.0433349609375,2.1738946437835693,-0.01892929896712303,0.7235846519470215,-0.021738944575190544,0.0028096456080675125,0.0,-0.01214339304715395,1.1949554681777954,0.8274803737905705,5.815948009490967,2.6300156116485596,5.803804874420166,2.876951217651367,6.85388708114624,4.187847852706909,,,,,,
,,,,,,,,,,,,,,,,,,,,,,,,,,0.026291612535715103,0.7358281016349792,0.6651215553283691,0.026291612535715103,0.7358281016349792,0.6651215553283691
,,,,,,,,,,,,,,,,,,,,,,,,,,0.023235678672790527,0.6738330125808716,0.6316142082214355,0.023235678672790527,0.6738330125808716,0.6316142082214355
,,,,,,,,,,,,,,,,,,,,,,,,,,0.02272733300924301,0.6526584029197693,0.6159582734107971,0.02272733300924301,0.6526584029197693,0.6159582734107971
,,,,,,,,,,,,,,,,,,,,,,,,,,0.022588176652789116,0.6315553784370422,0.5885883569717407,0.022588176652789116,0.6315553784370422,0.5885883569717407
,,,,,,,,,,,,,,,,,,,,,,,,,,0.022054357454180717,0.6130589842796326,0.5666733980178833,0.022054357454180717,0.6130589842796326,0.5666733980178833
,,,,,,,,,,,,,,,,,,,,,,,,,,0.022281603887677193,0.5990530252456665,0.5533267259597778,0.022281603887677193,0.5990530252456665,0.5533267259597778
8789492000.0,112.21,6.900000095367432,6188634112.0,18.444562162730747,256.0,0.074462890625,4210688.0,8797.247899055481,0.0037103001959621906,0.0323486328125,2.1219394207000732,-0.020297400653362274,0.8752319812774658,-0.021219393238425255,0.000921991653740406,0.0,0.07171234488487244,1.3175233602523804,0.7939984251004648,5.459272384643555,2.6458349227905273,5.530984878540039,2.9028401374816895,888.2834873199463,4.214124441146851,,,,,,
8789492000.0,84.77,7.300000190734863,6391222784.0,2365.3596613544687,257.0,0.064697265625,4227072.0,8804.17454123497,0.004286398179829121,0.0450439453125,2.244530200958252,-0.02030346915125847,0.6976304054260254,-0.022445302456617355,0.0021418342366814613,0.0,0.03996872901916504,1.1853712797164917,0.8267996741746553,5.204621315002441,2.6175954341888428,5.244589805603027,2.8482635021209717,6.926642179489136,4.1913838386535645,,,,,,
8789492000.0,114.15,7.300000190734863,6391222784.0,2392.3133723224432,258.0,0.0665283203125,4243456.0,8811.023142337799,0.002152946311980486,0.013427734375,2.233374834060669,-0.02116072177886963,0.730190098285675,-0.022333748638629913,0.0011730268597602844,0.0,0.03661108762025833,1.201712965965271,0.8260718881164807,5.4920430183410645,2.644174337387085,5.528654098510742,2.881481885910034,6.8486011028289795,4.19684910774231,,,,,,
8789492000.0,113.3,6.599999904632568,6391222784.0,2399.628345860592,259.0,0.0592041015625,4259840.0,8817.850866317749,0.0033430298790335655,0.033935546875,2.2710394859313965,-0.02262939140200615,0.7136008739471436,-0.022710394114255905,8.100410923361778e-05,0.0,0.003295892383903265,1.1910775899887085,0.8201424358930229,5.270545959472656,2.583314895629883,5.273841857910156,2.8085086345672607,6.827723979949951,4.196340560913086,,,,,,
8789492000.0,109.47,7.599999904632568,6391222784.0,2413.6323193729118,260.0,0.0701904296875,4276224.0,8824.63897562027,0.002307262271642685,0.02069091796875,2.187617301940918,-0.02019629441201687,0.7231751084327698,-0.021876171231269836,0.001679878681898117,0.0,0.09297017753124237,1.1867239475250244,0.8209611457553851,5.7837324142456055,2.551166296005249,5.876702785491943,2.804633617401123,6.788109302520752,4.200728893280029,,,,,,
8789492000.0,97.86,7.199999809265137,6391222784.0,2380.2937861874434,261.0,0.0640869140625,4292608.0,8831.522159576416,0.0024149646051228046,0.0186767578125,2.2185635566711426,-0.02095024101436138,0.745485782623291,-0.022185636684298515,0.001235397532582283,0.0,-0.05828364938497543,1.213667631149292,0.816280212157896,5.879945278167725,2.6218836307525635,5.821661949157715,2.8315346240997314,6.88318395614624,4.205146789550781,,,,,,
8789492000.0,124.22,6.900000095367432,6391222784.0,2399.422232603969,262.0,0.06103515625,4308992.0,8838.35047006607,0.004026543349027634,0.041259765625,2.1887083053588867,-0.02015353925526142,0.8152721524238586,-0.02188708260655403,0.0017335442826151848,0.0,0.03197770565748215,1.2657744884490967,0.7845216653368374,5.881064414978027,2.4867584705352783,5.913042068481445,2.7268078327178955,6.828310489654541,4.20844030380249,,,,,,
8789492000.0,99.85,8.199999809265137,6391222784.0,2381.8884955053472,263.0,0.0701904296875,4325376.0,8845.229045629501,0.0020702104084193707,0.01593017578125,2.1958565711975098,-0.021645141765475273,0.680991530418396,-0.021958565339446068,0.00031342171132564545,0.0,0.09462503343820572,1.1705522537231445,0.8110926765705202,6.117151260375977,2.510486364364624,6.211776256561279,2.6931865215301514,6.878575563430786,4.189452886581421,,,,,,
8789492000.0,113.59,7.400000095367432,6391222784.0,2409.1745070374936,264.0,0.0750732421875,4341760.0,8852.029715299606,0.0026306065265089273,0.024658203125,2.190054178237915,-0.020988577976822853,0.75766521692276,-0.021900542080402374,0.000911962240934372,0.0,0.009318542666733265,1.2281543016433716,0.8050556789182064,6.1185808181762695,2.5125744342803955,6.127899646759033,2.781618595123291,6.8006696701049805,4.194278240203857,,,,,,
8789492000.0,114.43,7.199999809265137,6391222784.0,2414.5333787713184,265.0,0.0579833984375,4358144.0,8858.815291404724,0.003079669550061226,0.02838134765625,2.213632106781006,-0.02142898179590702,0.7164069414138794,-0.022136319428682327,0.0007073357701301575,0.0,0.01526675932109356,1.190753698348999,0.7822474003861036,5.926603317260742,2.3130760192871094,5.941870212554932,2.551762819290161,6.785576105117798,4.204478025436401,,,,,,
8789492000.0,115.18,6.800000190734863,6391222784.0,2433.375799794252,266.0,0.0604248046875,4374528.0,8865.548324584961,0.0038598133251070976,0.03594970703125,2.1352176666259766,-0.020567305386066437,0.7742530703544617,-0.021352175623178482,0.000784869771450758,0.0,0.003769627772271633,1.2433780431747437,0.7530479782906758,5.895705699920654,2.246166467666626,5.89947509765625,2.5020551681518555,6.733033180236816,4.192082405090332,,,,,,
8789492000.0,98.76,7.300000190734863,6391222784.0,2430.846084707354,267.0,0.068359375,4390912.0,8872.288364648819,0.0030849259346723557,0.029052734375,2.102756977081299,-0.020632009953260422,0.7643482685089111,-0.021027570590376854,0.00039555877447128296,0.0,0.013103627599775791,1.2243709564208984,0.7809359175196713,6.025986194610596,2.276362895965576,6.039090156555176,2.615938186645508,6.740040063858032,4.18816065788269,,,,,,
8789492000.0,93.65,7.300000190734863,6391222784.0,2433.8274823219444,268.0,0.084228515625,4407296.0,8879.020148277283,0.0018630793783813715,0.0146484375,2.104585647583008,-0.020153310149908066,0.8268169164657593,-0.021045856177806854,0.0008925480069592595,0.0,0.019611062481999397,1.2726047039031982,0.7697115153687604,6.333323955535889,2.2898261547088623,6.352935314178467,2.6519012451171875,6.731783628463745,4.1955976486206055,,,,,,
8789492000.0,78.75,7.199999809265137,6391222784.0,2442.588660956444,269.0,0.078125,4423680.0,8885.727786064148,0.0022161989472806454,0.015380859375,2.1027534008026123,-0.020329641178250313,0.976035475730896,-0.02102753520011902,0.0006978902965784073,0.0,-0.09283756464719772,1.3870868682861328,0.7520368789956839,6.2352800369262695,2.408278465270996,6.142442226409912,2.7855446338653564,6.707637786865234,4.200644016265869,,,,,,
8789492000.0,91.22,7.400000095367432,6391222784.0,2420.1181223853755,270.0,0.07080078125,4440064.0,8892.497703552246,0.002725207945331931,0.02679443359375,2.1213111877441406,-0.019772252067923546,0.728086531162262,-0.0212131105363369,0.001440858468413353,0.0,0.040164001286029816,1.201860785484314,0.7989358553545077,5.822140693664551,2.381946325302124,5.8623046875,2.6803202629089355,6.7699174880981445,4.197247266769409,,,,,,
8789492000.0,104.76,7.599999904632568,6391222784.0,2395.344962138482,271.0,0.07080078125,4456448.0,8899.337636947632,0.004392167087644339,0.04443359375,2.159526824951172,-0.020390434190630913,0.8097513318061829,-0.021595269441604614,0.0012048371136188507,0.0,0.021365532651543617,1.2591818571090698,0.7854040250579177,6.000858306884766,2.432182788848877,6.022223472595215,2.71817684173584,6.839933395385742,4.200295448303223,,,,,,
8789492000.0,104.2,7.199999809265137,6391222784.0,2384.2305932144113,272.0,0.0732421875,4472832.0,8906.209455490112,0.004119225312024355,0.04339599609375,2.254917860031128,-0.02038886584341526,0.6948291659355164,-0.022549178451299667,0.0021603144705295563,0.0,0.0305279903113842,1.174965739250183,0.8091881472059095,5.8959150314331055,2.3847339153289795,5.926443099975586,2.6898155212402344,6.871818542480469,4.206327676773071,,,,,,
8789492000.0,101.71,7.5,6391222784.0,2435.198465614839,273.0,0.0640869140625,4489216.0,8912.937449216843,0.004416709300130606,0.0440673828125,2.194915771484375,-0.020889628678560257,0.7644751071929932,-0.021949157118797302,0.0010595312342047691,0.0,0.027683744207024574,1.2321357727050781,0.7682238044579792,6.03792142868042,2.2672624588012695,6.065605163574219,2.559317111968994,6.727993726730347,4.2133307456970215,,,,,,
8789492000.0,102.05,8.0,6391222784.0,2430.0149563043065,274.0,0.069580078125,4505600.0,8919.679794549942,0.003403708105906844,0.0277099609375,2.2082149982452393,-0.020863793790340424,0.7765520811080933,-0.022082148119807243,0.001218356192111969,0.0,0.027665890753269196,1.2389440536499023,0.7859778880415129,6.096686840057373,2.413142681121826,6.12435245513916,2.678072452545166,6.742345333099365,4.195690393447876,,,,,,
8789492000.0,104.33,7.099999904632568,6391222784.0,2416.373202821932,275.0,0.074462890625,4521984.0,8926.46020412445,0.002655677031725645,0.0255126953125,2.208786964416504,-0.019384996965527534,0.7578409910202026,-0.02208787016570568,0.002702871337532997,0.0,0.06150796636939049,1.2291123867034912,0.784564474908898,6.1396613121032715,2.373911142349243,6.201169490814209,2.6480913162231445,6.780409574508667,4.2008771896362305,,,,,,
8789492000.0,105.99,7.300000190734863,6391222784.0,2447.152716347735,276.0,0.0726318359375,4538368.0,8933.155331850052,0.003099513240158558,0.02880859375,2.2158620357513428,-0.02177809178829193,0.7392022609710693,-0.02215862274169922,0.00038052606396377087,0.0,0.0065815323032438755,1.2111594676971436,0.7807700760436221,6.27163028717041,2.3050754070281982,6.278212070465088,2.5867319107055664,6.695127725601196,4.192211627960205,,,,,,
8789492000.0,100.12,6.900000095367432,6391222784.0,2444.7946693393587,277.0,0.06591796875,4554752.0,8939.856917142868,0.0028795520775020123,0.02593994140625,2.174645185470581,-0.020369328558444977,0.8363524675369263,-0.021746451035141945,0.0013771168887615204,0.0,-0.017755791544914246,1.2899610996246338,0.7316718251142855,6.122278213500977,2.182594060897827,6.104522705078125,2.490253448486328,6.701585292816162,4.182366132736206,,,,,,
8789492000.0,109.76,6.400000095367432,6391222784.0,2465.9923796953835,278.0,0.057373046875,4571136.0,8946.500895500183,0.0034347758628427982,0.026611328125,2.207853317260742,-0.01964098960161209,0.7836302518844604,-0.022078532725572586,0.0024375449866056442,0.0,-0.0736464336514473,1.247434377670288,0.7566060099628271,5.851719379425049,2.1618316173553467,5.778072834014893,2.528498649597168,6.6439783573150635,4.190133333206177,,,,,,
8789492000.0,104.3,7.199999809265137,6391222784.0,2459.1833729882055,279.0,0.0665283203125,4587520.0,8953.163269758224,0.002512148581445217,0.02276611328125,2.2253992557525635,-0.02106589823961258,0.6780251860618591,-0.022253990173339844,0.0011880907695740461,0.0,0.07845154404640198,1.1571015119552612,0.7936496278776038,5.953853607177734,2.2379868030548096,6.032305717468262,2.547234535217285,6.662374258041382,4.196182727813721,,,,,,
8789492000.0,109.72,7.199999809265137,6391222784.0,2432.3340619654564,280.0,0.0640869140625,4603904.0,8959.899186611176,0.004854490049183369,0.0465087890625,2.230257272720337,-0.022071272134780884,0.8700036406517029,-0.022302571684122086,0.00023129722103476524,0.0,0.0468316450715065,1.3176336288452148,0.7418453475406837,6.068600654602051,2.2938919067382812,6.115431785583496,2.5933120250701904,6.73591685295105,4.1828532218933105,,,,,,
8789492000.0,106.8,7.400000095367432,6391222784.0,2407.809038826987,281.0,0.0701904296875,4620288.0,8966.703712940216,0.002787653123959899,0.02386474609375,2.2352113723754883,-0.02110133320093155,0.729415774345398,-0.02235211245715618,0.0012507801875472069,0.0,0.05025133118033409,1.2032252550125122,0.7880656884079857,6.086400508880615,2.327306032180786,6.136651515960693,2.6136434078216553,6.804526329040527,4.188601016998291,,,,,,
8789492000.0,102.23,7.0,6391222784.0,2434.835991571832,282.0,0.068359375,4636672.0,8973.432708263397,0.003165996167808771,0.03436279296875,2.212455987930298,-0.021670173853635788,0.8261193633079529,-0.022124558687210083,0.00045438576489686966,0.0,0.010815128684043884,1.2820099592208862,0.7476840135571585,6.144791126251221,2.242227792739868,6.155606269836426,2.552224636077881,6.728995323181152,4.197768926620483,,,,,,
8789492000.0,106.34,7.300000190734863,6391222784.0,2417.782090100574,283.0,0.069580078125,4653056.0,8980.209166765213,0.0024908168707042933,0.02130126953125,2.2324209213256836,-0.021457329392433167,0.7317871451377869,-0.022324208170175552,0.0008668750524520874,0.0,0.05576859787106514,1.2081189155578613,0.7565987083391209,6.2351179122924805,2.154020309448242,6.290886878967285,2.4487717151641846,6.776458501815796,4.196071147918701,,,,,,
8789492000.0,109.25,7.099999904632568,6391222784.0,2362.074174574766,284.0,0.0628662109375,4669440.0,8987.145443439484,0.002159652765840292,0.01690673828125,2.2901389598846436,-0.02229735255241394,0.6603797078132629,-0.022901387885212898,0.0006040371954441071,0.0,0.04168287664651871,1.146201729774475,0.7891970991264622,6.064236640930176,2.1904795169830322,6.10591983795166,2.496450901031494,6.93627667427063,4.209731101989746,,,,,,
8789492000.0,125.89,6.5,6391222784.0,2360.825632083068,285.0,0.06103515625,4685824.0,8994.085388422012,0.0024297363124787807,0.0198974609375,2.2205092906951904,-0.02154708467423916,0.7936208248138428,-0.022205090150237083,0.0006580054759979248,0.0,-0.07998831570148468,1.2541800737380981,0.7432001407122644,6.186343193054199,2.13240385055542,6.106354713439941,2.4749271869659424,6.9399449825286865,4.197804927825928,,,,,,
8789492000.0,109.29,7.099999904632568,6391222784.0,2386.041078968214,286.0,0.069580078125,4702208.0,9000.951992750168,0.002644261810928583,0.02349853515625,2.2030158042907715,-0.021200288087129593,0.8376091718673706,-0.02203015796840191,0.0008298717439174652,0.0,-0.03889770805835724,1.2940499782562256,0.7401024640134857,6.162200927734375,2.1627397537231445,6.123302936553955,2.5383410453796387,6.866604328155518,4.200979471206665,,,,,,
8789524000.0,86.15,7.400000095367432,6391222784.0,2401.9657658550695,287.0,0.0823974609375,4718592.0,9007.773072481155,0.0034910133108496666,0.02850341796875,2.1443748474121094,-0.019255438819527626,0.8735888004302979,-0.021443746984004974,0.002188310958445072,0.0,-0.03563769534230232,1.3153630495071411,0.7594606222744074,6.32766056060791,2.287837505340576,6.292022705078125,2.6819612979888916,6.821079730987549,4.208869218826294,,,,,,
,,,,,,,,,,,,,,,,,,,,,,,,,,0.027614645659923553,0.85651695728302,0.7838508486747742,0.027614645659923553,0.85651695728302,0.7838508486747742
,,,,,,,,,,,,,,,,,,,,,,,,,,0.024710524827241898,0.7842096090316772,0.7460725903511047,0.024710524827241898,0.7842096090316772,0.7460725903511047
,,,,,,,,,,,,,,,,,,,,,,,,,,0.023483825847506523,0.7497368454933167,0.7078614234924316,0.023483825847506523,0.7497368454933167,0.7078614234924316
,,,,,,,,,,,,,,,,,,,,,,,,,,0.023514650762081146,0.7303368449211121,0.6921156048774719,0.023514650762081146,0.7303368449211121,0.6921156048774719
,,,,,,,,,,,,,,,,,,,,,,,,,,0.02275351621210575,0.712817370891571,0.66752028465271,0.02275351621210575,0.712817370891571,0.66752028465271
,,,,,,,,,,,,,,,,,,,,,,,,,,0.022606274113059044,0.6964313983917236,0.6483904719352722,0.022606274113059044,0.6964313983917236,0.6483904719352722
8789524000.0,94.58,7.900000095367432,6188634112.0,18.45016264205325,288.0,0.0787353515625,4734976.0,9895.786924600601,0.0022681867703795433,0.0145263671875,2.1958582401275635,-0.021861467510461807,0.7575267553329468,-0.02195858210325241,9.711505845189095e-05,0.0,0.1173655092716217,1.2230621576309204,0.769085453981566,6.28271484375,2.232757568359375,6.400080680847168,2.5452070236206055,888.0138521194458,4.205998420715332,,,,,,
8789524000.0,91.25,6.699999809265137,6391222784.0,2415.909034566641,289.0,0.076904296875,4751360.0,9902.568636894226,0.0018688356503844261,0.010986328125,2.2387726306915283,-0.0216172207146883,0.8770851492881775,-0.022387726232409477,0.0007705059833824635,0.0,-0.04753347113728523,1.3204344511032104,0.7381004087571852,6.281674861907959,2.242222547531128,6.2341413497924805,2.58017635345459,6.781712293624878,4.201496124267578,,,,,,
8789524000.0,94.32,8.100000381469727,6391222784.0,2451.0989808529616,290.0,0.079345703125,4767744.0,9909.252985477448,0.003502845298498869,0.032470703125,2.216269016265869,-0.02131371572613716,0.7200302481651306,-0.02216269075870514,0.0008489764295518398,0.0,0.166028693318367,1.1920650005340576,0.7775912061093229,6.256833076477051,2.2840919494628906,6.422861099243164,2.5276894569396973,6.6843485832214355,4.190949201583862,,,,,,
8789524000.0,102.2,7.699999809265137,6391222784.0,2395.785642071432,291.0,0.0775146484375,4784128.0,9916.091660737991,0.0029510241001844406,0.0279541015625,2.208625555038452,-0.021059978753328323,0.7970139980316162,-0.022086257115006447,0.001026277313940227,0.0,0.07480963319540024,1.2630999088287354,0.7556801459049461,6.393921852111816,2.2563164234161377,6.468731880187988,2.5553970336914062,6.838675260543823,4.195205926895142,,,,,,
8789524000.0,83.49,7.199999809265137,6391222784.0,2422.2793567107396,292.0,0.0872802734375,4800512.0,9922.855537891388,0.003723517060279846,0.03802490234375,2.1195404529571533,-0.02072477713227272,0.9828746318817139,-0.02119540423154831,0.0004706289619207382,0.0,-0.10677464306354523,1.392548680305481,0.7278014192933562,6.728262901306152,2.305915594100952,6.621488094329834,2.669116258621216,6.7638771533966064,4.2030885219573975,,,,,,
8789524000.0,80.15,8.0,6391222784.0,2414.5855548076092,293.0,0.0958251953125,4816896.0,9929.64096736908,0.004069773945957422,0.04901123046875,2.1279382705688477,-0.02096208743751049,0.860215961933136,-0.021279381588101387,0.000317293219268322,0.0,0.10343263298273087,1.3085414171218872,0.7279305462977199,6.645588397979736,2.186077833175659,6.749020576477051,2.508693218231201,6.78542947769165,4.1920976638793945,,,,,,
8789524000.0,93.07,6.599999904632568,6391222784.0,2361.725592409455,294.0,0.0787353515625,4833280.0,9936.578267812729,0.003665541997179389,0.03143310546875,2.1361894607543945,-0.02031150832772255,0.9057844281196594,-0.02136189676821232,0.0010503872763365507,0.0,-0.07880111038684845,1.3437155485153198,0.7263936251491401,6.623584270477295,2.1828653812408447,6.544782638549805,2.568881034851074,6.937300443649292,4.1908278465271,,,,,,
8789524000.0,102.92,6.5,6391222784.0,2441.288439430718,295.0,0.067138671875,4849664.0,9943.289478063583,0.0035472505260258913,0.03631591796875,2.237253189086914,-0.021852638572454453,0.7609994411468506,-0.0223725326359272,0.0005198922008275986,0.0,-0.07119560986757278,1.2274127006530762,0.7526553086809453,6.249733924865723,2.136380434036255,6.1785383224487305,2.4679665565490723,6.711210250854492,4.2074480056762695,,,,,,
8789524000.0,102.1,8.199999809265137,6391222784.0,2443.598971347944,296.0,0.07080078125,4866048.0,9949.994342565536,0.0032960535027086735,0.030517578125,2.2390120029449463,-0.022326571866869926,0.6887632608413696,-0.022390121594071388,6.354693323373795e-05,0.0,0.07229942083358765,1.1672033071517944,0.7768633422425062,6.430293083190918,2.2041397094726562,6.502593040466309,2.470933437347412,6.704864501953125,4.201789855957031,,,,,,
8789524000.0,108.15,7.800000190734863,6391222784.0,2436.533586765012,297.0,0.0726318359375,4882432.0,9956.718649625778,0.003358097979798913,0.0318603515625,2.183810234069824,-0.020991403609514236,0.8204270601272583,-0.021838102489709854,0.0008466951549053192,0.0,0.022140687331557274,1.2770696878433228,0.7512979508390218,6.505260467529297,2.2719926834106445,6.527400970458984,2.5607964992523193,6.724307060241699,4.202085018157959,,,,,,
8789524000.0,94.41,7.599999904632568,6391222784.0,2418.3542071994234,298.0,0.0787353515625,4898816.0,9963.493505001068,0.004775932990014553,0.0498046875,2.151275873184204,-0.020245905965566635,0.759361207485199,-0.02151275798678398,0.0012668515555560589,0.0,0.03722720220685005,1.2194005250930786,0.7718582229096426,6.511533737182617,2.2483067512512207,6.548761367797852,2.552960157394409,6.774855375289917,4.197604179382324,,,,,,
8789524000.0,87.66,7.400000095367432,6391222784.0,2402.4869962827943,299.0,0.081787109375,4915200.0,9970.313104867935,0.004484772682189941,0.04095458984375,2.1434686183929443,-0.019685853272676468,0.8953285813331604,-0.021434687077999115,0.0017488314770162106,0.0,-0.047972097992897034,1.3238064050674438,0.7333245528901371,6.460518836975098,2.1461260318756104,6.412546634674072,2.563498020172119,6.819599866867065,4.182053327560425,,,,,,
8789524000.0,91.3,7.400000095367432,6391222784.0,2426.359644247491,300.0,0.0848388671875,4931584.0,9977.06560754776,0.004268461838364601,0.0389404296875,2.119870185852051,-0.020278597250580788,0.8508651852607727,-0.021198702976107597,0.0009201038628816605,0.0,0.07423965632915497,1.3070404529571533,0.7274352322873827,6.49813175201416,2.1401519775390625,6.572371482849121,2.5035388469696045,6.752502679824829,4.194121360778809,,,,,,
8789524000.0,85.45,7.699999809265137,6391222784.0,2445.6409884863597,301.0,0.09033203125,4947968.0,9983.764873743057,0.0030262130312621593,0.02935791015625,2.185006618499756,-0.020958298817276955,0.8692154884338379,-0.021850062534213066,0.0008917637169361115,0.0,0.0940859243273735,1.321571707725525,0.7452233704961364,6.631651401519775,2.343416929244995,6.725737571716309,2.618248701095581,6.699266195297241,4.196847915649414,,,,,,
8789524000.0,89.58,6.900000095367432,6391222784.0,2419.421481218288,302.0,0.07568359375,4964352.0,9990.536740541458,0.002377069089561701,0.01995849609375,2.1484436988830566,-0.02014097385108471,0.9183247089385986,-0.021484434604644775,0.0013434607535600662,0.0,-0.012593320570886135,1.3493093252182007,0.6987891949544256,6.439028739929199,2.108678102493286,6.426435947418213,2.4585351943969727,6.771866798400879,4.2067954540252686,,,,,,
8789524000.0,88.74,7.599999904632568,6391222784.0,2429.045552303136,303.0,0.0836181640625,4980736.0,9997.281776666641,0.0026223035529255867,0.02362060546875,2.2130212783813477,-0.02130734547972679,0.7473984956741333,-0.022130213677883148,0.0008228681981563568,0.0,0.018650813028216362,1.2258977890014648,0.7738285846566956,6.495530605316162,2.269404649734497,6.514181137084961,2.5777180194854736,6.7450361251831055,4.206601619720459,,,,,,
8789524000.0,109.0,5.900000095367432,6391222784.0,2432.9942281445833,304.0,0.0701904296875,4997120.0,10004.015865802765,0.0025621831882745028,0.021728515625,2.1513350009918213,-0.020725131034851074,0.8233065009117126,-0.021513350307941437,0.0007882184581831098,0.0,-0.1251031458377838,1.2822164297103882,0.7317355549817357,6.407205104827881,2.069880962371826,6.282101631164551,2.475595474243164,6.734089136123657,4.211375951766968,,,,,,
8789524000.0,94.05,7.0,6391222784.0,2413.76838922129,305.0,0.0732421875,5013504.0,10010.803592443466,0.0020219944417476654,0.01654052734375,2.159867286682129,-0.02144424244761467,0.9592169523239136,-0.02159866876900196,0.00015442818403244019,0.0,-0.12299947440624237,1.3879848718643188,0.6924426816825433,6.361256122589111,2.0854334831237793,6.238256931304932,2.502774238586426,6.787726640701294,4.212355613708496,,,,,,
8789524000.0,91.39,7.0,6391222784.0,2414.97707427095,306.0,0.068359375,5029888.0,10017.587921857834,0.002066635526716709,0.0152587890625,2.1997697353363037,-0.022119050845503807,0.8062593340873718,-0.021997695788741112,-0.00012135738506913185,0.0,-0.05800262838602066,1.267895221710205,0.7558671245476546,6.170775890350342,2.173069953918457,6.1127729415893555,2.566079616546631,6.784329414367676,4.203484296798706,,,,,,
8789524000.0,86.04,7.5,6391222784.0,2456.853742297247,307.0,0.0823974609375,5046272.0,10024.256613492966,0.0026964617427438498,0.02313232421875,2.2049520015716553,-0.021408390253782272,0.7568182349205017,-0.022049522027373314,0.0006411336362361908,0.0,0.06443998217582703,1.2298966646194458,0.7754381359633051,6.26266622543335,2.247019052505493,6.327106475830078,2.5953776836395264,6.668691635131836,4.195043087005615,,,,,,
8789524000.0,94.84,7.599999904632568,6391222784.0,2447.9791296078383,308.0,0.0689697265625,5062656.0,10030.949481010437,0.0022553896997123957,0.01605224609375,2.193122386932373,-0.02164776250720024,0.7241280674934387,-0.021931223571300507,0.00028345780447125435,0.0,0.015374373644590378,1.2080260515213013,0.7780350389905696,6.085658550262451,2.252638578414917,6.1010332107543945,2.5640954971313477,6.6928675174713135,4.2090394496917725,,,,,,
8789524000.0,120.68,6.800000190734863,6391222784.0,2427.7113324675656,309.0,0.057373046875,5079040.0,10037.698224067688,0.0015556332655251026,0.010986328125,2.2319138050079346,-0.0223226360976696,0.6483479142189026,-0.022319139912724495,-3.4989789128303528e-06,0.0,-0.02578774280846119,1.1338496208190918,0.7883630206411196,5.601496696472168,2.171196937561035,5.575709342956543,2.4646759033203125,6.748743057250977,4.1947009563446045,,,,,,
8789524000.0,113.75,6.699999809265137,6391222784.0,2415.9711228782394,310.0,0.054931640625,5095424.0,10044.479762077332,0.0031878892332315445,0.02410888671875,2.184934139251709,-0.020745331421494484,0.6044880151748657,-0.021849341690540314,0.0011040102690458298,0.0,-0.053821779787540436,1.0948398113250732,0.8013474096807068,5.659572601318359,2.215055465698242,5.605751037597656,2.4564247131347656,6.781538009643555,4.194388151168823,,,,,,
8789524000.0,134.19,7.900000095367432,6391222784.0,2414.9452490281897,311.0,0.05859375,5111808.0,10051.264180898666,0.003221087623387575,0.02734375,2.2251648902893066,-0.02059319242835045,0.6077476739883423,-0.02225164882838726,0.0016584573313593864,0.0,0.06687499582767487,1.0950250625610352,0.7950223135176121,5.898967742919922,2.191622018814087,5.965842247009277,2.4186367988586426,6.784418821334839,4.188264608383179,,,,,,
8789524000.0,109.68,7.0,6391222784.0,2441.6488466514534,312.0,0.0531005859375,5128192.0,10057.974400520325,0.003652093466371298,0.03302001953125,2.198061227798462,-0.020304590463638306,0.6536599397659302,-0.021980613470077515,0.0016760225407779217,0.0,-0.011039340868592262,1.1381477117538452,0.7574206044032014,5.706905364990234,2.0579946041107178,5.695865631103516,2.310849189758301,6.710219621658325,4.178961515426636,,,,,,
8789524000.0,181.44,7.099999904632568,6391222784.0,2401.6263781105044,313.0,0.0445556640625,5144576.0,10064.796444177628,0.004742410033941269,0.0504150390625,2.2915616035461426,-0.021246418356895447,0.46343427896499634,-0.022915616631507874,0.0016691982746124268,0.0,-0.06116476655006409,0.9542351961135864,0.8265362611766882,5.49366569519043,2.0472898483276367,5.432500839233398,2.291137456893921,6.8220436573028564,4.206930160522461,,,,,,
8789524000.0,169.61,6.699999809265137,6391222784.0,2312.454903454609,314.0,0.02685546875,5160960.0,10071.881555318832,0.002807769924402237,0.0267333984375,2.3148539066314697,-0.02263064682483673,0.3475988805294037,-0.023148538544774055,0.0005178940482437611,0.0,-0.04263792186975479,0.8292298913002014,0.8146269123051721,5.047652244567871,1.7415719032287598,5.005014419555664,1.9259792566299438,7.085111141204834,4.19531774520874,,,,,,
8789524000.0,222.15,6.900000095367432,6391222784.0,2304.2254134392624,315.0,0.020751953125,5177344.0,10078.991970777512,0.0030920200515538454,0.031494140625,2.359086751937866,-0.022913675755262375,0.33817926049232483,-0.02359086647629738,0.0006771874614059925,0.0,-0.0171390138566494,0.8187863230705261,0.7989338888751144,4.847712516784668,1.6788135766983032,4.830573081970215,1.8260012865066528,7.110415458679199,4.201855421066284,,,,,,
8789524000.0,257.37,6.800000190734863,6391222784.0,2337.3160773333716,316.0,0.0213623046875,5193728.0,10086.001720190048,0.0025189686566591263,0.0240478515625,2.2995986938476562,-0.023262206465005875,0.3646787106990814,-0.02299598790705204,-0.00026622042059898376,0.0,-0.019964272156357765,0.8496701121330261,0.8035836645227029,4.994044303894043,1.7857862710952759,4.974079608917236,1.9171737432479858,7.009749412536621,4.210330247879028,,,,,,
8789524000.0,251.27,7.0,6391222784.0,2361.688662041635,317.0,0.03173828125,5210112.0,10092.939129114151,0.004207514692097902,0.04608154296875,2.2844607830047607,-0.02053214982151985,0.4213600158691406,-0.022844607010483742,0.0023124581202864647,0.0,-0.042859382927417755,0.9099369049072266,0.8052791711699134,5.044039726257324,1.8256235122680664,5.001180648803711,2.0620789527893066,6.937408924102783,4.196802377700806,,,,,,
8789524000.0,257.03,6.5,6391222784.0,2386.335553003444,318.0,0.035400390625,5226496.0,10099.804886102676,0.0025694624055176973,0.021240234375,2.202303409576416,-0.02129368670284748,0.4823860228061676,-0.0220230333507061,0.0007293480448424816,0.0,0.007355108857154846,0.9796012043952942,0.8038916107855881,5.123125076293945,1.9269559383392334,5.1304802894592285,2.2120821475982666,6.865756988525391,4.210022926330566,,,,,,
8789600000.0,143.21,6.699999809265137,6391222784.0,2395.038994996066,319.0,0.0408935546875,5242880.0,10106.645693302155,0.004759818781167269,0.0540771484375,2.241307497024536,-0.02078813686966896,0.4391357898712158,-0.02241307497024536,0.0016249436885118484,0.0,-0.04235712066292763,0.9365311861038208,0.822942538891972,5.040935039520264,1.9444248676300049,4.998578071594238,2.2256927490234375,6.840807199478149,4.200284719467163,,,,,,
,,,,,,,,,,,,,,,,,,,,,,,,,,0.024519873782992363,0.7961065769195557,0.7410317063331604,0.024519873782992363,0.7961065769195557,0.7410317063331604
,,,,,,,,,,,,,,,,,,,,,,,,,,0.022111162543296814,0.7410097122192383,0.7055110335350037,0.022111162543296814,0.7410097122192383,0.7055110335350037
,,,,,,,,,,,,,,,,,,,,,,,,,,0.021844489499926567,0.707358181476593,0.6716424822807312,0.021844489499926567,0.707358181476593,0.6716424822807312
,,,,,,,,,,,,,,,,,,,,,,,,,,0.022312087938189507,0.6971559524536133,0.6536238193511963,0.022312087938189507,0.6971559524536133,0.6536238193511963
,,,,,,,,,,,,,,,,,,,,,,,,,,0.022141365334391594,0.6760289072990417,0.631046712398529,0.022141365334391594,0.6760289072990417,0.631046712398529
,,,,,,,,,,,,,,,,,,,,,,,,,,0.021942026913166046,0.6569316983222961,0.6116849184036255,0.021942026913166046,0.6569316983222961,0.6116849184036255
8789684000.0,168.94,6.800000190734863,6188634112.0,18.459816413202798,320.0,0.03662109375,5259264.0,10994.195148468018,0.002279652515426278,0.01483154296875,2.2603347301483154,-0.022289058193564415,0.5123162865638733,-0.022603347897529602,0.0003142901696264744,0.0,-0.03773015737533569,1.000450849533081,0.7799619307109091,5.360474586486816,1.8677257299423218,5.322744369506836,2.132784128189087,887.549455165863,4.218757390975952,,,,,,
8789684000.0,166.26,7.300000190734863,6391222784.0,2401.65533523128,321.0,0.0518798828125,5275648.0,11001.01710987091,0.003701498033478856,0.0389404296875,2.2533249855041504,-0.02128668501973152,0.5381472110748291,-0.022533247247338295,0.0012465694453567266,0.0,-0.018214687705039978,1.0359526872634888,0.7884112356835247,5.634608268737793,1.9896316528320312,5.61639404296875,2.2521309852600098,6.821961402893066,4.199969530105591,,,,,,
8789684000.0,153.14,7.599999904632568,6391222784.0,2417.3887252581617,322.0,0.05126953125,5292032.0,11007.794671058655,0.0026165801100432873,0.020263671875,2.214519500732422,-0.021628795191645622,0.59210604429245,-0.022145194932818413,0.0005164016038179398,0.0,0.03957473486661911,1.0815352201461792,0.781232786256431,5.710607528686523,2.05106520652771,5.750182151794434,2.3123281002044678,6.777561187744141,4.206566095352173,,,,,,
8789684000.0,141.86,7.900000095367432,6391222784.0,2428.3743117315685,323.0,0.0457763671875,5308416.0,11014.541571617126,0.0024048001505434513,0.0206298828125,2.275719404220581,-0.021783990785479546,0.4790318012237549,-0.022757193073630333,0.0009732022881507874,0.0,0.008938856422901154,0.9722425937652588,0.8136085814738626,5.647895812988281,2.0768487453460693,5.656834602355957,2.2519655227661133,6.74690055847168,4.204318284988403,,,,,,
8789684000.0,156.42,6.5,6391222784.0,2426.4892704008143,324.0,0.04638671875,5324800.0,11021.293713569641,0.003551516914740205,0.030517578125,2.1850507259368896,-0.021839648485183716,0.6097442507743835,-0.021850505843758583,1.0856427252292633e-05,0.0,-0.04121110588312149,1.101887583732605,0.7588943838855631,5.509512424468994,1.9532451629638672,5.468301296234131,2.2440550327301025,6.752141952514648,4.183276653289795,,,,,,
8789684000.0,124.88,7.0,6391222784.0,2438.9971619113194,325.0,0.042724609375,5341184.0,11028.011228561401,0.004283726215362549,0.04473876953125,2.2659027576446533,-0.0204168651252985,0.5207841396331787,-0.022659027948975563,0.002242162823677063,0.0,-0.01658002659678459,1.017093300819397,0.7866454254682584,5.536264419555664,1.975506067276001,5.519684314727783,2.20196270942688,6.717514991760254,4.188246726989746,,,,,,
8789684000.0,154.27,7.400000095367432,6391222784.0,2438.1592401882945,326.0,0.0555419921875,5357568.0,11034.731052160263,0.0031208747532218695,0.02899169921875,2.227208137512207,-0.021623343229293823,0.6392191648483276,-0.022272078320384026,0.0006487369537353516,0.0,0.014817333780229092,1.1274985074996948,0.771792303579856,5.646249771118164,2.061500072479248,5.661067008972168,2.3602113723754883,6.719823598861694,4.185164213180542,,,,,,
8789684000.0,134.67,7.300000190734863,6391222784.0,2426.8656331172774,327.0,0.0537109375,5373952.0,11041.482146978378,0.003601931966841221,0.033935546875,2.2677645683288574,-0.02163350209593773,0.5278015732765198,-0.022677646949887276,0.001044142059981823,0.0,-0.02934538573026657,1.0198856592178345,0.8227948227089363,5.659618377685547,2.1371889114379883,5.63027286529541,2.4227757453918457,6.751094818115234,4.19987940788269,,,,,,
8789684000.0,152.19,7.099999904632568,6391222784.0,2420.3043646076817,328.0,0.047607421875,5390336.0,11048.251543521881,0.0027518668211996555,0.02630615234375,2.2908573150634766,-0.021588768810033798,0.5596126914024353,-0.022908572107553482,0.001319799106568098,0.0,-0.028708837926387787,1.0531558990478516,0.7840165434045585,5.387177467346191,2.0176198482513428,5.358468532562256,2.2661173343658447,6.769396543502808,4.209578990936279,,,,,,
8789684000.0,150.14,7.0,6391222784.0,2379.299793468142,329.0,0.0390625,5406720.0,11055.13760304451,0.0041922759264707565,0.04766845703125,2.3405981063842773,-0.019916079938411713,0.4892198443412781,-0.023405982181429863,0.0034899022430181503,0.0,-0.003875942435115576,0.9906682372093201,0.7925957764546911,5.314087867736816,1.957658052444458,5.310212135314941,2.175302743911743,6.886059522628784,4.200927257537842,,,,,,
8789684000.0,131.41,7.5,6391222784.0,2298.0158206485316,330.0,0.0494384765625,5423104.0,11062.267231941223,0.0074938503094017506,0.07940673828125,2.301759719848633,-0.020447198301553726,0.4756094217300415,-0.023017600178718567,0.0025703981518745422,0.0,0.05963682383298874,0.9681391716003418,0.8336187690764528,5.317187309265137,2.128513813018799,5.376824378967285,2.373480796813965,7.129628896713257,4.185878038406372,,,,,,
8789684000.0,201.44,7.099999904632568,6391222784.0,2368.8741879684267,331.0,0.0433349609375,5439488.0,11069.183597564697,0.003095547668635845,0.02947998046875,2.312528133392334,-0.020748799666762352,0.5820538997650146,-0.02312527969479561,0.0023764846846461296,0.0,0.017830688506364822,1.0765745639801025,0.7673828442118165,5.412530899047852,2.0117709636688232,5.430361747741699,2.232149839401245,6.916365623474121,4.1908278465271,,,,,,
8789684000.0,146.24,8.100000381469727,6391222784.0,2350.5783156267853,332.0,0.0469970703125,5455872.0,11076.153797149658,0.0030580474995076656,0.0244140625,2.2301993370056152,-0.021977197378873825,0.4913586378097534,-0.022301994264125824,0.00032480061054229736,0.0,0.07459284365177155,0.9914551973342896,0.8055909148388094,5.552549362182617,2.073452949523926,5.627141952514648,2.2486135959625244,6.9701995849609375,4.195899724960327,,,,,,
8789684000.0,173.17,7.800000190734863,6391222784.0,2412.081444732658,333.0,0.05859375,5472256.0,11082.946270942688,0.003473852528259158,0.039306640625,2.2327535152435303,-0.022925134748220444,0.5750421285629272,-0.02232753299176693,-0.0005975950043648481,0.0,0.061576392501592636,1.064384937286377,0.7870571185782811,6.0267438888549805,2.0853664875030518,6.088320255279541,2.3065731525421143,6.792473793029785,4.182002544403076,,,,,,
8789684000.0,128.92,7.5,6391222784.0,2389.928528559672,334.0,0.0653076171875,5488640.0,11089.801706075668,0.002803996903821826,0.02667236328125,2.249617576599121,-0.02268538996577263,0.7192203998565674,-0.02249617502093315,-0.00018920935690402985,0.0,0.055308811366558075,1.1909023523330688,0.7577231341204326,6.019485950469971,2.1404504776000977,6.074794769287109,2.419468641281128,6.855435132980347,4.192995548248291,,,,,,
8789684000.0,108.69,7.199999809265137,6391222784.0,2417.661302844394,335.0,0.0689697265625,5505024.0,11096.578503131866,0.002520523499697447,0.0213623046875,2.255560874938965,-0.022116325795650482,0.6525081992149353,-0.022555606439709663,0.000439284136518836,0.0,0.002330865478143096,1.139686942100525,0.7810494369476313,6.174177169799805,2.1429896354675293,6.176507949829102,2.435636281967163,6.77679705619812,4.187661170959473,,,,,,
8789684000.0,102.34,6.800000190734863,6391222784.0,2414.729877832783,336.0,0.0714111328125,5521408.0,11103.363527059555,0.003921405877918005,0.04248046875,2.2257068157196045,-0.02190386690199375,0.8032263517379761,-0.022257069125771523,0.0003532012924551964,0.0,-0.09255218505859375,1.2721199989318848,0.7428369122105791,6.1449689865112305,2.167020559310913,6.052416801452637,2.5085551738739014,6.785023927688599,4.193405866622925,,,,,,
8789684000.0,117.33,6.900000095367432,6391222784.0,2442.8653883117313,337.0,0.0592041015625,5537792.0,11110.070405006409,0.002887751441448927,0.02490234375,2.279355525970459,-0.02101512998342514,0.6904495358467102,-0.02279355376958847,0.0017784256488084793,0.0,-0.043265171349048615,1.1680762767791748,0.7555527160260268,5.9172210693359375,2.085829734802246,5.873955726623535,2.3625359535217285,6.706877946853638,4.196739196777344,,,,,,
8789684000.0,100.19,6.800000190734863,6391222784.0,2423.6785582416824,338.0,0.0665283203125,5554176.0,11116.830377340317,0.0022116880863904953,0.017333984375,2.2170369625091553,-0.021617280319333076,0.8019341230392456,-0.02217036858201027,0.0005530924536287785,0.0,-0.02946595288813114,1.2601122856140137,0.7612558499120425,5.837420463562012,2.197784900665283,5.807954788208008,2.5789496898651123,6.759972333908081,4.198251485824585,,,,,,
8789684000.0,97.66,7.5,6391222784.0,2425.2670685469266,339.0,0.069580078125,5570560.0,11123.585922002792,0.0033356661442667246,0.02911376953125,2.227515697479248,-0.01999993622303009,0.704422652721405,-0.022275155410170555,0.002275221049785614,0.0,0.06197954714298248,1.1844059228897095,0.7754980965711327,5.766116619110107,2.2052619457244873,5.82809591293335,2.4997143745422363,6.755544662475586,4.185091733932495,,,,,,
8789684000.0,118.68,7.300000190734863,6391222784.0,2418.3157399171705,340.0,0.0640869140625,5586944.0,11130.36088514328,0.004056418314576149,0.04351806640625,2.222249984741211,-0.02070808783173561,0.7614165544509888,-0.022222498431801796,0.0015144124627113342,0.0,0.05361063778400421,1.2377153635025024,0.7593239727835838,5.797735214233398,2.2287380695343018,5.851346015930176,2.522925615310669,6.774963140487671,4.218560695648193,,,,,,
8789684000.0,114.96,7.900000095367432,6391222784.0,2395.9705805206877,341.0,0.0677490234375,5603328.0,11137.19903254509,0.0027372248005121946,0.02581787109375,2.2786388397216797,-0.021308591589331627,0.6648256182670593,-0.02278638631105423,0.0014777956530451775,0.0,0.012168044224381447,1.1519734859466553,0.7774568849611583,5.902908802032471,2.218644618988037,5.915076732635498,2.441941738128662,6.838147401809692,4.192291021347046,,,,,,
8789684000.0,127.14,7.099999904632568,6391222784.0,2429.4617017122955,342.0,0.0592041015625,5619712.0,11143.942913293839,0.0028321286663413048,0.0260009765625,2.2591209411621094,-0.021279368549585342,0.6775661110877991,-0.022591205313801765,0.0013118376955389977,0.0,-0.007866818457841873,1.1642760038375854,0.7625485209747638,5.968780517578125,2.0720157623291016,5.96091365814209,2.389287233352661,6.743880748748779,4.2022740840911865,,,,,,
8789684000.0,119.08,7.300000190734863,6391222784.0,2434.757229648922,343.0,0.0579833984375,5636096.0,11150.672126293182,0.0026237578131258488,0.018798828125,2.2764172554016113,-0.022506901994347572,0.6889439821243286,-0.022764170542359352,0.0002572686644271016,0.0,0.01741519197821617,1.1741888523101807,0.7700129508917295,5.968540668487549,2.1528687477111816,5.985955238342285,2.448420763015747,6.729212999343872,4.209628582000732,,,,,,
8789684000.0,115.3,7.0,6391222784.0,2413.4037057056535,344.0,0.0738525390625,5652480.0,11157.460878610611,0.004222130868583918,0.04962158203125,2.2707793712615967,-0.02127787284553051,0.8042153120040894,-0.02270779386162758,0.0014299200847744942,0.0,-0.02488107420504093,1.2561477422714233,0.768809154323066,6.096707344055176,2.326585054397583,6.071826457977295,2.612494468688965,6.788752317428589,4.19631814956665,,,,,,
8789684000.0,92.38,7.800000190734863,6391222784.0,2454.4386616749844,345.0,0.0628662109375,5668864.0,11164.136132001877,0.0037289296742528677,0.0400390625,2.270728826522827,-0.022571349516510963,0.6645814776420593,-0.022707289084792137,0.00013593584299087524,0.0,-0.01564216986298561,1.1426446437835693,0.7916961787585232,5.934660911560059,2.247807264328003,5.919018745422363,2.50358510017395,6.675253391265869,4.196601152420044,,,,,,
8789684000.0,126.78,8.0,6391222784.0,2449.8632221536627,346.0,0.0579833984375,5685248.0,11170.823852300644,0.002361495280638337,0.0220947265625,2.3062565326690674,-0.02201571688055992,0.5456454753875732,-0.023062564432621002,0.001046847552061081,0.0,0.07905621826648712,1.0337716341018677,0.8007014827430423,5.73689079284668,2.0936551094055176,5.815946578979492,2.3156473636627197,6.68772029876709,4.196594476699829,,,,,,
8789684000.0,136.32,7.099999904632568,6391222784.0,2384.5753421719905,347.0,0.052490234375,5701632.0,11177.694677352905,0.0022320502903312445,0.01849365234375,2.2711730003356934,-0.02283128909766674,0.6643496751785278,-0.022711731493473053,-0.00011956039816141129,0.0,-0.008492730557918549,1.148123025894165,0.7689002492876245,5.976010322570801,2.1377134323120117,5.967517375946045,2.388298988342285,6.8708250522613525,4.206279754638672,,,,,,
8789684000.0,129.71,6.099999904632568,6391222784.0,2399.920232637578,348.0,0.04638671875,5718016.0,11184.521570920944,0.00205438956618309,0.01324462890625,2.296046733856201,-0.022676289081573486,0.7006173133850098,-0.022960467264056206,0.0002841781824827194,0.0,-0.0932319164276123,1.1812583208084106,0.7333569869360343,5.847586631774902,1.9660919904708862,5.754354476928711,2.287597179412842,6.82689356803894,4.192621231079102,,,,,,
8789684000.0,151.66,6.599999904632568,6391222784.0,2401.414634650916,349.0,0.059814453125,5734400.0,11191.344216108322,0.0022907645907253027,0.02020263671875,2.264949083328247,-0.022557849064469337,0.6470161080360413,-0.022649487480521202,9.16370190680027e-05,0.0,-0.012053548358380795,1.1341302394866943,0.7758024990738238,5.793423175811768,2.035904884338379,5.781369209289551,2.395231246948242,6.82264518737793,4.195861339569092,,,,,,
8789684000.0,100.35,7.699999809265137,6391222784.0,2406.473769656404,350.0,0.07080078125,5750784.0,11198.152518033981,0.0028138174675405025,0.0230712890625,2.237700939178467,-0.021961018443107605,0.7094369530677795,-0.022377008572220802,0.0004159891977906227,0.0,0.07178141921758652,1.186530351638794,0.7845922437948221,5.962131023406982,2.23789119720459,6.033912658691406,2.5565145015716553,6.80830192565918,4.209206819534302,,,,,,
8789684000.0,92.42,7.599999904632568,6391222784.0,2410.199540438227,351.0,0.0701904296875,5767168.0,11204.950295448303,0.0022477307356894016,0.01763916015625,2.236093282699585,-0.021741017699241638,0.7127470970153809,-0.02236093208193779,0.000619916245341301,0.0,0.04261568561196327,1.19266676902771,0.7822364331794909,6.176016807556152,2.294466733932495,6.218632221221924,2.555797576904297,6.797777414321899,4.201436758041382,,,,,,
,,,,,,,,,,,,,,,,,,,,,,,,,,0.029373496770858765,0.6959864497184753,0.6399447917938232,0.029373496770858765,0.6959864497184753,0.6399447917938232
,,,,,,,,,,,,,,,,,,,,,,,,,,0.02489360049366951,0.638623833656311,0.6049979329109192,0.02489360049366951,0.638623833656311,0.6049979329109192
,,,,,,,,,,,,,,,,,,,,,,,,,,0.024467460811138153,0.6119285821914673,0.5776557922363281,0.024467460811138153,0.6119285821914673,0.5776557922363281
,,,,,,,,,,,,,,,,,,,,,,,,,,0.02409709244966507,0.5967442989349365,0.5594346523284912,0.02409709244966507,0.5967442989349365,0.5594346523284912
,,,,,,,,,,,,,,,,,,,,,,,,,,0.023509256541728973,0.5764164328575134,0.5389887094497681,0.023509256541728973,0.5764164328575134,0.5389887094497681
,,,,,,,,,,,,,,,,,,,,,,,,,,0.023109685629606247,0.5594580173492432,0.519189715385437,0.023109685629606247,0.5594580173492432,0.519189715385437
8789684000.0,105.43,6.800000190734863,6188634112.0,18.456046417280103,352.0,0.05859375,5783552.0,12092.681049346924,0.001408841460943222,0.0064697265625,2.3178367614746094,-0.02248389832675457,0.6638648509979248,-0.02317836694419384,0.0006944742053747177,0.0,-0.0300709567964077,1.1511393785476685,0.7825867645002946,5.758860111236572,2.1322758197784424,5.728789329528809,2.468794584274292,887.7307538986206,4.20497465133667,,,,,,
8789684000.0,113.84,7.099999904632568,6391222784.0,2417.5505634444926,353.0,0.0592041015625,5799936.0,12099.458156824112,0.002862917259335518,0.0289306640625,2.2695627212524414,-0.021620087325572968,0.6712597012519836,-0.02269562892615795,0.0010755429975688457,0.0,-0.0010493299923837185,1.1570810079574585,0.767471680261917,5.68283224105835,2.0828866958618164,5.6817827224731445,2.399528741836548,6.77710747718811,4.199591398239136,,,,,,
8789684000.0,101.52,7.199999809265137,6391222784.0,2442.8682540312257,354.0,0.0732421875,5816320.0,12106.165026903152,0.002751639112830162,0.02423095703125,2.2693910598754883,-0.02307305857539177,0.7596211433410645,-0.02269390970468521,-0.00037915073335170746,0.0,0.04659687727689743,1.2386484146118164,0.7816033764659679,5.959691047668457,2.3364105224609375,6.006287574768066,2.650484085083008,6.706870079040527,4.195833444595337,,,,,,
8789684000.0,93.01,6.599999904632568,6391222784.0,2444.478635407077,355.0,0.07568359375,5832704.0,12112.867478609085,0.0025123287923634052,0.027099609375,2.2316722869873047,-0.021525897085666656,0.9174321889877319,-0.022316720336675644,0.0007908232510089874,0.0,-0.0555366575717926,1.3512827157974243,0.7545693063034875,6.117387294769287,2.399510383605957,6.061850547790527,2.727607011795044,6.702451705932617,4.202484369277954,,,,,,
8789684000.0,90.71,7.699999809265137,6391222784.0,2445.0096086549447,356.0,0.0811767578125,5849088.0,12119.568474769592,0.002669675974175334,0.0228271484375,2.2366886138916016,-0.021881505846977234,0.8624260425567627,-0.022366885095834732,0.0004853811115026474,0.0,0.0024603139609098434,1.2994530200958252,0.7685888291495944,6.121395587921143,2.3534669876098633,6.1238555908203125,2.7012717723846436,6.700996160507202,4.182390213012695,,,,,,
8789684000.0,86.71,6.800000190734863,6391222784.0,2422.427333535815,357.0,0.0750732421875,5865472.0,12126.331938743591,0.004243691451847553,0.0408935546875,2.213179111480713,-0.019955305382609367,0.9589648246765137,-0.022131789475679398,0.0021764803677797318,0.0,-0.01924196258187294,1.3790451288223267,0.7352571432714774,6.004194259643555,2.363704204559326,5.984952926635742,2.6801950931549072,6.763463973999023,4.1926655769348145,,,,,,
8789684000.0,90.42,7.099999904632568,6391222784.0,2419.4017193655714,358.0,0.0811767578125,5881856.0,12133.103860855103,0.001822956372052431,0.013916015625,2.237783908843994,-0.02166287787258625,0.868493914604187,-0.02237783744931221,0.0007149707525968552,0.0,-0.010692288167774677,1.3036073446273804,0.7731228517141437,6.0169878005981445,2.4252467155456543,6.006296157836914,2.736854076385498,6.7719221115112305,4.194184303283691,,,,,,
8789684000.0,84.24,6.800000190734863,6391222784.0,2424.633587548974,359.0,0.064697265625,5898240.0,12139.86117053032,0.0032943955156952143,0.0308837890625,2.2520558834075928,-0.022608865052461624,0.7618395686149597,-0.022520558908581734,-8.830835577100515e-05,0.0,-0.054350145161151886,1.2337325811386108,0.7756772761626527,5.614588737487793,2.247650623321533,5.560238838195801,2.604860544204712,6.757309675216675,4.181974172592163,,,,,,
8789684000.0,134.16,6.900000095367432,6391222784.0,2448.2373673980082,360.0,0.059814453125,5914624.0,12146.553332090378,0.0018450453644618392,0.013916015625,2.235853433609009,-0.021576523780822754,0.7547503709793091,-0.02235853672027588,0.0007820120081305504,0.0,0.07749418169260025,1.2248287200927734,0.763405478801099,5.49722957611084,2.217958688735962,5.574724197387695,2.5181009769439697,6.692161560058594,4.1921327114105225,,,,,,
8789684000.0,97.81,7.400000095367432,6391222784.0,2401.242699242376,361.0,0.07568359375,5931008.0,12153.376465797424,0.0028788303025066853,0.0255126953125,2.200698137283325,-0.02098825015127659,0.7228859066963196,-0.02200697921216488,0.001018729992210865,0.0,0.02265237644314766,1.200817346572876,0.7981895533417694,5.919685363769531,2.395638942718506,5.942337989807129,2.6730382442474365,6.823133707046509,4.207272052764893,,,,,,
8789684000.0,118.34,7.099999904632568,6391222784.0,2411.4480626383315,362.0,0.0689697265625,5947392.0,12160.170723676682,0.002033964032307267,0.0164794921875,2.220184326171875,-0.021638743579387665,0.7590762972831726,-0.022201845422387123,0.0005630990490317345,0.0,-0.0030263573862612247,1.2295823097229004,0.7702066722390426,5.765942573547363,2.2455945014953613,5.762916564941406,2.565009832382202,6.794257879257202,4.184623718261719,,,,,,
8789684000.0,98.81,7.900000095367432,6391222784.0,2436.0206228156694,363.0,0.074462890625,5963776.0,12166.896446704865,0.003439044114202261,0.035888671875,2.156381368637085,-0.021781902760267258,0.7222357392311096,-0.021563813090324402,-0.00021808966994285583,0.0,0.09190471470355988,1.1968605518341064,0.7944798713780014,6.112827777862549,2.3820645809173584,6.204732894897461,2.640075445175171,6.725723028182983,4.204425811767578,,,,,,
8789684000.0,99.24,7.199999809265137,6391222784.0,2438.35899801417,364.0,0.06591796875,5980160.0,12173.615719795227,0.002267568837851286,0.01959228515625,2.1894009113311768,-0.0207451693713665,0.7181938886642456,-0.02189400978386402,0.0011488404124975204,0.0,-0.007202359847724438,1.1962085962295532,0.7721842492122097,5.785261154174805,2.24706768989563,5.7780585289001465,2.506195545196533,6.719273090362549,4.194511890411377,,,,,,
8789684000.0,116.86,7.099999904632568,6391222784.0,2443.299751785592,365.0,0.054931640625,5996544.0,12180.321405410767,0.0031912061385810375,0.0321044921875,2.2032485008239746,-0.0218487661331892,0.7517446875572205,-0.022032488137483597,0.00018372060731053352,0.0,0.025584716349840164,1.2147682905197144,0.7413818349717238,5.610645294189453,2.134946823120117,5.636229515075684,2.3887112140655518,6.705685615539551,4.192286014556885,,,,,,
8789684000.0,97.56,7.5,6391222784.0,2331.4160548123073,366.0,0.0579833984375,6012928.0,12187.348894119263,0.002296125516295433,0.01824951171875,2.235227108001709,-0.02202705852687359,0.5415462851524353,-0.022352268919348717,0.00032520946115255356,0.0,0.04034629836678505,1.0325502157211304,0.8141169719861323,5.362391471862793,2.1231155395507812,5.402737617492676,2.3949222564697266,7.027488708496094,4.207075357437134,,,,,,
8789684000.0,132.92,6.800000190734863,6391222784.0,2395.295451103411,367.0,0.06103515625,6029312.0,12194.188968896866,0.0020300140604376793,0.0152587890625,2.204627513885498,-0.022181127220392227,0.6986082792282104,-0.022046273574233055,-0.00013485457748174667,0.0,-0.018883951008319855,1.1694501638412476,0.7760331421516458,5.633419036865234,2.1664509773254395,5.614535331726074,2.471097230911255,6.840074777603149,4.1956658363342285,,,,,,
8789684000.0,112.37,6.900000095367432,6391222784.0,2392.8750813590686,368.0,0.0628662109375,6045696.0,12201.035962343216,0.0023089514579623938,0.01910400390625,2.1702077388763428,-0.021706372499465942,0.7620569467544556,-0.021702077239751816,-4.294794052839279e-06,0.0,0.0065360600128769875,1.231677532196045,0.7723223080064973,5.741083145141602,2.2656044960021973,5.747619152069092,2.581289768218994,6.846993446350098,4.183264255523682,,,,,,
8789684000.0,113.54,7.800000190734863,6391222784.0,2439.733533625905,369.0,0.0738525390625,6062080.0,12207.75144982338,0.0020752951968461275,0.0135498046875,2.1752731800079346,-0.02024315670132637,0.6590399742126465,-0.021752730011940002,0.001509576104581356,0.0,0.10402722656726837,1.1352800130844116,0.8023333175471757,5.6472883224487305,2.2375407218933105,5.751315116882324,2.5535013675689697,6.715487480163574,4.191572666168213,,,,,,
8789684000.0,100.38,7.0,6391222784.0,2424.381160213514,370.0,0.06591796875,6078464.0,12214.509463071823,0.0020131932105869055,0.0155029296875,2.1597225666046143,-0.02120956778526306,0.8403910398483276,-0.021597223356366158,0.00038765836507081985,0.0,0.0010707741603255272,1.2921600341796875,0.7507902873395457,5.6897501945495605,2.272714138031006,5.690821170806885,2.5884149074554443,6.7580132484436035,4.197303771972656,,,,,,
8789684000.0,104.32,7.699999809265137,6391222784.0,2465.4289034419185,371.0,0.06103515625,6094848.0,12221.154959917068,0.0018746601417660713,0.01373291015625,2.179141044616699,-0.02082699164748192,0.6445187330245972,-0.021791407838463783,0.0009644171223044395,0.0,0.02707327902317047,1.1353704929351807,0.8005425349159091,5.645268440246582,2.2708983421325684,5.672341346740723,2.5422163009643555,6.645496845245361,4.196980237960815,,,,,,
8789684000.0,98.79,7.300000190734863,6391222784.0,2444.4251594873285,372.0,0.0628662109375,6111232.0,12227.857558250427,0.0022079194895923138,0.01959228515625,2.1849820613861084,-0.021351072937250137,0.7533115744590759,-0.021849820390343666,0.0004987474530935287,0.0,-0.021863237023353577,1.2204145193099976,0.7805155698415628,5.702880382537842,2.352099895477295,5.68101692199707,2.6049864292144775,6.702598333358765,4.19450569152832,,,,,,
8789684000.0,127.22,7.5,6391222784.0,2436.8288181740586,373.0,0.0616455078125,6127616.0,12234.581050634384,0.0038285492919385433,0.03021240234375,2.159837007522583,-0.020803116261959076,0.668394148349762,-0.021598370745778084,0.0007952529704198241,0.0,-0.007294104900211096,1.1576348543167114,0.781618158466869,5.69890832901001,2.264078140258789,5.691614151000977,2.477213144302368,6.723492383956909,4.1988935470581055,,,,,,
8789684000.0,121.52,7.0,6391222784.0,2443.531023657415,374.0,0.047607421875,6144000.0,12241.286101579666,0.0024050383362919092,0.02020263671875,2.229248285293579,-0.02210179902613163,0.5658859014511108,-0.02229248359799385,0.00019068270921707153,0.0,-0.052581414580345154,1.0575634241104126,0.8018236649086026,5.3827409744262695,2.101287841796875,5.330159664154053,2.375640392303467,6.705050945281982,4.2052693367004395,,,,,,
8789684000.0,136.89,7.300000190734863,6391222784.0,2441.385751904576,375.0,0.04638671875,6160384.0,12247.997044324875,0.002985089784488082,0.0289306640625,2.2415337562561035,-0.02185647562146187,0.4713578522205353,-0.02241533435881138,0.0005588578060269356,0.0,-0.020093347877264023,0.9710926413536072,0.8106642600733915,5.294910430908203,2.0210824012756348,5.274816513061523,2.231743335723877,6.71094274520874,4.211758852005005,,,,,,
8789684000.0,152.75,7.199999809265137,6391222784.0,2432.937808084779,376.0,0.04150390625,6176768.0,12254.731289625168,0.0024456139653921127,0.02203369140625,2.2780284881591797,-0.022319767624139786,0.46264293789863586,-0.02278028428554535,0.00046052783727645874,0.0,-0.01879267580807209,0.9522565007209778,0.8168270085524711,5.310493469238281,2.007789134979248,5.291701316833496,2.2249667644500732,6.734245300292969,4.182774066925049,,,,,,
8789684000.0,195.86,7.5,6391222784.0,2427.6098757419554,377.0,0.0439453125,6193152.0,12261.480314731598,0.0024591106921434402,0.0169677734375,2.2819244861602783,-0.022119559347629547,0.4787699580192566,-0.022819243371486664,0.0006996840238571167,0.0,-0.005429146811366081,0.9758233428001404,0.8140984255855797,5.4969096183776855,2.066678047180176,5.491480827331543,2.2632358074188232,6.749025106430054,4.212533473968506,,,,,,
8789684000.0,137.49,7.5,6391222784.0,2460.6906592516907,378.0,0.04150390625,6209536.0,12268.13860797882,0.0020752539858222008,0.013916015625,2.2820029258728027,-0.02319137379527092,0.4912479519844055,-0.02282002940773964,-0.00037134066224098206,0.0,-0.06713581085205078,0.9843363165855408,0.7925846935468972,5.417056560516357,1.9950251579284668,5.349921226501465,2.1613407135009766,6.6582932472229,4.193143129348755,,,,,,
8789684000.0,199.33,6.900000095367432,6391222784.0,2380.9264145736533,379.0,0.03662109375,6225920.0,12275.019963026047,0.0017916359938681126,0.01312255859375,2.2848331928253174,-0.021594028919935226,0.4953824579715729,-0.022848332300782204,0.0012543033808469772,0.0,0.029899299144744873,0.9857602715492249,0.7683900253531597,5.06035041809082,1.7741670608520508,5.090249538421631,2.048295259475708,6.881355047225952,4.203877210617065,,,,,,
8789684000.0,183.77,6.400000095367432,6391222784.0,2387.7242221456577,380.0,0.03662109375,6242304.0,12281.88172698021,0.002351254690438509,0.0186767578125,2.3060059547424316,-0.021657008677721024,0.4919465184211731,-0.023060057312250137,0.0014030523598194122,0.0,-0.07100199162960052,0.9813631176948547,0.7675500626107172,5.01367712020874,1.7608249187469482,4.942675590515137,2.0354721546173096,6.861763954162598,4.193555593490601,,,,,,
8789684000.0,143.23,7.099999904632568,6391222784.0,2387.693360021592,381.0,0.05126953125,6258688.0,12288.743579626083,0.0029876092448830605,0.02740478515625,2.294914722442627,-0.022239673882722855,0.5487921833992004,-0.02294914796948433,0.0007094722241163254,0.0,0.0034370478242635727,1.0397666692733765,0.8062058982248648,5.249043941497803,2.085770845413208,5.252480983734131,2.3619229793548584,6.861852645874023,4.19151759147644,,,,,,
8789684000.0,171.96,7.400000095367432,6391222784.0,2389.743441283188,382.0,0.048828125,6275072.0,12295.59954571724,0.0036997064016759396,0.0418701171875,2.2412655353546143,-0.02117844484746456,0.5769770741462708,-0.022412654012441635,0.0012342066038399935,0.0,0.06716882437467575,1.0744646787643433,0.7810026048133204,5.1175994873046875,2.023409366607666,5.184767723083496,2.296003818511963,6.855966091156006,4.175683259963989,,,,,,
8789732000.0,153.94,7.300000190734863,6391222784.0,2417.0990354428136,383.0,0.0439453125,6291456.0,12302.377919197083,0.0033593797124922276,0.033203125,2.289242744445801,-0.021773561835289,0.42354661226272583,-0.022892426699399948,0.0011188662610948086,0.0,-0.02884441614151001,0.9213233590126038,0.8310597136143276,5.257794380187988,2.0566675662994385,5.228949546813965,2.2415337562561035,6.77837347984314,4.189583778381348,,,,,,
,,,,,,,,,,,,,,,,,,,,,,,,,,0.02088886685669422,0.7317660450935364,0.6786001920700073,0.02088886685669422,0.7317660450935364,0.6786001920700073
,,,,,,,,,,,,,,,,,,,,,,,,,,0.018877534195780754,0.6711337566375732,0.6372321248054504,0.018877534195780754,0.6711337566375732,0.6372321248054504
,,,,,,,,,,,,,,,,,,,,,,,,,,0.017877627164125443,0.6410964727401733,0.6078565120697021,0.017877627164125443,0.6410964727401733,0.6078565120697021
,,,,,,,,,,,,,,,,,,,,,,,,,,0.018547676503658295,0.6263620257377625,0.5905594825744629,0.018547676503658295,0.6263620257377625,0.5905594825744629
,,,,,,,,,,,,,,,,,,,,,,,,,,0.018035156652331352,0.6002397537231445,0.5600036382675171,0.018035156652331352,0.6002397537231445,0.5600036382675171
,,,,,,,,,,,,,,,,,,,,,,,,,,0.0185799989849329,0.5863094329833984,0.5437681674957275,0.0185799989849329,0.5863094329833984,0.5437681674957275
8789776000.0,152.93,6.0,6188634112.0,18.53121862703764,384.0,0.0360107421875,6307840.0,13186.507577896118,0.003677399829030037,0.0390625,2.310231924057007,-0.02241772599518299,0.5705122351646423,-0.02310231886804104,0.0006845910102128983,0.0,-0.1560574471950531,1.0610655546188354,0.7701487663145075,5.355579376220703,2.0044264793395996,5.199522018432617,2.213191032409668,884.1296586990356,4.2297258377075195,,,,,,
8789776000.0,162.5,7.300000190734863,6391222784.0,2472.4484408003295,385.0,0.0360107421875,6324224.0,13193.134207487106,0.0031790565699338913,0.0279541015625,2.3547146320343018,-0.022727131843566895,0.3540719151496887,-0.02354714646935463,0.0008200113661587238,0.0,0.05474270135164261,0.840275764465332,0.8476051981501247,5.147432327270508,1.9612526893615723,5.202175140380859,2.152468204498291,6.626629590988159,4.197520732879639,,,,,,
8789776000.0,169.97,7.199999809265137,6391222784.0,2487.92545898447,386.0,0.052490234375,6340608.0,13199.719613790512,0.002387864049524069,0.01837158203125,2.231715679168701,-0.021744240075349808,0.561496913433075,-0.022317156195640564,0.0005729165859520435,0.0,-0.02962571382522583,1.0574284791946411,0.8043625203205826,5.584452152252197,2.1789093017578125,5.554826736450195,2.390699625015259,6.585406303405762,4.203692197799683,,,,,,
8789776000.0,149.99,6.699999809265137,6391222784.0,2481.4053591036513,387.0,0.0469970703125,6356992.0,13206.322323799133,0.002324240282177925,0.023193359375,2.251861095428467,-0.022301875054836273,0.5808912515640259,-0.022518610581755638,0.00021673738956451416,0.0,-0.03669111430644989,1.0687462091445923,0.7897432465216316,5.214373588562012,2.0787317752838135,5.177682876586914,2.3307716846466064,6.602710008621216,4.194345235824585,,,,,,
8789776000.0,138.29,6.599999904632568,6391222784.0,2469.1114122788854,388.0,0.052490234375,6373376.0,13212.957909345627,0.002086426131427288,0.0140380859375,2.2194790840148926,-0.021934371441602707,0.6436491012573242,-0.022194791585206985,0.000260423868894577,0.0,-0.09183096140623093,1.1253622770309448,0.7795263435964366,5.2457146644592285,2.131887197494507,5.153883457183838,2.3967015743255615,6.63558554649353,4.199330568313599,,,,,,
8789776000.0,158.17,7.0,6391222784.0,2455.623495164275,389.0,0.040283203125,6389760.0,13219.629941940308,0.002148923696950078,0.0211181640625,2.2683703899383545,-0.020966777577996254,0.4014664888381958,-0.022683702409267426,0.0017169229686260223,0.0,0.008552759885787964,0.8893733620643616,0.8280673169178602,4.961612701416016,1.92842435836792,4.970165252685547,2.1448888778686523,6.672032594680786,4.200860023498535,,,,,,
8789776000.0,203.36,7.400000095367432,6391222784.0,2394.4642553103713,390.0,0.040283203125,6406144.0,13226.47239112854,0.0029395585879683495,0.02703857421875,2.2316269874572754,-0.021229013800621033,0.41441649198532104,-0.02231626957654953,0.001087253913283348,0.0,-0.01361753884702921,0.9005650281906128,0.836918779360087,4.948500633239746,2.01554274559021,4.934883117675781,2.230043649673462,6.842449188232422,4.186268091201782,,,,,,
8789776000.0,163.79,7.099999904632568,6391222784.0,2367.040566947733,391.0,0.0396728515625,6422528.0,13233.394114494324,0.0024587202351540327,0.022216796875,2.2593393325805664,-0.022098105400800705,0.43051308393478394,-0.02259339578449726,0.0004952847957611084,0.0,0.019868463277816772,0.9235565662384033,0.8225900027895305,4.940788269042969,1.9787917137145996,4.960657119750977,2.192676305770874,6.921723365783691,4.243258476257324,,,,,,
8789776000.0,178.6,7.0,6391222784.0,2457.966441348976,392.0,0.025634765625,6438912.0,13240.059787273407,0.0020478416699916124,0.01416015625,2.2972633838653564,-0.022092776373028755,0.35934996604919434,-0.022972632199525833,0.0008798548951745033,0.0,-0.05545741692185402,0.8448585271835327,0.8022959413299402,4.755680084228516,1.7164435386657715,4.700222969055176,1.9000988006591797,6.665672779083252,4.1894309520721436,,,,,,
8789776000.0,231.55,6.5,6391222784.0,2434.9898206232947,393.0,0.0262451171875,6455296.0,13246.788357496262,0.001612457912415266,0.010009765625,2.326083183288574,-0.022721048444509506,0.32460179924964905,-0.023260831832885742,0.0005397852510213852,0.0,-0.023806579411029816,0.8067953586578369,0.8072999997267793,4.633016586303711,1.6575214862823486,4.609210014343262,1.8379021883010864,6.728570222854614,4.206258058547974,,,,,,
8789776000.0,246.31,6.400000095367432,6391222784.0,2456.7858459742993,394.0,0.0238037109375,6471680.0,13253.457233428955,0.001945551484823227,0.01678466796875,2.3384037017822266,-0.0231032557785511,0.3697245121002197,-0.023384036496281624,0.00028078071773052216,0.0,-0.058915749192237854,0.8511659502983093,0.7923629829856909,4.699339866638184,1.6742547750473022,4.6404242515563965,1.8679351806640625,6.6688759326934814,4.27658224105835,,,,,,
8789776000.0,290.58,6.5,6391222784.0,2439.4086751670106,395.0,0.025634765625,6488064.0,13260.173615217209,0.003244190476834774,0.02960205078125,2.317171812057495,-0.023092839866876602,0.3488500118255615,-0.023171719163656235,7.888302206993103e-05,0.0,0.002787370700389147,0.8301002979278564,0.8245174048233082,4.8220624923706055,1.7903224229812622,4.8248491287231445,1.9815874099731445,6.716381788253784,4.207283973693848,,,,,,
8789776000.0,264.81,6.900000095367432,6391222784.0,2401.2000758242702,396.0,0.0286865234375,6504448.0,13266.996870040894,0.0021023445297032595,0.01531982421875,2.3087456226348877,-0.022604262456297874,0.43044209480285645,-0.023087454959750175,0.00048319227062165737,0.0,0.0019339227583259344,0.9233967661857605,0.7930740737690658,4.717440128326416,1.84121835231781,4.719374656677246,2.029930353164673,6.823254823684692,4.290419340133667,,,,,,
8789776000.0,231.06,7.099999904632568,6391222784.0,2399.319691881991,397.0,0.0335693359375,6520832.0,13273.825472354889,0.0033547868952155113,0.030517578125,2.31760311126709,-0.02323325350880623,0.4804849624633789,-0.023176033049821854,-5.722057539969683e-05,0.0,0.016047466546297073,0.9811674952507019,0.7736843979540285,4.681678771972656,1.8486963510513306,4.697725772857666,2.0624616146087646,6.828602313995361,4.1931679248809814,,,,,,
8789776000.0,184.14,7.5,6391222784.0,2472.3496147717537,398.0,0.0396728515625,6537216.0,13280.452366828918,0.0038270223885774612,0.0364990234375,2.2873940467834473,-0.0209636390209198,0.4038165807723999,-0.02287393994629383,0.0019103027880191803,0.0,0.05767440050840378,0.8977867364883423,0.8244254314255316,4.778924465179443,1.9013018608093262,4.836598873138428,2.142606258392334,6.626894474029541,4.202924013137817,,,,,,
8789776000.0,190.75,7.400000095367432,6391222784.0,2458.6491293142294,399.0,0.048828125,6553600.0,13287.116188764572,0.0029617208056151867,0.02691650390625,2.2306573390960693,-0.021100293844938278,0.5159076452255249,-0.022306574508547783,0.001206275075674057,0.0,0.06012620031833649,1.0162608623504639,0.8163840336172307,5.196599006652832,2.1169660091400146,5.256725311279297,2.3716464042663574,6.6638219356536865,4.210899829864502,,,,,,
8789776000.0,138.36,6.699999809265137,6391222784.0,2330.375445468969,400.0,0.0537109375,6569984.0,13294.146815538406,0.002932220231741667,0.02490234375,2.1434412002563477,-0.021221276372671127,0.6995236873626709,-0.021434415131807327,0.0002131350338459015,0.0,-0.01633124239742756,1.178881287574768,0.7547128746657001,5.417721271514893,2.1478629112243652,5.401390075683594,2.380305767059326,7.0306267738342285,4.5119218826293945,,,,,,
8789776000.0,123.88,7.099999904632568,6391222784.0,2441.3756907188294,401.0,0.05126953125,6586368.0,13300.85778594017,0.0017223205650225282,0.0125732421875,2.1199393272399902,-0.020939016714692116,0.6699939966201782,-0.021199392154812813,0.0002603726461529732,0.0,0.017474684864282608,1.1537106037139893,0.7545119076896296,5.472213268280029,2.1241652965545654,5.489687919616699,2.3285293579101562,6.710970401763916,4.209323406219482,,,,,,
8789776000.0,133.44,5.599999904632568,6391222784.0,2437.4886601467606,402.0,0.0445556640625,6602752.0,13307.579458236694,0.002378512639552355,0.02105712890625,2.102870464324951,-0.02023897133767605,0.6992382407188416,-0.021028701215982437,0.0007897298783063889,0.0,-0.16912533342838287,1.1840312480926514,0.7154366987596298,5.363146781921387,1.9281518459320068,5.194021701812744,2.219595432281494,6.721672296524048,4.19556450843811,,,,,,
8789776000.0,121.24,7.699999809265137,6391222784.0,2437.0355313762025,403.0,0.0592041015625,6619136.0,13314.30238032341,0.0019752150401473045,0.010498046875,2.0898351669311523,-0.019956476986408234,0.5386754870414734,-0.020898351445794106,0.0009418786503374577,0.0,0.11149729788303375,1.0332965850830078,0.7926221108527525,5.230318069458008,1.9242618083953857,5.341814994812012,2.2690482139587402,6.722922086715698,4.202532052993774,,,,,,
8789776000.0,112.13,7.800000190734863,6391222784.0,2434.026272311738,404.0,0.057373046875,6635520.0,13321.03361415863,0.0018769048620015383,0.01458740234375,2.0844812393188477,-0.02028794214129448,0.678738534450531,-0.02084481157362461,0.0005568682681769133,0.0,0.08530017733573914,1.1627916097640991,0.7648178559194186,5.340735912322998,2.140352725982666,5.4260358810424805,2.397726058959961,6.731233835220337,4.200714349746704,,,,,,
8789776000.0,150.03,6.300000190734863,6391222784.0,1786.1155731100332,405.0,0.04638671875,6651904.0,13330.206592798233,0.004360091872513294,0.0391845703125,2.1375339031219482,-0.02080254629254341,0.6840218901634216,-0.021375339478254318,0.0005727922543883324,0.0,-0.05226590111851692,1.1648920774459839,0.7442282206565083,5.127164840698242,1.9667390584945679,5.074898719787598,2.303347110748291,9.172978639602661,6.5301055908203125,,,,,,
8789776000.0,114.76,7.300000190734863,6391222784.0,2415.067802033642,406.0,0.068359375,6668288.0,13336.99066734314,0.00394591735675931,0.03985595703125,2.1392405033111572,-0.019665522500872612,0.7459325790405273,-0.021392403170466423,0.0017268816009163857,0.0,0.06945915520191193,1.2175242900848389,0.7753598436772876,5.592970848083496,2.2348830699920654,5.6624298095703125,2.568821668624878,6.784074544906616,4.2112836837768555,,,,,,
8789776000.0,94.09,7.5,6391222784.0,2420.3807449919627,407.0,0.0579833984375,6684672.0,13343.759850263596,0.0032431145664304495,0.02630615234375,2.156755208969116,-0.019814305007457733,0.6448878049850464,-0.02156755141913891,0.001753244549036026,0.0,0.009367326274514198,1.1284388303756714,0.7837008791946806,5.582236289978027,2.183978319168091,5.591603755950928,2.4263339042663574,6.769182920455933,4.207039833068848,,,,,,
8789776000.0,110.94,6.800000190734863,6391222784.0,2414.9150370405173,408.0,0.0506591796875,6701056.0,13350.544353961945,0.0033666512463241816,0.030517578125,2.1591086387634277,-0.020973721519112587,0.6159012317657471,-0.02159108594059944,0.0006173648871481419,0.0,-0.06281602382659912,1.106881022453308,0.7835008371273873,5.438765048980713,2.108628034591675,5.375949382781982,2.3788814544677734,6.784503698348999,4.2035791873931885,,,,,,
8789776000.0,138.45,7.099999904632568,6391222784.0,2421.7916649838753,409.0,0.057373046875,6717440.0,13357.309593200684,0.0034959237091243267,0.03436279296875,2.12557315826416,-0.019234780222177505,0.7425081133842468,-0.0212557315826416,0.0020209504291415215,0.0,-0.029361197724938393,1.2163474559783936,0.7539404520081341,5.481490135192871,2.1779675483703613,5.4521284103393555,2.4520952701568604,6.765239238739014,4.209766149520874,,,,,,
8789776000.0,129.69,7.599999904632568,6391222784.0,2446.194148774375,410.0,0.059814453125,6733824.0,13364.00734448433,0.0034582670778036118,0.03173828125,2.119929552078247,-0.020430902019143105,0.6912664175033569,-0.021199295297265053,0.0007683923467993736,0.0,0.06966453045606613,1.1722736358642578,0.7649678421894807,5.510827541351318,2.1341567039489746,5.58049201965332,2.4180498123168945,6.69775128364563,4.198872804641724,,,,,,
8789776000.0,113.08,7.599999904632568,6391222784.0,2392.616060989334,411.0,0.064697265625,6750208.0,13370.855079174042,0.001816336764022708,0.01422119140625,2.058274269104004,-0.01929612085223198,0.7011858820915222,-0.020582741126418114,0.00128662446513772,0.0,0.07285336405038834,1.1835987567901611,0.7795761071406322,5.66408109664917,2.225095748901367,5.736934661865234,2.5210142135620117,6.847734689712524,4.199558734893799,,,,,,
8789776000.0,97.9,7.5,6391222784.0,2396.3502365071326,412.0,0.0592041015625,6766592.0,13377.692143201828,0.0021991347894072533,0.018798828125,2.054410219192505,-0.020106278359889984,0.6067594289779663,-0.020544102415442467,0.00043782033026218414,0.0,0.007563072722405195,1.0985734462738037,0.7839795792251749,5.597822189331055,2.1295852661132812,5.605384826660156,2.3636417388916016,6.837064027786255,4.2328200340271,,,,,,
8789776000.0,133.49,7.699999809265137,6391222784.0,2418.802883944588,413.0,0.0494384765625,6782976.0,13384.465741872787,0.0018641254864633083,0.01422119140625,2.0754990577697754,-0.019696563482284546,0.487781822681427,-0.020754989236593246,0.0010584266856312752,0.0,0.02260666899383068,0.9827414751052856,0.7961520622065115,5.561856746673584,1.9705709218978882,5.584463119506836,2.1766364574432373,6.773598670959473,4.196581840515137,,,,,,
8789776000.0,139.06,7.300000190734863,6391222784.0,2416.69246446904,414.0,0.050048828125,6799360.0,13391.245255708694,0.003146558068692684,0.028564453125,2.0926787853240967,-0.020088352262973785,0.5604602098464966,-0.020926788449287415,0.0008384343236684799,0.0,-0.015634752810001373,1.056449294090271,0.7809644915658774,5.56755256652832,2.035248041152954,5.551917552947998,2.2573113441467285,6.779513835906982,4.186683893203735,,,,,,
8789860000.0,132.15,7.199999809265137,6391222784.0,2398.7164373400196,415.0,0.052490234375,6815744.0,13398.075575351715,0.002888062968850136,0.02655029296875,2.1428427696228027,-0.020523294806480408,0.6453615427017212,-0.0214284285902977,0.0009051300585269928,0.0,-0.06513124704360962,1.1293023824691772,0.7690354473807448,5.552209854125977,2.0638158321380615,5.487078666687012,2.3498363494873047,6.83031964302063,4.201677560806274,,,,,,
,,,,,,,,,,,,,,,,,,,,,,,,,,0.025841789320111275,0.6254400014877319,0.5793307423591614,0.025841789320111275,0.6254400014877319,0.5793307423591614
,,,,,,,,,,,,,,,,,,,,,,,,,,0.0202932246029377,0.553737223148346,0.5256374478340149,0.0202932246029377,0.553737223148346,0.5256374478340149
,,,,,,,,,,,,,,,,,,,,,,,,,,0.019945509731769562,0.5330962538719177,0.5048418045043945,0.019945509731769562,0.5330962538719177,0.5048418045043945
,,,,,,,,,,,,,,,,,,,,,,,,,,0.019093584269285202,0.5092028379440308,0.47664982080459595,0.019093584269285202,0.5092028379440308,0.47664982080459595
,,,,,,,,,,,,,,,,,,,,,,,,,,0.019134284928441048,0.49588099122047424,0.461704820394516,0.019134284928441048,0.49588099122047424,0.461704820394516
,,,,,,,,,,,,,,,,,,,,,,,,,,0.01895962469279766,0.4780305027961731,0.4425892233848572,0.01895962469279766,0.4780305027961731,0.4425892233848572
8789860000.0,134.12,6.5,6188634112.0,18.0544773985307,416.0,0.0469970703125,6832128.0,14305.551302194595,0.0019806292839348316,0.01690673828125,2.1893932819366455,-0.019990602508187294,0.753072202205658,-0.021893933415412903,0.0019033309072256088,0.0,-0.04760551452636719,1.2277452945709229,0.7379651702661167,5.241981506347656,2.120912551879883,5.194376468658447,2.398439407348633,907.4757268428802,4.207969665527344,,,,,,
8789860000.0,123.31,7.900000095367432,6391222784.0,2414.011742401768,417.0,0.05859375,6848512.0,14312.338344573975,0.0020383913069963455,0.019775390625,2.253103733062744,-0.02205551043152809,0.5663825273513794,-0.022531036287546158,0.0004755258560180664,0.0,0.03720588982105255,1.0589027404785156,0.8142271535887942,5.274599075317383,2.2138617038726807,5.31180477142334,2.4567713737487793,6.7870423793792725,4.203582048416138,,,,,,
8789860000.0,157.16,7.300000190734863,6391222784.0,2428.971285572886,418.0,0.05859375,6864896.0,14319.083586931229,0.0015819468535482883,0.0107421875,2.2188682556152344,-0.02175043523311615,0.6978170871734619,-0.022188682109117508,0.00043824431486427784,0.0,0.02500893548130989,1.182461142539978,0.7903963040353893,5.402470111846924,2.320831775665283,5.427478790283203,2.582780361175537,6.745242357254028,4.204555034637451,,,,,,
8789860000.0,99.97,6.900000095367432,6391222784.0,2437.287316014795,419.0,0.067138671875,6881280.0,14325.805814504623,0.0018348528537899256,0.01019287109375,2.1985883712768555,-0.021282602101564407,0.692197859287262,-0.02198588289320469,0.0007032789289951324,0.0,0.010917652398347855,1.1750811338424683,0.7974088368184946,5.670580863952637,2.3222455978393555,5.6814985275268555,2.610703468322754,6.722227573394775,4.185574769973755,,,,,,
8789860000.0,130.47,6.300000190734863,6391222784.0,2416.1125534492503,420.0,0.05859375,6897664.0,14332.586955547333,0.0011002738028764725,0.006103515625,2.142369031906128,-0.02145513705909252,0.8482494950294495,-0.021423688158392906,-3.144703805446625e-05,0.0,-0.022568058222532272,1.3061288595199585,0.7044669343441448,5.591031074523926,2.1471335887908936,5.56846284866333,2.4026079177856445,6.781141042709351,4.199912071228027,,,,,,
8789860000.0,99.56,6.599999904632568,6391222784.0,2374.3420103318526,421.0,0.068359375,6914048.0,14339.48739361763,0.001358832698315382,0.00762939453125,2.184123992919922,-0.02140810899436474,0.691567599773407,-0.02184123918414116,0.00043312832713127136,0.0,-0.038676340132951736,1.1742148399353027,0.7745972522634793,5.554690361022949,2.1687002182006836,5.516014099121094,2.473249673843384,6.900438070297241,4.2053492069244385,,,,,,
8789860000.0,104.8,6.800000190734863,6391222784.0,2395.2395970975554,422.0,0.0531005859375,6930432.0,14346.327627897263,0.0012187636457383633,0.0050048828125,2.1907243728637695,-0.021202106028795242,0.6731805205345154,-0.021907243877649307,0.0007051378488540649,0.0,-0.011391612701117992,1.1585042476654053,0.7646780057929504,5.289785861968994,2.0816097259521484,5.27839469909668,2.388176679611206,6.840234279632568,4.183334827423096,,,,,,
8789860000.0,112.32,8.300000190734863,6391222784.0,2444.7391792074345,423.0,0.067138671875,6946816.0,14353.029365301132,0.0023335078731179237,0.02264404296875,2.214348793029785,-0.02125716768205166,0.5757774710655212,-0.02214348316192627,0.0008863210678100586,0.0,0.10185001790523529,1.074246883392334,0.8156372036610109,5.533558368682861,2.247150182723999,5.635408878326416,2.5018861293792725,6.701737403869629,4.186451435089111,,,,,,
8789860000.0,110.23,6.900000095367432,6391222784.0,2384.8125131982088,424.0,0.048828125,6963200.0,14359.899507045746,0.002328721806406975,0.01947021484375,2.240115165710449,-0.02135622687637806,0.5407552719116211,-0.022401152178645134,0.0010449206456542015,0.0,-0.09097808599472046,1.037508249282837,0.7942046737008883,5.4069976806640625,2.0879430770874023,5.3160200119018555,2.287041425704956,6.8701417446136475,4.192227840423584,,,,,,
8789860000.0,159.37,7.300000190734863,6391222784.0,2366.113496290886,425.0,0.0439453125,6979584.0,14366.823942422867,0.0012395812664180994,0.00689697265625,2.172497510910034,-0.021304072812199593,0.5686325430870056,-0.021724972873926163,0.00042090052738785744,0.0,-0.01990462839603424,1.0634738206863403,0.7771783351588053,5.334109306335449,2.050762414932251,5.314204692840576,2.252931833267212,6.924435377120972,4.1997621059417725,,,,,,
8789860000.0,150.44,7.599999904632568,6391222784.0,2377.121372514394,426.0,0.0482177734375,6995968.0,14373.716312408447,0.0024290047585964203,0.021484375,2.231748580932617,-0.022148476913571358,0.4901295304298401,-0.022317487746477127,0.00016901083290576935,0.0,0.03153190761804581,0.9859488606452942,0.800802433930262,5.310707092285156,1.991205096244812,5.342238426208496,2.2090842723846436,6.892369985580444,4.200022220611572,,,,,,
8789860000.0,193.82,6.599999904632568,6391222784.0,2403.478352668855,427.0,0.0421142578125,7012352.0,14380.533099412918,0.0017138025723397732,0.01348876953125,2.13765811920166,-0.021308407187461853,0.6142294406890869,-0.021376579999923706,6.817467510700226e-05,0.0,-0.03248627856373787,1.1088597774505615,0.745747966099827,5.437317371368408,1.9039727449417114,5.404831409454346,2.1990976333618164,6.816787004470825,4.19868803024292,,,,,,
8789860000.0,90.16,6.699999809265137,6391222784.0,2412.4119376403614,428.0,0.0543212890625,7028736.0,14387.324642658234,0.002443315926939249,0.0177001953125,2.1742351055145264,-0.021074645221233368,0.6577585339546204,-0.021742351353168488,0.0006677042692899704,0.0,-0.01757584512233734,1.1388659477233887,0.7710638606907865,5.5252556800842285,2.1052403450012207,5.5076799392700195,2.3802103996276855,6.791543245315552,4.196066856384277,,,,,,
8789860000.0,127.76,7.5,6391222784.0,2397.94880075127,429.0,0.06591796875,7045120.0,14394.157148838043,0.001768308226019144,0.01275634765625,2.210085153579712,-0.02120392955839634,0.6406955718994141,-0.02210085093975067,0.0008969251066446304,0.0,0.06931547075510025,1.1289820671081543,0.7949047155694492,5.448699951171875,2.2195985317230225,5.518015384674072,2.492924690246582,6.83250617980957,4.332113265991211,,,,,,
8789860000.0,129.84,7.199999809265137,6391222784.0,2432.625865310937,430.0,0.0531005859375,7061504.0,14400.89225769043,0.002881860826164484,0.020263671875,2.26290225982666,-0.021508898586034775,0.638576328754425,-0.0226290225982666,0.001120121218264103,0.0,-0.0069816154427826405,1.1270900964736938,0.7932631145622848,5.7326154708862305,2.224494218826294,5.7256340980529785,2.478847026824951,6.735108852386475,4.1909894943237305,,,,,,
8789860000.0,150.06,6.900000095367432,6391222784.0,2438.099639277715,431.0,0.05859375,7077888.0,14407.612245559692,0.0019172574393451214,0.01593017578125,2.1748762130737305,-0.021831680089235306,0.711425244808197,-0.02174876257777214,-8.291751146316528e-05,0.0,0.04191336780786514,1.1883679628372192,0.7627285257119698,5.6679911613464355,2.1682162284851074,5.709904670715332,2.4396536350250244,6.719987869262695,4.1957855224609375,,,,,,
8789860000.0,113.58,7.5,6391222784.0,2435.2321213815117,432.0,0.0628662109375,7094272.0,14414.340146303177,0.0025963797233998775,0.02392578125,2.177863836288452,-0.02173641510307789,0.7275274395942688,-0.021778639405965805,4.2224302887916565e-05,0.0,-0.01629636436700821,1.2045432329177856,0.7404019220252662,5.9261627197265625,2.1592228412628174,5.9098663330078125,2.364130735397339,6.727900743484497,4.205310583114624,,,,,,
8789860000.0,124.74,7.199999809265137,6391222784.0,2406.9623083364613,433.0,0.0592041015625,7110656.0,14421.147066354752,0.0015018649864941835,0.0106201171875,2.204418420791626,-0.02088494785130024,0.7207743525505066,-0.022044183686375618,0.0011592358350753784,0.0,0.015021388418972492,1.2076311111450195,0.7365523550712307,5.603631973266602,2.0764999389648438,5.618653297424316,2.352811813354492,6.806920051574707,4.197985410690308,,,,,,
8789860000.0,130.74,7.0,6391222784.0,2399.9458798304563,434.0,0.0506591796875,7127040.0,14427.973886966705,0.0017677341820672154,0.01397705078125,2.236846923828125,-0.021791035309433937,0.644006609916687,-0.02236846834421158,0.0005774274468421936,0.0,-0.03928641974925995,1.1263999938964844,0.7678118020155269,5.573596954345703,2.056151866912842,5.534310817718506,2.3376128673553467,6.826820611953735,4.2318384647369385,,,,,,
8789860000.0,130.32,7.599999904632568,6391222784.0,2424.4601931440175,435.0,0.069580078125,7143424.0,14434.731679916382,0.003701414680108428,0.03643798828125,2.2621910572052,-0.0215687807649374,0.6612664461135864,-0.022621912881731987,0.0010531283915042877,0.0,0.06701504439115524,1.1391884088516235,0.7843710905055801,5.791070938110352,2.187498092651367,5.858085632324219,2.4532506465911865,6.757792949676514,4.220203399658203,,,,,,
8789860000.0,123.84,7.0,6391222784.0,2383.2374431093967,436.0,0.042724609375,7159808.0,14441.606362104416,0.0026604896411299706,0.02569580078125,2.312624931335449,-0.022225214168429375,0.4813370108604431,-0.023126251995563507,0.0009010392241179943,0.0,-0.06173380836844444,0.9759140014648438,0.7986010650081099,5.446719169616699,1.952842116355896,5.384984970092773,2.1746182441711426,6.874682188034058,4.216123580932617,,,,,,
8789860000.0,134.88,6.699999809265137,6391222784.0,2412.5008635674385,437.0,0.03662109375,7176192.0,14448.397655010223,0.001974597107619047,0.0167236328125,2.300276279449463,-0.0217604823410511,0.4332817494869232,-0.023002762347459793,0.0012422788422554731,0.0,-0.010693520307540894,0.9301891326904297,0.7943540597706115,5.311423301696777,1.8399461507797241,5.300729751586914,2.051215410232544,6.791292905807495,4.208573579788208,,,,,,
8789860000.0,158.74,6.699999809265137,6391222784.0,2393.021987240903,438.0,0.0286865234375,7192576.0,14455.244228124619,0.002688049338757992,0.0257568359375,2.325287342071533,-0.022114675492048264,0.3613630533218384,-0.02325287275016308,0.001138199120759964,0.0,-0.0786413848400116,0.8525286912918091,0.7999667520264592,5.175225734710693,1.7288933992385864,5.096584320068359,1.906153917312622,6.846573114395142,4.221704006195068,,,,,,
8789860000.0,205.79,7.400000095367432,6391222784.0,2370.8158330579668,439.0,0.040283203125,7208960.0,14462.15492939949,0.0026469193398952484,0.0228271484375,2.325566291809082,-0.022490061819553375,0.38516920804977417,-0.023255664855241776,0.0007655983790755272,0.0,0.0054967994801700115,0.8746172785758972,0.8371841843992979,5.203105926513672,1.895495891571045,5.2086029052734375,2.167553186416626,6.910701274871826,4.212394952774048,,,,,,
8789860000.0,195.6,7.0,6391222784.0,2393.561852519522,440.0,0.042724609375,7225344.0,14468.999958276749,0.003401434514671564,0.0360107421875,2.302947759628296,-0.022493943572044373,0.4941805303096771,-0.023029478266835213,0.0005355402827262878,0.0,-0.004335980862379074,0.9944146871566772,0.7845375666651873,5.120927810668945,1.9043940305709839,5.116591930389404,2.1423075199127197,6.845028877258301,4.20915961265564,,,,,,
8789860000.0,137.76,7.599999904632568,6391222784.0,2350.360364632868,441.0,0.0506591796875,7241728.0,14475.970804214478,0.0027379270177334547,0.028564453125,2.3108716011047363,-0.022684279829263687,0.5063475370407104,-0.023108717054128647,0.00042443908751010895,0.0,-0.0038216577377170324,1.001266598701477,0.822993893545921,5.2939043045043945,2.1089351177215576,5.290082931518555,2.3798835277557373,6.970845937728882,4.317537307739258,,,,,,
8789860000.0,186.81,6.699999809265137,6391222784.0,2405.6014511852245,442.0,0.042724609375,7258112.0,14482.781574964523,0.0031010080128908157,0.03045654296875,2.276801347732544,-0.023212168365716934,0.49783551692962646,-0.022768013179302216,-0.0004441533237695694,0.0,-0.03614063560962677,0.9913930296897888,0.809192156113239,5.165824890136719,2.0307693481445312,5.129683971405029,2.2695915699005127,6.810770750045776,4.273928165435791,,,,,,
8789860000.0,158.39,7.099999904632568,6391222784.0,2397.65019894333,443.0,0.052490234375,7274496.0,14489.614932060242,0.0029136124067008495,0.02545166015625,2.2039403915405273,-0.020749323070049286,0.6109533309936523,-0.02203940413892269,0.0012900810688734055,0.0,0.05814463272690773,1.1034334897994995,0.7907179793738726,5.318197250366211,2.1557304859161377,5.376341819763184,2.4120161533355713,6.833357095718384,4.190044164657593,,,,,,
8789860000.0,143.37,6.900000095367432,6391222784.0,2385.377163422004,444.0,0.0531005859375,7290880.0,14496.483447551727,0.0035160034894943237,0.03594970703125,2.215226650238037,-0.021536193788051605,0.5746133923530579,-0.022152267396450043,0.0006160736083984375,0.0,-0.028077661991119385,1.0686157941818237,0.8065463775087923,5.447054862976074,2.211416006088257,5.418976783752441,2.4295904636383057,6.868515491485596,4.200281858444214,,,,,,
8789860000.0,126.9,7.800000190734863,6391222784.0,2383.7026182078525,445.0,0.0616455078125,7307264.0,14503.356788158417,0.002100504469126463,0.015625,2.171302318572998,-0.020286500453948975,0.6103082895278931,-0.021713022142648697,0.0014265254139900208,0.0,0.11692220717668533,1.0982873439788818,0.8057668637068027,5.4213433265686035,2.2202227115631104,5.538265705108643,2.4920361042022705,6.873340606689453,4.213679075241089,,,,,,
8789860000.0,144.3,7.400000095367432,6391222784.0,2298.9529660148132,446.0,0.0518798828125,7323648.0,14510.48351073265,0.002085248241201043,0.0167236328125,2.195085287094116,-0.021732045337557793,0.6177546381950378,-0.021950850263237953,0.00021880690474063158,0.0,0.018083646893501282,1.104977011680603,0.7863345770456711,5.326107501983643,2.16062068939209,5.344191074371338,2.3904855251312256,7.126722574234009,4.240175008773804,,,,,,
8789860000.0,119.7,7.5,6391222784.0,2328.836949434878,447.0,0.069580078125,7340032.0,14517.518782138824,0.003714808262884617,0.03546142578125,2.153743267059326,-0.01999606564640999,0.73641437292099,-0.021537434309720993,0.0015413705259561539,0.0,0.042156241834163666,1.2079646587371826,0.7811083878866851,5.743606090545654,2.2978639602661133,5.785762310028076,2.5819013118743896,7.035271406173706,4.200565814971924,,,,,,
,,,,,,,,,,,,,,,,,,,,,,,,,,0.026969321072101593,0.6559311151504517,0.6068387031555176,0.026969321072101593,0.6559311151504517,0.6068387031555176
,,,,,,,,,,,,,,,,,,,,,,,,,,0.023516524583101273,0.5927206873893738,0.5614048838615417,0.023516524583101273,0.5927206873893738,0.5614048838615417
,,,,,,,,,,,,,,,,,,,,,,,,,,0.02245750091969967,0.5673184394836426,0.5345996618270874,0.02245750091969967,0.5673184394836426,0.5345996618270874
,,,,,,,,,,,,,,,,,,,,,,,,,,0.02293657325208187,0.5482208132743835,0.5125211477279663,0.02293657325208187,0.5482208132743835,0.5125211477279663
,,,,,,,,,,,,,,,,,,,,,,,,,,0.023021234199404716,0.5323415994644165,0.49258387088775635,0.023021234199404716,0.5323415994644165,0.49258387088775635
,,,,,,,,,,,,,,,,,,,,,,,,,,0.022586379200220108,0.5157535076141357,0.4731878936290741,0.022586379200220108,0.5157535076141357,0.4731878936290741
8789860000.0,105.59,7.199999809265137,6188634112.0,18.513774640677994,448.0,0.0677490234375,7356416.0,15402.481482505798,0.001669607823714614,0.01116943359375,2.236623525619507,-0.021992824971675873,0.7054508924484253,-0.0223662368953228,0.0003734119236469269,0.0,0.027239026501774788,1.184080958366394,0.7962981007539813,5.713005065917969,2.404278039932251,5.7402448654174805,2.623518228530884,884.9627003669739,4.363996982574463,,,,,,
8789860000.0,96.97,7.800000190734863,6391222784.0,2417.905441655149,449.0,0.0634765625,7372800.0,15409.257595300674,0.0023978063836693764,0.02301025390625,2.171649217605591,-0.021555865183472633,0.7208878397941589,-0.021716490387916565,0.0001606270670890808,0.0,0.03453994542360306,1.2030677795410156,0.7707990841580564,5.774713516235352,2.295426607131958,5.809253692626953,2.512939453125,6.776112794876099,4.210980415344238,,,,,,
8789860000.0,134.37,8.100000381469727,6391222784.0,2387.438860880043,450.0,0.0653076171875,7389184.0,15416.12017941475,0.0009643494850024581,0.00433349609375,2.143496513366699,-0.021166158840060234,0.6976729035377502,-0.02143496461212635,0.0002688029780983925,0.0,0.07090608030557632,1.1770336627960205,0.7646334038454095,5.907778739929199,2.1996896266937256,5.978684902191162,2.4261443614959717,6.862584114074707,4.199580430984497,,,,,,
8789860000.0,101.85,6.300000190734863,6391222784.0,2394.8304144663357,451.0,0.05615234375,7405568.0,15422.961582422256,0.0027092720847576857,0.02484130859375,2.141613245010376,-0.021411508321762085,0.7624400854110718,-0.021416131407022476,4.6193599700927734e-06,0.0,-0.10940903425216675,1.209333896636963,0.7387824138861897,5.7886128425598145,2.0397520065307617,5.679203987121582,2.36616587638855,6.841403007507324,4.193893194198608,,,,,,
8789860000.0,132.59,7.099999904632568,6391222784.0,2369.336876654424,452.0,0.0537109375,7421952.0,15429.87659740448,0.0013848902890458703,0.00848388671875,2.165149211883545,-0.021644731983542442,0.6318472623825073,-0.021651491522789,6.7604705691337585e-06,0.0,0.04926009103655815,1.1197856664657593,0.7475799305815226,5.483424663543701,1.9538607597351074,5.532685279846191,2.2288100719451904,6.915014982223511,4.1865715980529785,,,,,,
8789860000.0,108.02,7.599999904632568,6391222784.0,2422.0606266269597,453.0,0.0714111328125,7438336.0,15436.641085386276,0.0031216784846037626,0.0302734375,2.143188238143921,-0.020016459748148918,0.6068716049194336,-0.021431881934404373,0.0014154233504086733,0.0,-0.01045974064618349,1.103729009628296,0.8065924449945634,5.899150371551514,2.224825382232666,5.88869047164917,2.5097227096557617,6.764487981796265,4.200061082839966,,,,,,
8789860000.0,147.37,7.400000095367432,6391222784.0,2414.381444817332,454.0,0.0506591796875,7454720.0,15443.42708849907,0.0011277548037469387,0.00640869140625,2.225706100463867,-0.021767063066363335,0.5685040950775146,-0.022257057949900627,0.0004899995401501656,0.0,-0.01223808154463768,1.0636484622955322,0.7950682223190937,5.746512413024902,2.127208709716797,5.734273910522461,2.3495967388153076,6.786003112792969,4.198920249938965,,,,,,
8789860000.0,150.65,6.699999809265137,6391222784.0,2425.2886382267643,455.0,0.0457763671875,7471104.0,15450.182573080063,0.002139660995453596,0.0179443359375,2.215667963027954,-0.021696340292692184,0.6105464696884155,-0.02215667814016342,0.00046034064143896103,0.0,-0.06755933910608292,1.1028183698654175,0.7396347969416145,5.578187942504883,1.900551676750183,5.510628700256348,2.1612865924835205,6.755484580993652,4.201545000076294,,,,,,
8789860000.0,176.47,7.099999904632568,6391222784.0,2387.77010199282,456.0,0.0372314453125,7487488.0,15457.044205188751,0.002045929431915283,0.01617431640625,2.288641929626465,-0.023155396804213524,0.4643735885620117,-0.02288641966879368,-0.00026897527277469635,0.0,0.014961527660489082,0.9649573564529419,0.784871722464972,5.374963283538818,1.8531237840652466,5.389925003051758,2.0804600715637207,6.8616321086883545,4.197822570800781,,,,,,
8789860000.0,128.6,7.5,6391222784.0,2367.1724125862743,457.0,0.050048828125,7503872.0,15463.965543031693,0.0032966393046081066,0.0311279296875,2.242384910583496,-0.02190101332962513,0.5338995456695557,-0.022423848509788513,0.0005228333175182343,0.0,0.003973800223320723,1.031497836112976,0.7941074548839926,5.385614395141602,1.9722610712051392,5.389587879180908,2.273253917694092,6.921337842941284,4.207000970840454,,,,,,
8789860000.0,151.51,7.400000095367432,6391222784.0,2436.945738181379,458.0,0.0433349609375,7520256.0,15470.688712835312,0.0020036413334310055,0.0142822265625,2.2720329761505127,-0.022193551063537598,0.4692845642566681,-0.022720329463481903,0.0005267786327749491,0.0,-0.045991234481334686,0.9697071313858032,0.8035328764762723,5.301982402801514,1.9847241640090942,5.255990982055664,2.1877400875091553,6.723169803619385,4.207838535308838,,,,,,
8789860000.0,174.03,6.800000190734863,6391222784.0,2419.4757427929826,459.0,0.0457763671875,7536640.0,15477.460427761078,0.002496806439012289,0.01947021484375,2.2525887489318848,-0.022690709680318832,0.4887259006500244,-0.022525884211063385,-0.00016482733190059662,0.0,-0.033504895865917206,0.9860541224479675,0.7984674363284185,5.1741943359375,1.9201328754425049,5.140689373016357,2.196484088897705,6.771714925765991,4.204052209854126,,,,,,
8789860000.0,177.85,6.699999809265137,6391222784.0,2408.0292525920677,460.0,0.0439453125,7553024.0,15484.264331817627,0.0034454227425158024,0.0316162109375,2.240224838256836,-0.021915452554821968,0.5521813631057739,-0.02240224927663803,0.0004867962561547756,0.0,-0.033101387321949005,1.047226071357727,0.769096407173015,5.185364723205566,1.9011834859848022,5.152263164520264,2.1793408393859863,6.803904056549072,4.211766481399536,,,,,,
8789860000.0,150.54,7.199999809265137,6391222784.0,2372.471905517175,461.0,0.0372314453125,7569408.0,15491.170209169388,0.0017466688295826316,0.01214599609375,2.30975341796875,-0.022366371005773544,0.43203461170196533,-0.023097537457942963,0.0007311620283871889,0.0,0.0032360944896936417,0.9284895062446594,0.8095291257368307,4.914237976074219,1.8994067907333374,4.917474269866943,2.1274666786193848,6.905877351760864,4.200292110443115,,,,,,
8789860000.0,192.83,7.199999809265137,6391222784.0,2386.459280294381,462.0,0.0372314453125,7585792.0,15498.035610198975,0.0019428418017923832,0.0185546875,2.3027915954589844,-0.02243632636964321,0.388846218585968,-0.02302791364490986,0.0005915877409279346,0.0,0.04911121726036072,0.872818112373352,0.8303651952652495,4.92836856842041,1.8887619972229004,4.977479457855225,2.1191723346710205,6.865401029586792,4.298767328262329,,,,,,
8789860000.0,168.61,8.0,6391222784.0,2409.9158811614857,463.0,0.0347900390625,7602176.0,15504.834187746048,0.0024858959950506687,0.02105712890625,2.299355983734131,-0.02129991725087166,0.37748491764068604,-0.022993559017777443,0.0016936436295509338,0.0,0.016021011397242546,0.8623217940330505,0.8224147314647141,4.879570960998535,1.8539295196533203,4.89559268951416,2.0462849140167236,6.798577547073364,4.215535879135132,,,,,,
8789860000.0,217.42,6.599999904632568,6391222784.0,2376.9073507526364,464.0,0.023193359375,7618560.0,15511.72717833519,0.00439799576997757,0.04547119140625,2.348905563354492,-0.02051450125873089,0.37570253014564514,-0.023489052429795265,0.002974551171064377,0.0,-0.09545646607875824,0.8629212975502014,0.8013012592146511,4.650425910949707,1.7383365631103516,4.55496883392334,1.9358571767807007,6.892990589141846,4.199347972869873,,,,,,
8789860000.0,232.88,6.800000190734863,6391222784.0,2332.9308748879907,465.0,0.02685546875,7634944.0,15518.7501039505,0.0021138982847332954,0.0177001953125,2.3389408588409424,-0.02297510765492916,0.32435134053230286,-0.023389406502246857,0.0004142993129789829,0.0,-0.020939281210303307,0.7976641654968262,0.8453994121819106,4.556715965270996,1.8675460815429688,4.5357770919799805,2.0286848545074463,7.022925615310669,4.3219311237335205,,,,,,
8789860000.0,197.27,7.099999904632568,6391222784.0,2345.1139488009812,466.0,0.03662109375,7651328.0,15525.736544847488,0.0020375249441713095,0.0167236328125,2.3094727993011475,-0.022642962634563446,0.4194670021533966,-0.023094728589057922,0.00045176688581705093,0.0,-0.025917544960975647,0.9130306243896484,0.826139039611503,4.6615891456604,1.9650322198867798,4.635671615600586,2.1896989345550537,6.986440896987915,4.208780288696289,,,,,,
8789860000.0,235.34,6.800000190734863,6391222784.0,2408.4274270663605,467.0,0.040283203125,7667712.0,15532.539324045181,0.00191427581012249,0.01226806640625,2.2293014526367188,-0.021806631237268448,0.4730643630027771,-0.022293012589216232,0.00048638368025422096,0.0,-0.0076382821425795555,0.9742313027381897,0.8088712809955432,4.9863057136535645,2.0019829273223877,4.978667259216309,2.2284300327301025,6.802779197692871,4.266554355621338,,,,,,
8789860000.0,178.44,7.099999904632568,6391222784.0,2353.251680813908,468.0,0.0421142578125,7684096.0,15539.501605272293,0.0035511981695890427,0.03466796875,2.1436960697174072,-0.01977422833442688,0.5053094625473022,-0.021436963230371475,0.001662735128775239,0.0,0.017253922298550606,1.0070397853851318,0.7977132611226218,4.980888843536377,2.015444755554199,4.998142719268799,2.2390453815460205,6.962281227111816,4.217475414276123,,,,,,
8789860000.0,161.94,7.0,6391222784.0,2343.851049450927,469.0,0.0335693359375,7700480.0,15546.491810560226,0.0034717952366918325,0.02960205078125,2.2413642406463623,-0.022118980064988136,0.4311271011829376,-0.022413641214370728,0.0002946518361568451,0.0,-0.01872340403497219,0.9298974871635437,0.8029768703037006,4.787115097045898,1.906186819076538,4.768392086029053,2.094963788986206,6.99020528793335,4.206557035446167,,,,,,
8789860000.0,214.25,7.5,6391222784.0,2370.722347419379,470.0,0.0408935546875,7716864.0,15553.402784347534,0.0028901095502078533,0.02862548828125,2.2669973373413086,-0.02178071066737175,0.4928429126739502,-0.022669974714517593,0.0008892668411135674,0.0,0.10196155309677124,0.9835390448570251,0.8106050907242621,4.887233734130859,2.047051429748535,4.989195823669434,2.259995698928833,6.910973787307739,4.270329475402832,,,,,,
8789860000.0,208.38,6.699999809265137,6391222784.0,2324.1173667914986,471.0,0.032958984375,7733248.0,15560.452342271805,0.0016722872387617826,0.01092529296875,2.2846570014953613,-0.022550569847226143,0.4836274981498718,-0.02284657023847103,0.0002959948033094406,0.0,-0.032513029873371124,0.9725579619407654,0.7616516626234674,4.786417484283447,1.7713408470153809,4.753904342651367,1.9920917749404907,7.04955792427063,4.232488393783569,,,,,,
8789860000.0,204.57,6.800000190734863,6391222784.0,2383.6315943061436,472.0,0.040283203125,7749632.0,15567.325887680054,0.0021610104013234377,0.0174560546875,2.2515807151794434,-0.022335823625326157,0.5568550229072571,-0.022515807300806046,0.00017998367547988892,0.0,0.044866062700748444,1.0525528192520142,0.7833507956727579,5.076091289520264,1.999886393547058,5.120957374572754,2.261338233947754,6.873545408248901,4.311186790466309,,,,,,
8789860000.0,147.89,7.300000190734863,6391222784.0,2414.2928043021957,473.0,0.0482177734375,7766016.0,15574.112139940262,0.0026618377305567265,0.02490234375,2.247349739074707,-0.022070540115237236,0.5631253123283386,-0.022473499178886414,0.00040295859798789024,0.0,0.01573043502867222,1.0527204275131226,0.7897233419578238,5.319748401641846,2.068004608154297,5.335478782653809,2.295712471008301,6.78625226020813,4.193544387817383,,,,,,
8789860000.0,131.73,7.199999809265137,6391222784.0,2380.4485515577317,474.0,0.0439453125,7782400.0,15580.994876384735,0.0024524128530174494,0.021728515625,2.2240822315216064,-0.01998525857925415,0.5263059139251709,-0.02224082127213478,0.0022555608302354813,0.0,0.03320751339197159,1.0224744081497192,0.7931709865197739,5.190054416656494,2.0106282234191895,5.223261833190918,2.248260736465454,6.882736444473267,4.319355249404907,,,,,,
8789860000.0,172.37,6.800000190734863,6391222784.0,2385.051221412703,475.0,0.0421142578125,7798784.0,15587.864330530167,0.003669452853500843,0.0406494140625,2.166550874710083,-0.020754285156726837,0.5350297689437866,-0.021665511652827263,0.0009112246334552765,0.0,0.007619720418006182,1.0361790657043457,0.792543012694649,5.362648963928223,2.031853675842285,5.370268821716309,2.274944305419922,6.8694541454315186,4.31366229057312,,,,,,
8789860000.0,140.29,6.699999809265137,6391222784.0,2378.440557482746,476.0,0.062255859375,7815168.0,15594.75287771225,0.002598642138764262,0.02508544921875,2.0790014266967773,-0.02070506475865841,0.8427890539169312,-0.020790014415979385,8.494779467582703e-05,0.0,-0.04263898730278015,1.2982488870620728,0.7406741097703536,5.786758899688721,2.2640602588653564,5.744119644165039,2.5493826866149902,6.88854718208313,4.264217376708984,,,,,,
8789860000.0,111.5,7.099999904632568,6391222784.0,2369.924543469634,477.0,0.0604248046875,7831552.0,15601.666177988052,0.0031367142219096422,0.0286865234375,2.0846357345581055,-0.02002970688045025,0.674660325050354,-0.020846357569098473,0.0008166506886482239,0.0,0.08463439345359802,1.155569076538086,0.7719472638900179,5.534182071685791,2.163095474243164,5.618816375732422,2.419793128967285,6.913300275802612,4.216999053955078,,,,,,
8789860000.0,116.87,7.400000095367432,6391222784.0,2405.5334950336487,478.0,0.0640869140625,7847936.0,15608.477141141891,0.0038276081904768944,0.04180908203125,2.1569409370422363,-0.021149903535842896,0.6267013549804688,-0.02156940847635269,0.00041950750164687634,0.0,0.04598407819867134,1.111345887184143,0.7953301483012309,5.538971900939941,2.187248706817627,5.584956169128418,2.4565317630767822,6.810963153839111,4.2751145362854,,,,,,
8789860000.0,114.41,7.599999904632568,6391222784.0,2339.7976889010315,479.0,0.0628662109375,7864320.0,15615.479455947876,0.002598702907562256,0.02313232421875,2.173717498779297,-0.021453091874718666,0.6289652585983276,-0.021737175062298775,0.0002840813249349594,0.0,0.10540017485618591,1.1212999820709229,0.7980057844741706,5.522131443023682,2.2256739139556885,5.6275315284729,2.4948947429656982,7.002314805984497,4.22786808013916,,,,,,
,,,,,,,,,,,,,,,,,,,,,,,,,,0.022398920729756355,0.5974846482276917,0.562874436378479,0.022398920729756355,0.5974846482276917,0.562874436378479
,,,,,,,,,,,,,,,,,,,,,,,,,,0.019293561577796936,0.5490164160728455,0.5305039882659912,0.019293561577796936,0.5490164160728455,0.5305039882659912
,,,,,,,,,,,,,,,,,,,,,,,,,,0.01843845471739769,0.5206267237663269,0.49384742975234985,0.01843845471739769,0.5206267237663269,0.49384742975234985
,,,,,,,,,,,,,,,,,,,,,,,,,,0.0186017993837595,0.5046494603157043,0.47338947653770447,0.0186017993837595,0.5046494603157043,0.47338947653770447
,,,,,,,,,,,,,,,,,,,,,,,,,,0.01937032677233219,0.4880109429359436,0.453749418258667,0.01937032677233219,0.4880109429359436,0.453749418258667
,,,,,,,,,,,,,,,,,,,,,,,,,,0.019157830625772476,0.4700603485107422,0.43016424775123596,0.019157830625772476,0.4700603485107422,0.43016424775123596
8789860000.0,110.48,7.900000095367432,6188634112.0,18.51891597869888,480.0,0.067138671875,7880704.0,16500.196467399597,0.0017012611497193575,0.010009765625,2.1593332290649414,-0.022681059315800667,0.6243888139724731,-0.021593332290649414,-0.001087724231183529,0.0,0.0382525771856308,1.117487907409668,0.7955174884667859,5.767882823944092,2.2706539630889893,5.806135177612305,2.471238374710083,884.7170114517212,4.265039682388306,,,,,,
8789860000.0,109.29,7.400000095367432,6391222784.0,2396.667739316176,481.0,0.0732421875,7897088.0,16507.0326256752,0.0024428199976682663,0.01910400390625,2.118086099624634,-0.02070554345846176,0.7610176205635071,-0.021180860698223114,0.0004753149696625769,0.0,-0.000520952045917511,1.2305837869644165,0.7854667991241828,5.777400016784668,2.3684754371643066,5.776878833770752,2.6568310260772705,6.836158275604248,4.194391965866089,,,,,,
8789860000.0,110.87,7.800000190734863,6391222784.0,2393.9563406900324,482.0,0.0732421875,7913472.0,16513.876526594162,0.0032185357995331287,0.02911376953125,2.1231071949005127,-0.02073676697909832,0.6863642930984497,-0.021231070160865784,0.0004943050444126129,0.0,0.04861832037568092,1.1680494546890259,0.7915196707857715,5.734843730926514,2.2768361568450928,5.783461570739746,2.5581653118133545,6.843900918960571,4.197295904159546,,,,,,
8789860000.0,104.15,6.800000190734863,6391222784.0,2357.4918996105616,483.0,0.072021484375,7929856.0,16520.826285362244,0.0015957591822370887,0.01220703125,2.0990660190582275,-0.02127913013100624,0.8565157651901245,-0.020990658551454544,-0.0002884704153984785,0.0,-0.06791218370199203,1.3084782361984253,0.7502898343504524,5.78995418548584,2.3263437747955322,5.722041606903076,2.618474006652832,6.949758768081665,4.182276487350464,,,,,,
8789860000.0,105.45,7.900000095367432,6391222784.0,2427.0057706457137,484.0,0.072021484375,7946240.0,16527.576990365982,0.0024574552662670612,0.02105712890625,2.1261396408081055,-0.02021297812461853,0.616353452205658,-0.021261394023895264,0.001048415433615446,0.0,0.021780822426080704,1.1136811971664429,0.8078581550758185,5.695681571960449,2.304906129837036,5.717462062835693,2.5406792163848877,6.750705003738403,4.2085466384887695,,,,,,
8789860000.0,93.72,7.0,6391222784.0,2330.8610845736594,485.0,0.048828125,7962624.0,16534.606152296066,0.002925523556768894,0.0289306640625,2.1954822540283203,-0.020891448482871056,0.5471664667129517,-0.021954825147986412,0.001063378993421793,0.0,-0.06581591814756393,1.0423624515533447,0.7902898232723138,5.417258262634277,2.0325324535369873,5.351442337036133,2.2761926651000977,7.0291619300842285,4.200389385223389,,,,,,
8789860000.0,159.5,7.0,6391222784.0,2365.3816441200456,486.0,0.0396728515625,7979008.0,16541.53273010254,0.0024019440170377493,0.02044677734375,2.2270379066467285,-0.021700900048017502,0.430843710899353,-0.022270379588007927,0.0005694804713129997,0.0,-0.020771294832229614,0.9229124188423157,0.8084546635868712,5.117120265960693,1.8826721906661987,5.096349239349365,2.108748197555542,6.926577806472778,4.192385911941528,,,,,,
8789860000.0,207.46,6.900000095367432,6391222784.0,2421.874114028566,487.0,0.0408935546875,7995392.0,16548.29773902893,0.0009363926365040243,0.00469970703125,2.2022581100463867,-0.021404091268777847,0.5342978835105896,-0.022022580727934837,0.0006184987723827362,0.0,0.002922462299466133,1.0312738418579102,0.7782095807734661,5.313032150268555,1.960976481437683,5.315954685211182,2.1897900104522705,6.765008926391602,4.1977174282073975,,,,,,
8789860000.0,152.03,7.699999809265137,6391222784.0,2423.8255946856584,488.0,0.0506591796875,8011776.0,16555.057301282883,0.0019471300765872002,0.01239013671875,2.198817014694214,-0.02149934507906437,0.48757800459861755,-0.021988170221447945,0.0004888223484158516,0.0,0.048519670963287354,0.9853775501251221,0.8225687222220821,5.423582077026367,2.1054844856262207,5.472101211547852,2.339308261871338,6.759562253952026,4.198658466339111,,,,,,
8789860000.0,161.29,6.900000095367432,6391222784.0,2413.5038089187233,489.0,0.030517578125,8028160.0,16561.84577202797,0.00164452672470361,0.011474609375,2.2058210372924805,-0.022039171308279037,0.43725907802581787,-0.022058209404349327,1.9039027392864227e-05,0.0,-0.06057622283697128,0.9343311190605164,0.8006194363164173,5.202559947967529,1.923596978187561,5.141983985900879,2.0924718379974365,6.78847074508667,4.193450689315796,,,,,,
8789860000.0,155.47,7.400000095367432,6391222784.0,2405.5334950336487,490.0,0.040283203125,8044544.0,16568.65673518181,0.0023691742680966854,0.02020263671875,2.1813273429870605,-0.020572301000356674,0.4627903401851654,-0.021813273429870605,0.0012409738264977932,0.0,0.04919019713997841,0.9529174566268921,0.7899734322816486,5.1746344566345215,1.8692667484283447,5.223824501037598,2.0793046951293945,6.810963153839111,4.208502292633057,,,,,,
8789860000.0,195.63,7.199999809265137,6391222784.0,2396.9374195056103,491.0,0.0439453125,8060928.0,16575.492124319077,0.0021409313194453716,0.0172119140625,2.136686086654663,-0.020834121853113174,0.5258017778396606,-0.02136686071753502,0.0005327388644218445,0.0,0.013861967250704765,1.0299839973449707,0.794980915626224,5.489724159240723,2.0550882816314697,5.503586769104004,2.274749279022217,6.835389137268066,4.197144985198975,,,,,,
8789860000.0,216.96,7.0,6391222784.0,2392.0063473583064,492.0,0.052490234375,8077312.0,16582.341604471207,0.0016425616340711713,0.01275634765625,2.1338107585906982,-0.021387865766882896,0.5486085414886475,-0.02133810520172119,-4.976056516170502e-05,0.0,-0.020168432965874672,1.0470257997512817,0.8012768674804398,5.535384654998779,2.075605869293213,5.515215873718262,2.3487298488616943,6.849480152130127,4.19140625,,,,,,
8789860000.0,117.1,8.0,6391222784.0,2357.095996380911,493.0,0.0543212890625,8093696.0,16589.29253053665,0.0018782630795612931,0.01300048828125,2.0910065174102783,-0.02058425173163414,0.5697676539421082,-0.02091006189584732,0.0003258120268583298,0.0,0.12007646262645721,1.059376835823059,0.7940769009455373,5.614072799682617,2.1197516918182373,5.734148979187012,2.334521532058716,6.950926065444946,4.216132164001465,,,,,,
8789860000.0,147.33,8.0,6391222784.0,2424.532730065105,494.0,0.064697265625,8110080.0,16596.050121307373,0.0016319795977324247,0.01019287109375,1.9970965385437012,-0.01968824304640293,0.6515862345695496,-0.019970962777733803,0.0002827215939760208,0.0,0.07065866887569427,1.143735408782959,0.7621494968616692,5.894333839416504,2.117555618286133,5.964992046356201,2.345165729522705,6.7575907707214355,4.201780319213867,,,,,,
8789860000.0,102.4,7.699999809265137,6391222784.0,2474.562682388758,495.0,0.067138671875,8126464.0,16602.671089172363,0.003692620899528265,0.0396728515625,2.0349655151367188,-0.019412368535995483,0.8177386522293091,-0.02034965716302395,0.000937288161367178,0.0,-0.006955547258257866,1.2791796922683716,0.7235146609167222,6.048540115356445,2.1604669094085693,6.041584014892578,2.432737350463867,6.620967864990234,4.216189622879028,,,,,,
8789860000.0,126.88,7.0,6391222784.0,2418.2919112411137,496.0,0.059814453125,8142848.0,16609.446119070053,0.0024447045288980007,0.0225830078125,2.0543692111968994,-0.020072665065526962,0.7095499038696289,-0.020543692633509636,0.0004710261709988117,0.0,0.004950769245624542,1.1916786432266235,0.7368831431966381,5.944727897644043,2.0636470317840576,5.949678897857666,2.323190212249756,6.775029897689819,4.20678448677063,,,,,,
8789860000.0,106.11,7.400000095367432,6391222784.0,2419.660437789342,497.0,0.074462890625,8159232.0,16616.21731710434,0.0022310162894427776,0.0179443359375,2.0664007663726807,-0.02026168815791607,0.7872681021690369,-0.02066400833427906,0.00040232017636299133,0.0,0.03614494949579239,1.2515619993209839,0.746696809853213,6.0506272315979,2.1785340309143066,6.0867719650268555,2.486748456954956,6.771198034286499,4.209217071533203,,,,,,
8789860000.0,119.31,7.699999809265137,6391222784.0,2417.555241170913,498.0,0.0689697265625,8175616.0,16622.994411468506,0.0013931489083915949,0.00970458984375,2.0285723209381104,-0.019841913133859634,0.6725146770477295,-0.020285721868276596,0.00044380733743309975,0.0,0.030857481062412262,1.1619685888290405,0.7670727141740213,6.101481914520264,2.1167125701904297,6.1323394775390625,2.4075992107391357,6.77709436416626,4.253751039505005,,,,,,
8789860000.0,108.84,7.400000095367432,6391222784.0,2347.210503724022,499.0,0.0726318359375,8192000.0,16629.974611997604,0.0016941644717007875,0.01275634765625,2.0035853385925293,-0.019540593028068542,0.7839216589927673,-0.02003585174679756,0.0004952573217451572,0.0,0.02453991211950779,1.251515507698059,0.7185229142902524,6.259206771850586,2.072885513305664,6.283746719360352,2.3589279651641846,6.980200529098511,4.379908084869385,,,,,,
8789860000.0,77.21,7.900000095367432,6391222784.0,2397.5207080275864,500.0,0.0775146484375,8208384.0,16636.808338165283,0.0026534870266914368,0.02435302734375,2.0271096229553223,-0.019768131896853447,0.7548375725746155,-0.020271096378564835,0.0005029628518968821,0.0,-0.026151981204748154,1.2252596616744995,0.7468476823644845,6.35136604309082,2.1521055698394775,6.325214385986328,2.4352145195007324,6.833726167678833,4.220327615737915,,,,,,
8789860000.0,117.33,7.0,6391222784.0,2278.4519875086035,501.0,0.0616455078125,8224768.0,16643.999185323715,0.0022838260047137737,0.021728515625,2.0192983150482178,-0.019855566322803497,0.7444493174552917,-0.020192984491586685,0.0003374191001057625,0.0,-0.06350059807300568,1.2158390283584595,0.7197250125834904,6.080521583557129,1.9732599258422852,6.017020225524902,2.2965917587280273,7.190847158432007,4.211906433105469,,,,,,
8789860000.0,97.46,7.5,6391222784.0,2381.237367720252,502.0,0.079345703125,8241152.0,16650.879641771317,0.00233539380133152,0.01739501953125,2.0182340145111084,-0.01934405043721199,0.7926214337348938,-0.02018234133720398,0.0008382918313145638,0.0,0.010472990572452545,1.257878303527832,0.7405947666298541,6.025172233581543,2.074286460876465,6.035645008087158,2.4697282314300537,6.880456447601318,4.201422452926636,,,,,,
8789860000.0,110.66,7.0,6391222784.0,2398.9030846944906,503.0,0.0799560546875,8257536.0,16657.709429979324,0.003165259025990963,0.03387451171875,1.9732375144958496,-0.018873175606131554,0.8269407749176025,-0.01973237469792366,0.0008591990917921066,0.0,0.015517373569309711,1.2833123207092285,0.739984308635047,6.035693168640137,2.140204906463623,6.051210403442383,2.5167064666748047,6.8297882080078125,4.218093633651733,,,,,,
8789860000.0,85.05,8.0,6391222784.0,2376.0708732846138,504.0,0.0946044921875,8273920.0,16664.604847192764,0.001694939099252224,0.01220703125,1.9176193475723267,-0.018624864518642426,0.7897886633872986,-0.019176192581653595,0.0005513312062248588,0.0,0.11209303140640259,1.251597285270691,0.7470282908192786,6.317618370056152,2.188493013381958,6.429711818695068,2.48844838142395,6.895417213439941,4.376477241516113,,,,,,
8789860000.0,78.12,6.599999904632568,6391222784.0,2434.463621124291,505.0,0.0811767578125,8290304.0,16671.33487176895,0.0013129768194630742,0.00994873046875,1.9585869312286377,-0.019155841320753098,0.951508104801178,-0.01958587020635605,0.0004300307482481003,0.0,-0.06337468326091766,1.3816672563552856,0.7012050192906261,6.51718807220459,2.189387083053589,6.4538140296936035,2.5276503562927246,6.730024576187134,4.209014892578125,,,,,,
8789860000.0,89.92,8.300000190734863,6391222784.0,2414.208665452035,506.0,0.0946044921875,8306688.0,16678.12136054039,0.0029560429975390434,0.02691650390625,1.8986161947250366,-0.019150925800204277,0.7866026163101196,-0.018986163660883904,-0.00016476400196552277,0.0,0.08940625190734863,1.2473667860031128,0.7224720458974745,6.562394142150879,2.0764362812042236,6.651800632476807,2.3677775859832764,6.786488771438599,4.251089572906494,,,,,,
8789860000.0,91.44,7.900000095367432,6391222784.0,2391.5325993745564,507.0,0.087890625,8323072.0,16684.972197532654,0.0030114022083580494,0.0301513671875,1.935731053352356,-0.018824290484189987,0.8783150911331177,-0.019357310608029366,0.0005330182611942291,0.0,0.0008993176743388176,1.3239283561706543,0.7055194754044946,6.622854232788086,2.0794403553009033,6.623753547668457,2.43969988822937,6.850836992263794,4.214761018753052,,,,,,
8789860000.0,78.68,7.400000095367432,6391222784.0,2281.643425822052,508.0,0.086669921875,8339456.0,16692.15298652649,0.0015493795508518815,0.0081787109375,1.9607688188552856,-0.01895875483751297,0.9171003699302673,-0.01960768736898899,0.0006489325314760208,0.0,0.003976308740675449,1.3441294431686401,0.6950142141542786,6.439387321472168,2.0964627265930176,6.443363666534424,2.433892011642456,7.180788993835449,4.33899998664856,,,,,,
8789860000.0,85.71,7.300000190734863,6391222784.0,2402.0236971648633,509.0,0.081787109375,8355840.0,16698.973901748657,0.003058279864490032,0.03033447265625,1.9838529825210571,-0.020209334790706635,0.869513988494873,-0.01983853057026863,-0.00037080422043800354,0.0,-0.04504261165857315,1.314960241317749,0.7251910772152657,6.292967319488525,2.0528042316436768,6.2479248046875,2.5084011554718018,6.820915222167969,4.198509454727173,,,,,,
8789860000.0,92.97,7.199999809265137,6391222784.0,2381.0381140510003,510.0,0.076904296875,8372224.0,16705.854933977127,0.0041101956740021706,0.03887939453125,1.9930579662322998,-0.020507967099547386,0.7790356278419495,-0.019930580630898476,-0.0005773883312940598,0.0,0.01630237326025963,1.244591474533081,0.7438287623170301,6.339635848999023,2.0930874347686768,6.355937957763672,2.459017515182495,6.881032228469849,4.218274116516113,,,,,,
8789860000.0,80.03,7.699999809265137,6391222784.0,2314.6754788479257,511.0,0.076904296875,8388608.0,16712.93324804306,0.0017060402315109968,0.01171875,2.067187547683716,-0.02034015953540802,0.7239420413970947,-0.020671874284744263,0.0003317147493362427,0.0,-0.013901116326451302,1.2026044130325317,0.7510502257444385,6.377002239227295,2.144953727722168,6.363101005554199,2.410275459289551,7.0783140659332275,4.293992519378662,,,,,,
,,,,,,,,,,,,,,,,,,,,,,,,,,0.022622857242822647,0.766257643699646,0.7215033173561096,0.022622857242822647,0.766257643699646,0.7215033173561096
,,,,,,,,,,,,,,,,,,,,,,,,,,0.020891273394227028,0.7046005129814148,0.6673784255981445,0.020891273394227028,0.7046005129814148,0.6673784255981445
,,,,,,,,,,,,,,,,,,,,,,,,,,0.02020101435482502,0.6725770831108093,0.6352533102035522,0.02020101435482502,0.6725770831108093,0.6352533102035522
,,,,,,,,,,,,,,,,,,,,,,,,,,0.020537154749035835,0.6514807939529419,0.6100295782089233,0.020537154749035835,0.6514807939529419,0.6100295782089233
,,,,,,,,,,,,,,,,,,,,,,,,,,0.02031010575592518,0.6288676857948303,0.5872148275375366,0.02031010575592518,0.6288676857948303,0.5872148275375366
,,,,,,,,,,,,,,,,,,,,,,,,,,0.020748276263475418,0.6102403998374939,0.5670461058616638,0.020748276263475418,0.6102403998374939,0.5670461058616638
8789860000.0,132.63,6.699999809265137,6188634112.0,18.529649838941022,512.0,0.0604248046875,8404992.0,17597.137760400772,0.0014421144733205438,0.010498046875,2.0525848865509033,-0.02063058316707611,0.7872179746627808,-0.020525848492980003,-0.00010473653674125671,0.0,-0.004387818742543459,1.2565863132476807,0.7515563213055716,5.93236780166626,2.2433011531829834,5.927979469299316,2.521031141281128,884.2045123577118,4.2053306102752686,,,,,,
8789860000.0,107.62,7.099999904632568,6391222784.0,2405.319294076814,513.0,0.07080078125,8421376.0,17603.949330091476,0.0014121450949460268,0.00732421875,2.0560271739959717,-0.020276077091693878,0.7306873798370361,-0.02056027203798294,0.00028419680893421173,0.0,-0.01576683484017849,1.2117623090744019,0.7544029577470421,6.01348876953125,2.1622371673583984,5.9977216720581055,2.4451513290405273,6.811569690704346,4.1973230838775635,,,,,,
8789860000.0,98.4,7.300000190734863,6391222784.0,2415.583017140998,514.0,0.06103515625,8437760.0,17610.731957674026,0.001338293426670134,0.007568359375,1.9698598384857178,-0.019446371123194695,0.7094870209693909,-0.019698599353432655,0.00025223009288311005,0.0,-0.02724960446357727,1.1829203367233276,0.7441692496637611,6.001030921936035,2.050786018371582,5.973781108856201,2.3387248516082764,6.782627582550049,4.2035276889801025,,,,,,
8789860000.0,92.17,7.900000095367432,6391222784.0,2402.4383654149165,515.0,0.076904296875,8454144.0,17617.55169558525,0.0014425148256123066,0.00921630859375,1.9114404916763306,-0.01933583989739418,0.6971191763877869,-0.019114403054118156,-0.00022143498063087463,0.0,0.07552137225866318,1.1800371408462524,0.758290348454525,6.086604118347168,2.1258387565612793,6.1621246337890625,2.4002063274383545,6.819737911224365,4.194129228591919,,,,,,
8789860000.0,114.98,6.699999809265137,6391222784.0,2353.2308093542183,516.0,0.06591796875,8470528.0,17624.514038562775,0.0012334275525063276,0.00738525390625,1.9467167854309082,-0.019364075735211372,0.7668343186378479,-0.019467167556285858,0.00010309182107448578,0.0,-0.017743492498993874,1.232346534729004,0.7423914888249701,6.024787902832031,2.091904401779175,6.007044315338135,2.428022623062134,6.962342977523804,4.1818883419036865,,,,,,
8789860000.0,103.2,7.699999809265137,6391222784.0,2434.887495825635,517.0,0.0830078125,8486912.0,17631.242891550064,0.0032294963020831347,0.0272216796875,1.9354689121246338,-0.01856558956205845,0.8029331564903259,-0.019354689866304398,0.0007890984416007996,0.0,0.027601517736911774,1.2600898742675781,0.7331601576526315,6.4217119216918945,2.17383074760437,6.449313163757324,2.4393622875213623,6.728852987289429,4.20051908493042,,,,,,
8789860000.0,99.89,7.699999809265137,6391222784.0,2432.954604622925,518.0,0.079345703125,8503296.0,17637.977090358734,0.001576147275045514,0.0081787109375,1.9189550876617432,-0.01865697279572487,0.7811117172241211,-0.01918955333530903,0.0005325810052454472,0.0,0.07276484370231628,1.2435424327850342,0.7464904605392708,6.31544303894043,2.16217303276062,6.388207912445068,2.46980881690979,6.734198808670044,4.181105852127075,,,,,,
8789860000.0,80.92,7.199999809265137,6391222784.0,2391.0435647140243,519.0,0.0872802734375,8519680.0,17644.829328536987,0.0019509047269821167,0.014404296875,1.9140479564666748,-0.018482932820916176,0.8195422887802124,-0.01914048008620739,0.0006575491279363632,0.0,0.009917943738400936,1.277061104774475,0.7489459323249719,6.356377601623535,2.2249245643615723,6.366295337677002,2.5487544536590576,6.852238178253174,4.203171253204346,,,,,,
8789860000.0,71.34,7.699999809265137,6391222784.0,2412.468087248598,520.0,0.0799560546875,8536064.0,17651.620713710785,0.0036372521426528692,0.03155517578125,1.8703181743621826,-0.018337847664952278,0.7304706573486328,-0.01870318129658699,0.0003653340972959995,0.0,0.03692999854683876,1.2050580978393555,0.7536794193511991,6.254156112670898,2.0973379611968994,6.291086196899414,2.4280502796173096,6.791385173797607,4.188955307006836,,,,,,
8789860000.0,79.45,6.5,6391222784.0,2385.0440197377084,521.0,0.064697265625,8552448.0,17658.490188598633,0.0016240349505096674,0.01043701171875,1.822728157043457,-0.01796300895512104,0.7973352670669556,-0.018227282911539078,0.0002642730250954628,0.0,-0.09807423502206802,1.2624412775039673,0.7170000992677961,6.14614200592041,2.015221118927002,6.048067569732666,2.3731114864349365,6.8694748878479,4.20606255531311,,,,,,
8789860000.0,94.8,7.5,6391222784.0,2409.5527831773784,522.0,0.072021484375,8568832.0,17665.28979063034,0.002383760642260313,0.022705078125,1.8317359685897827,-0.017684876918792725,0.724486231803894,-0.018317360430955887,0.000632481649518013,0.0,0.015518086962401867,1.1983455419540405,0.7449650421022855,6.188177108764648,2.0647594928741455,6.203695297241211,2.372915744781494,6.799602031707764,4.191273212432861,,,,,,
8789860000.0,96.45,7.800000190734863,6391222784.0,2454.0613233597883,523.0,0.079345703125,8585216.0,17671.96607041359,0.0020564058795571327,0.01910400390625,1.8854023218154907,-0.01852886751294136,0.7518030405044556,-0.01885402202606201,0.0003251534653827548,0.0,0.06708204001188278,1.226265549659729,0.7424798354320293,6.392757415771484,2.103372097015381,6.459839344024658,2.4164555072784424,6.676279783248901,4.198193073272705,,,,,,
8789860000.0,101.58,7.5,6391222784.0,2449.8960617264424,524.0,0.0750732421875,8601600.0,17678.65370106697,0.002394941169768572,0.02288818359375,1.9509527683258057,-0.018702350556850433,0.7758289575576782,-0.01950952783226967,0.0008071791380643845,0.0,-0.03304144740104675,1.2424951791763306,0.7424443733191349,6.379321575164795,2.1556453704833984,6.346280097961426,2.448269844055176,6.687630653381348,4.215696573257446,,,,,,
8789860000.0,99.73,7.099999904632568,6391222784.0,2393.8495967541494,525.0,0.076904296875,8617984.0,17685.497907161713,0.0021496396511793137,0.01947021484375,1.9484267234802246,-0.01860637217760086,0.7874385118484497,-0.0194842666387558,0.0008778958581387997,0.0,-0.02079908922314644,1.2491559982299805,0.7336148789106742,6.137092113494873,2.1018669605255127,6.116292953491211,2.420257806777954,6.844206094741821,4.203592300415039,,,,,,
8789860000.0,82.44,7.400000095367432,6391222784.0,2440.136804087445,526.0,0.0653076171875,8634368.0,17692.21228480339,0.002239448484033346,0.01824951171875,1.949343204498291,-0.01940108835697174,0.7089080214500427,-0.019493430852890015,9.234272874891758e-05,0.0,0.02781524509191513,1.1917555332183838,0.7452162666029779,5.942410469055176,2.0383646488189697,5.9702253341674805,2.3610286712646484,6.7143776416778564,4.205556154251099,,,,,,
8789860000.0,114.76,7.599999904632568,6391222784.0,2439.906867278814,527.0,0.0836181640625,8650752.0,17698.927295207977,0.002607769565656781,0.0245361328125,1.959913730621338,-0.01835394650697708,0.7847938537597656,-0.01959913782775402,0.001245192252099514,0.0,0.05381346493959427,1.2510517835617065,0.7518189637833248,6.417601585388184,2.1976962089538574,6.471415042877197,2.511255979537964,6.715010404586792,4.2079432010650635,,,,,,
8789860000.0,96.69,7.0,6391222784.0,2419.6674240391353,528.0,0.064697265625,8667136.0,17705.69847369194,0.002602696418762207,0.0225830078125,1.9947316646575928,-0.019002258777618408,0.8050825595855713,-0.019947316497564316,0.0009450577199459076,0.0,-0.06595150381326675,1.2599852085113525,0.7254935958349906,6.351868152618408,2.1428802013397217,6.285917282104492,2.404858350753784,6.771178483963013,4.23190712928772,,,,,,
8789860000.0,120.65,7.900000095367432,6391222784.0,2373.739277711786,529.0,0.0762939453125,8683520.0,17712.600663900375,0.0013956031762063503,0.00738525390625,1.9799329042434692,-0.018797380849719048,0.6595845222473145,-0.019799327477812767,0.0010019466280937195,0.0,0.03464397042989731,1.1417813301086426,0.7517860562615164,6.245683670043945,2.0070033073425293,6.280327796936035,2.2917637825012207,6.902190208435059,4.385473012924194,,,,,,
8789860000.0,99.74,8.5,6391222784.0,2415.0781568047823,530.0,0.07080078125,8699904.0,17719.384709358215,0.0011996743269264698,0.00628662109375,1.9179325103759766,-0.018819084390997887,0.6434974670410156,-0.0191793255507946,0.0003602411597967148,0.0,0.07919148355722427,1.1283334493637085,0.7535853173756155,6.173287391662598,2.005286693572998,6.25247859954834,2.273024320602417,6.784045457839966,4.212723255157471,,,,,,
8789860000.0,112.15,7.300000190734863,6391222784.0,2449.632409254277,531.0,0.068359375,8716288.0,17726.073059797287,0.001368564204312861,0.0107421875,1.9318429231643677,-0.018849864602088928,0.7722647190093994,-0.01931842975318432,0.0004685651510953903,0.0,-0.019655857235193253,1.239988088607788,0.7235591767808628,6.269308567047119,2.055560827255249,6.249652862548828,2.358395576477051,6.688350439071655,4.247079372406006,,,,,,
8789860000.0,111.6,7.400000095367432,6391222784.0,2354.1027296186576,532.0,0.0616455078125,8732672.0,17733.03282403946,0.001387538737617433,0.0081787109375,1.9513589143753052,-0.018531717360019684,0.6645123958587646,-0.019513588398694992,0.0009818668477237225,0.0,-0.05067257210612297,1.1452043056488037,0.7618711664560764,6.234421730041504,2.046480655670166,6.183749198913574,2.3468048572540283,6.959764242172241,4.34186863899231,,,,,,
8789860000.0,106.33,6.599999904632568,6391222784.0,2362.1837061432093,533.0,0.0616455078125,8749056.0,17739.968779087067,0.0026438520289957523,0.02105712890625,1.939702033996582,-0.019120890647172928,0.7101529836654663,-0.01939702033996582,0.0002761278301477432,0.0,-0.10602623224258423,1.1819907426834106,0.7478468292817539,5.993743896484375,1.9798599481582642,5.8877177238464355,2.3538663387298584,6.935955047607422,4.286349058151245,,,,,,
8789860000.0,124.01,6.699999809265137,6391222784.0,2438.866974977006,534.0,0.054931640625,8765440.0,17746.68665266037,0.0029448294080793858,0.027587890625,1.994826078414917,-0.01936698891222477,0.6672736406326294,-0.019948258996009827,0.0005812710151076317,0.0,-0.03545995429158211,1.1570508480072021,0.7264843271706176,5.8658270835876465,1.8887596130371094,5.830367088317871,2.212387800216675,6.717873573303223,4.202929735183716,,,,,,
8789860000.0,94.55,7.699999809265137,6391222784.0,2399.9176344231273,535.0,0.0823974609375,8781824.0,17753.513553619385,0.003425982315093279,0.03466796875,1.9618487358093262,-0.019127948209643364,0.6720025539398193,-0.01961848884820938,0.0004905387759208679,0.0,0.07043075561523438,1.1576645374298096,0.7717867078128421,6.09522008895874,2.072065591812134,6.165650844573975,2.4233288764953613,6.826900959014893,4.182995557785034,,,,,,
8789860000.0,121.58,7.699999809265137,6391222784.0,2304.126984918918,536.0,0.07568359375,8798208.0,17760.624272823334,0.0030461177229881287,0.0291748046875,2.0309526920318604,-0.02051263302564621,0.7970836758613586,-0.020309528335928917,-0.0002031025942414999,0.0,0.06845502555370331,1.2626255750656128,0.719708788785276,6.107620716094971,2.1176936626434326,6.1760759353637695,2.3848981857299805,7.110719203948975,4.457304239273071,,,,,,
8789860000.0,105.91,7.699999809265137,6391222784.0,2427.793155818096,537.0,0.0799560546875,8814592.0,17767.37278842926,0.0021059324499219656,0.01715087890625,2.0080766677856445,-0.019706591963768005,0.7296717762947083,-0.020080765709280968,0.0003741718828678131,0.0,-0.013023772276937962,1.2086303234100342,0.7684373154252762,6.202304840087891,2.1977763175964355,6.189281463623047,2.5116500854492188,6.748515605926514,4.208641529083252,,,,,,
8789860000.0,98.28,7.300000190734863,6391222784.0,2360.726688050094,538.0,0.0628662109375,8830976.0,17774.313024282455,0.002476145513355732,0.02337646484375,2.071455955505371,-0.019644778221845627,0.7297503352165222,-0.02071456052362919,0.001069784164428711,0.0,-0.013778405264019966,1.2071523666381836,0.7430149435296955,5.904851913452148,2.073425531387329,5.891073226928711,2.3812661170959473,6.94023585319519,4.208048582077026,,,,,,
8789860000.0,124.29,7.099999904632568,6391222784.0,2306.4405000610514,539.0,0.062255859375,8847360.0,17781.416610956192,0.0018845252925530076,0.0130615234375,2.0765879154205322,-0.019801057875156403,0.7009743452072144,-0.0207658801227808,0.000964820384979248,0.0,-0.027409778907895088,1.1811714172363281,0.765875054657254,5.850991249084473,2.106010913848877,5.823580741882324,2.4411182403564453,7.103586673736572,4.301805257797241,,,,,,
8789860000.0,92.34,7.599999904632568,6391222784.0,2276.6148049070034,540.0,0.067138671875,8863744.0,17788.61326098442,0.002664655912667513,0.02459716796875,2.06264066696167,-0.01986236684024334,0.6220772862434387,-0.020626407116651535,0.0007640416733920574,0.0,0.031150678172707558,1.1115596294403076,0.7892902745366864,5.95084285736084,2.149136543273926,5.981993198394775,2.4215331077575684,7.19665002822876,4.315000534057617,,,,,,
8789860000.0,115.46,7.599999904632568,6391222784.0,2401.429404287213,541.0,0.0616455078125,8880128.0,17795.43586421013,0.0026103355921804905,0.02203369140625,2.0411345958709717,-0.020004602149128914,0.626035213470459,-0.020411347970366478,0.0004067453555762768,0.0,0.001841072691604495,1.118213415145874,0.7604054271163414,6.00428581237793,1.9838765859603882,6.00612735748291,2.2844738960266113,6.822603225708008,4.190907001495361,,,,,,
8789860000.0,129.19,7.400000095367432,6391222784.0,2330.703371951786,542.0,0.069580078125,8896512.0,17802.46550178528,0.0020477392245084047,0.01605224609375,2.022033214569092,-0.020142901688814163,0.7646744847297668,-0.020220333710312843,7.743202149868011e-05,0.0,0.000709108542650938,1.227944254875183,0.7254105280275035,6.095080852508545,2.0250918865203857,6.095789909362793,2.3433475494384766,7.029637575149536,4.206839561462402,,,,,,
8789860000.0,126.83,7.599999904632568,6391222784.0,2344.3579973817496,543.0,0.06103515625,8912896.0,17809.45419549942,0.0025634446647018194,0.02313232421875,2.064976930618286,-0.019309114664793015,0.6376689076423645,-0.02064976841211319,0.0013406528159976006,0.0,0.01485645305365324,1.127303957939148,0.7506904522691241,5.802693843841553,2.002331256866455,5.817550182342529,2.2577273845672607,6.988693714141846,4.2561354637146,,,,,,
,,,,,,,,,,,,,,,,,,,,,,,,,,0.026234416291117668,0.7714280486106873,0.7106538414955139,0.026234416291117668,0.7714280486106873,0.7106538414955139
,,,,,,,,,,,,,,,,,,,,,,,,,,0.024526230990886688,0.7129945158958435,0.6731361746788025,0.024526230990886688,0.7129945158958435,0.6731361746788025
,,,,,,,,,,,,,,,,,,,,,,,,,,0.024182546883821487,0.682876706123352,0.6440233588218689,0.024182546883821487,0.682876706123352,0.6440233588218689
,,,,,,,,,,,,,,,,,,,,,,,,,,0.02353592775762081,0.659697413444519,0.6163154244422913,0.02353592775762081,0.659697413444519,0.6163154244422913
,,,,,,,,,,,,,,,,,,,,,,,,,,0.02397293597459793,0.6398870348930359,0.593926191329956,0.02397293597459793,0.6398870348930359,0.593926191329956
,,,,,,,,,,,,,,,,,,,,,,,,,,0.024044428020715714,0.6271654963493347,0.5714178681373596,0.024044428020715714,0.6271654963493347,0.5714178681373596
8789860000.0,123.3,7.900000095367432,6188634112.0,18.580269136593454,544.0,0.0494384765625,8929280.0,18691.24981856346,0.001278076902963221,0.0069580078125,2.0692005157470703,-0.020377585664391518,0.4846585988998413,-0.02069200575351715,0.0003144203219562769,0.0,0.02505633234977722,0.9845332503318787,0.8045631555254074,5.824490547180176,2.039975643157959,5.849547386169434,2.227036714553833,881.7956230640411,4.370508909225464,,,,,,
8789860000.0,102.66,7.599999904632568,6391222784.0,2391.5063826422643,545.0,0.059814453125,8945664.0,18698.100730657578,0.0014447225257754326,0.00830078125,2.0231761932373047,-0.019626688212156296,0.5725560784339905,-0.020231761038303375,0.0006050821393728256,0.0,0.011589457280933857,1.0658576488494873,0.788284875072835,5.892198085784912,2.070871353149414,5.903787612915039,2.3164522647857666,6.850912094116211,4.188359022140503,,,,,,
8789860000.0,114.69,7.900000095367432,6391222784.0,2393.794727404027,546.0,0.062255859375,8962048.0,18704.945093631744,0.002053475007414818,0.014404296875,2.052006244659424,-0.02018868550658226,0.5654112100601196,-0.020520061254501343,0.00033137667924165726,0.0,7.893797010183334e-05,1.053948998451233,0.7779272142289958,5.966508865356445,2.011134147644043,5.966587543487549,2.236516237258911,6.84436297416687,4.197021961212158,,,,,,
8789860000.0,158.92,7.699999809265137,6391222784.0,2426.562699951507,547.0,0.05859375,8978432.0,18711.697031259537,0.0021138195879757404,0.0169677734375,2.1133298873901367,-0.021048948168754578,0.6362940669059753,-0.0211332980543375,8.434709161520004e-05,0.0,-0.02599671669304371,1.117775321006775,0.7575877469727441,6.055165767669678,1.9895366430282593,6.029169082641602,2.270268440246582,6.751937627792358,4.181245565414429,,,,,,
8789860000.0,122.82,7.699999809265137,6391222784.0,2431.5159395186233,548.0,0.0469970703125,8994816.0,18718.4352145195,0.0015771588077768683,0.00775146484375,2.198824882507324,-0.02174566686153412,0.4269963204860687,-0.02198825031518936,0.00024258345365524292,0.0,-0.025016028434038162,0.9224690794944763,0.8069680826501229,5.7703142166137695,1.8685551881790161,5.745298385620117,2.099604368209839,6.738183259963989,4.193122625350952,,,,,,
8789860000.0,143.25,7.300000190734863,6391222784.0,2436.263215144597,549.0,0.0518798828125,9011200.0,18725.160267829895,0.0011548215989023447,0.0068359375,2.1889772415161133,-0.021141689270734787,0.538013219833374,-0.02188977412879467,0.0007480867207050323,0.0,-0.018050268292427063,1.03363037109375,0.7815611740723516,5.892472267150879,1.9589295387268066,5.874422073364258,2.2115681171417236,6.725053310394287,4.1945154666900635,,,,,,
8789860000.0,182.72,6.699999809265137,6391222784.0,2430.863970228906,550.0,0.045166015625,9027584.0,18731.90025830269,0.0024764323607087135,0.02374267578125,2.1737067699432373,-0.021518446505069733,0.6041591167449951,-0.02173706516623497,0.00021861825371161103,0.0,-0.04815457761287689,1.0970383882522583,0.7352381691692236,5.79217529296875,1.8528896570205688,5.744020462036133,2.132033348083496,6.739990472793579,4.191002130508423,,,,,,
8789860000.0,129.68,8.100000381469727,6391222784.0,2450.196724484191,551.0,0.057373046875,9043968.0,18738.58706831932,0.001729788607917726,0.012451171875,2.1244192123413086,-0.020724425092339516,0.5181907415390015,-0.021244188770651817,0.0005197618156671524,0.0,0.0795956552028656,1.0171481370925903,0.8001896225560449,6.005411148071289,2.0278713703155518,6.085007190704346,2.2754909992218018,6.68681001663208,4.20782732963562,,,,,,
8789860000.0,127.2,7.099999904632568,6391222784.0,2436.2510368769745,552.0,0.054931640625,9060352.0,18745.312155246735,0.0020427722483873367,0.0169677734375,2.103538751602173,-0.020641060546040535,0.6579694747924805,-0.021035384386777878,0.00039432570338249207,0.0,0.009957087226212025,1.1417258977890015,0.7317849759006366,5.934476375579834,1.9172002077102661,5.944433212280273,2.2045514583587646,6.72508692741394,4.187174081802368,,,,,,
8789860000.0,110.09,8.100000381469727,6391222784.0,2439.1477944569306,553.0,0.0701904296875,9076736.0,18752.029255390167,0.0019338675774633884,0.0108642578125,2.126185417175293,-0.019884299486875534,0.5985475182533264,-0.021261854097247124,0.0013775546103715897,0.0,0.022055769339203835,1.0842864513397217,0.7648063653148993,6.180667400360107,1.98175847530365,6.202723503112793,2.2357916831970215,6.717100143432617,4.193500757217407,,,,,,
8789860000.0,137.73,7.300000190734863,6391222784.0,2455.1454422514457,554.0,0.0518798828125,9093120.0,18758.702587127686,0.0022529831621795893,0.018798828125,2.1620500087738037,-0.021367307752370834,0.6278345584869385,-0.0216204971075058,0.00025318656116724014,0.0,-0.02631884440779686,1.1131788492202759,0.7299838454791246,5.906092166900635,1.892128825187683,5.879773139953613,2.1422500610351562,6.6733317375183105,4.198169231414795,,,,,,
8789860000.0,133.67,8.300000190734863,6391222784.0,2448.489029406499,555.0,0.050048828125,9109504.0,18765.394060850143,0.0023562659043818712,0.02008056640625,2.105760097503662,-0.020963966846466064,0.49008694291114807,-0.021057602018117905,9.363517165184021e-05,0.0,0.13538481295108795,0.9806824326515198,0.7709557493443819,5.840218544006348,1.8391660451889038,5.975603103637695,2.049125909805298,6.691473722457886,4.210088729858398,,,,,,
8789860000.0,130.98,8.0,6391222784.0,2420.2070207035285,556.0,0.0714111328125,9125888.0,18772.163729667664,0.0034987598191946745,0.03082275390625,2.151963233947754,-0.01991170458495617,0.6529961824417114,-0.021519631147384644,0.0016079270280897617,0.0,0.03151966258883476,1.1411230564117432,0.76471535138141,6.269876480102539,2.0836217403411865,6.301396369934082,2.3525326251983643,6.769668817520142,4.19930624961853,,,,,,
8789860000.0,155.18,7.300000190734863,6391222784.0,2416.0716090825435,557.0,0.048828125,9142272.0,18778.944985628128,0.004525883123278618,0.04241943359375,2.176877975463867,-0.020236490294337273,0.558840811252594,-0.021768780425190926,0.0015322903636842966,0.0,-0.026213491335511208,1.0539566278457642,0.7596659216942447,5.796574592590332,1.9093191623687744,5.770360946655273,2.14988374710083,6.7812559604644775,4.186078786849976,,,,,,
8789860000.0,122.72,7.800000190734863,6391222784.0,2415.954729894943,558.0,0.0616455078125,9158656.0,18785.726569652557,0.0028368202038109303,0.02630615234375,2.1981735229492188,-0.020671965554356575,0.5363750457763672,-0.02198173478245735,0.001309771090745926,0.0,0.007012719754129648,1.0388785600662231,0.7765296077362287,5.909584999084473,1.9251127243041992,5.916597366333008,2.197629928588867,6.781584024429321,4.196563243865967,,,,,,
8789860000.0,126.87,7.900000095367432,6391222784.0,2431.341215297753,559.0,0.0775146484375,9175040.0,18792.465237140656,0.0034562605433166027,0.03436279296875,2.0295538902282715,-0.02114143967628479,0.7116864323616028,-0.020295539870858192,-0.0008458942174911499,0.0,0.07307516783475876,1.1849461793899536,0.7360891720058751,6.280784606933594,1.986730694770813,6.353859901428223,2.3065879344940186,6.7386674880981445,4.204031705856323,,,,,,
8789860000.0,99.34,7.900000095367432,6391222784.0,2448.2817643196627,560.0,0.0762939453125,9191424.0,18799.157277345657,0.00410607922822237,0.03265380859375,1.9809083938598633,-0.01918451301753521,0.7576116323471069,-0.01980908401310444,0.0006245728582143784,0.0,0.07306282222270966,1.2227221727371216,0.7275541138392339,6.4843244552612305,2.0356550216674805,6.557387351989746,2.3425440788269043,6.692040205001831,4.215368032455444,,,,,,
8789860000.0,83.98,8.0,6391222784.0,2421.558004508248,561.0,0.0823974609375,9207808.0,18805.923169374466,0.0020517008379101753,0.0135498046875,1.9324560165405273,-0.018538683652877808,0.7719466686248779,-0.019324559718370438,0.00078587606549263,0.0,-0.01655760407447815,1.2420519590377808,0.7240647541200033,6.69993782043457,2.0644867420196533,6.683380603790283,2.364483118057251,6.765892028808594,4.310451507568359,,,,,,
8789860000.0,91.31,7.599999904632568,6391222784.0,2427.762364203516,562.0,0.069580078125,9224192.0,18812.671770572662,0.001251511974260211,0.009521484375,2.0154900550842285,-0.019542135298252106,0.6337815523147583,-0.02015490084886551,0.000612759031355381,0.0,-0.0311577245593071,1.1269361972808838,0.7634350708546351,6.334224700927734,2.056082010269165,6.303067207336426,2.316990375518799,6.748601198196411,4.230706453323364,,,,,,
8789860000.0,110.42,7.599999904632568,6391222784.0,2437.883750941175,563.0,0.06591796875,9240576.0,18819.3923535347,0.002799618523567915,0.02362060546875,2.033811092376709,-0.019315311685204506,0.5616113543510437,-0.020338112488389015,0.0010228008031845093,0.0,-0.0053159501403570175,1.05418062210083,0.7899933126966132,6.277535438537598,2.024991750717163,6.272219657897949,2.3003737926483154,6.720582962036133,4.189139366149902,,,,,,
8789860000.0,111.54,7.300000190734863,6391222784.0,2430.8650020939485,564.0,0.0677490234375,9256960.0,18826.13234114647,0.0025168657302856445,0.0201416015625,1.9130547046661377,-0.018325956538319588,0.7808851003646851,-0.01913054659962654,0.000804589013569057,0.0,-0.06982274353504181,1.2491306066513062,0.7079385171998214,6.432479381561279,2.0182089805603027,6.362656593322754,2.3113765716552734,6.73998761177063,4.217127799987793,,,,,,
8789860000.0,109.84,7.800000190734863,6391222784.0,2404.800789362973,565.0,0.072021484375,9273344.0,18832.94537949562,0.0014334559673443437,0.01031494140625,1.9021698236465454,-0.01873796619474888,0.7261885404586792,-0.019021697342395782,0.00028373394161462784,0.0,-0.004108017310500145,1.1982696056365967,0.7354997949748088,6.340754985809326,2.013256549835205,6.336646556854248,2.329922676086426,6.813038349151611,4.291882514953613,,,,,,
8789860000.0,120.44,8.399999618530273,6391222784.0,2447.4086007194483,566.0,0.0830078125,9289728.0,18839.639807224274,0.0012970464304089546,0.00909423828125,1.9485796689987183,-0.01946132630109787,0.6556966304779053,-0.019485797733068466,2.4471431970596313e-05,0.0,0.09866362810134888,1.1297639608383179,0.7497618490443325,6.372913360595703,2.021718978881836,6.4715776443481445,2.2584540843963623,6.694427728652954,4.202867746353149,,,,,,
8789860000.0,114.07,7.300000190734863,6391222784.0,2399.6471994503677,567.0,0.0726318359375,9306112.0,18846.467477560043,0.0027735414914786816,0.02716064453125,2.003533363342285,-0.018280159682035446,0.7371293306350708,-0.020035333931446075,0.0017551742494106293,0.0,-0.06289394944906235,1.2106492519378662,0.7205044754549461,6.3913068771362305,1.9732745885849,6.328413009643555,2.289975881576538,6.827670335769653,4.295833349227905,,,,,,
8789860000.0,73.69,7.400000095367432,6391222784.0,2453.5368361979986,568.0,0.08056640625,9322496.0,18853.145184516907,0.00303255720064044,0.0277099609375,1.9506431818008423,-0.018672678619623184,0.8042833805084229,-0.019506432116031647,0.0008337495382875204,0.0,-0.06137529015541077,1.2661356925964355,0.7381988401749093,6.327340126037598,2.018315076828003,6.265964984893799,2.4745402336120605,6.677706956863403,4.186373710632324,,,,,,
8789860000.0,100.2,7.099999904632568,6391222784.0,2466.3702981003744,569.0,0.06103515625,9338880.0,18859.78814482689,0.0023689414374530315,0.02093505859375,2.0592076778411865,-0.01945667713880539,0.6359416842460632,-0.02059207670390606,0.0011353995651006699,0.0,-0.012682124972343445,1.130568504333496,0.7380480287734016,5.915971755981445,1.9005651473999023,5.903289794921875,2.2089505195617676,6.6429603099823,4.183763742446899,,,,,,
8789860000.0,121.35,7.5,6391222784.0,2401.712999751544,570.0,0.0604248046875,9355264.0,18866.60994243622,0.002554510021582246,0.024658203125,2.013429641723633,-0.01917385868728161,0.6241064667701721,-0.020134296268224716,0.0009604294318705797,0.0,0.04247122257947922,1.1120342016220093,0.7384476665979622,5.995518684387207,1.896366000175476,6.037989616394043,2.174396514892578,6.821797609329224,4.381058692932129,,,,,,
8789860000.0,116.04,8.100000381469727,6391222784.0,2446.8168186182816,571.0,0.069580078125,9371648.0,18873.305989265442,0.0021068351343274117,0.01898193359375,2.0870654582977295,-0.019497068598866463,0.5768839716911316,-0.02087065391242504,0.0013735826360061765,0.0,-0.00036609917879104614,1.0720674991607666,0.7694483778399479,6.099093914031982,1.9483647346496582,6.098728179931641,2.2327404022216797,6.696046829223633,4.209285259246826,,,,,,
8789860000.0,127.3,7.800000190734863,6391222784.0,2404.303958535377,572.0,0.0494384765625,9388032.0,18880.120435476303,0.0025418847799301147,0.0216064453125,2.0783212184906006,-0.019446399062871933,0.4930691719055176,-0.020783210173249245,0.0013368120416998863,0.0,-0.007204197812825441,0.992594838142395,0.7678013075090724,5.907391548156738,1.8352397680282593,5.900187015533447,2.059880256652832,6.814446210861206,4.185532569885254,,,,,,
8789860000.0,138.77,7.599999904632568,6391222784.0,2355.9793540309342,573.0,0.0579833984375,9404416.0,18887.074656009674,0.0012249969877302647,0.008544921875,2.0319008827209473,-0.020072918385267258,0.629118025302887,-0.020319009199738503,0.0002460908144712448,0.0,0.0012153862044215202,1.1192762851715088,0.7407626730848288,6.037554740905762,1.937030553817749,6.03877067565918,2.198307991027832,6.954220533370972,4.250075578689575,,,,,,
8789860000.0,132.48,7.699999809265137,6391222784.0,2346.1623185913986,574.0,0.0592041015625,9420800.0,18894.057975053787,0.00167069339659065,0.009765625,2.0776517391204834,-0.019320989027619362,0.5316699147224426,-0.020776517689228058,0.001455528661608696,0.0,-0.004022685345262289,1.0325795412063599,0.7840417972778542,6.025846481323242,1.9025228023529053,6.021823883056641,2.2219724655151367,6.983319044113159,4.199970245361328,,,,,,
8789900000.0,178.2,6.800000190734863,6391222784.0,2374.4905875886175,575.0,0.0482177734375,9437184.0,18900.957981348038,0.0009078573202714324,0.00408935546875,2.0606720447540283,-0.019978418946266174,0.6238299608230591,-0.020606720820069313,0.0006283011753112078,0.0,-0.0363890640437603,1.1196084022521973,0.7286595064587047,6.022512912750244,1.864890694618225,5.986124038696289,2.1493585109710693,6.900006294250488,4.190203428268433,,,,,,
,,,,,,,,,,,,,,,,,,,,,,,,,,0.023111492395401,0.6734123826026917,0.6212193965911865,0.023111492395401,0.6734123826026917,0.6212193965911865
,,,,,,,,,,,,,,,,,,,,,,,,,,0.019993610680103302,0.6166978478431702,0.5815594792366028,0.019993610680103302,0.6166978478431702,0.5815594792366028
,,,,,,,,,,,,,,,,,,,,,,,,,,0.01912776753306389,0.5907597541809082,0.5562923550605774,0.01912776753306389,0.5907597541809082,0.5562923550605774
,,,,,,,,,,,,,,,,,,,,,,,,,,0.019058870151638985,0.5700657367706299,0.5314207077026367,0.019058870151638985,0.5700657367706299,0.5314207077026367
,,,,,,,,,,,,,,,,,,,,,,,,,,0.019449561834335327,0.5508484244346619,0.5083622932434082,0.019449561834335327,0.5508484244346619,0.5083622932434082
,,,,,,,,,,,,,,,,,,,,,,,,,,0.01942671462893486,0.5344197750091553,0.4884313642978668,0.01942671462893486,0.5344197750091553,0.4884313642978668
8789904000.0,121.52,7.400000095367432,6188634112.0,18.50505838936082,576.0,0.0518798828125,9453568.0,19786.337516784668,0.0010676428209990263,0.00616455078125,2.1492273807525635,-0.020697401836514473,0.5465112924575806,-0.02149227261543274,0.0007948707789182663,0.0,-0.010458210483193398,1.047924518585205,0.7734481004170786,5.81878662109375,1.9640116691589355,5.808328151702881,2.201639413833618,885.3795354366302,4.1968207359313965,,,,,,
8789904000.0,158.87,6.900000095367432,6391222784.0,2313.782109560437,577.0,0.0469970703125,9469952.0,19793.418563842773,0.0012855540262535214,0.00634765625,2.182856321334839,-0.021975431591272354,0.6097116470336914,-0.021828562021255493,-0.00014686677604913712,0.0,-0.03365524113178253,1.1050329208374023,0.7271657090382684,5.6104736328125,1.8518110513687134,5.576818466186523,2.1155617237091064,7.081047058105469,4.190881967544556,,,,,,
8789904000.0,123.72,6.5,6391222784.0,2413.9732435444607,578.0,0.047607421875,9486336.0,19800.205714464188,0.001059938222169876,0.005859375,2.1801116466522217,-0.02085530385375023,0.6100268959999084,-0.021801115944981575,0.0009458102285861969,0.0,-0.1017533391714096,1.0983880758285522,0.7370960393321966,5.598894119262695,1.8219630718231201,5.497140884399414,2.142186403274536,6.787150621414185,4.187062501907349,,,,,,
8789904000.0,127.21,8.0,6391222784.0,2424.5695134170883,579.0,0.0579833984375,9502720.0,19806.96320271492,0.0020477785728871822,0.0140380859375,2.133269786834717,-0.02085530385375023,0.5459052920341492,-0.021332699805498123,0.00047739967703819275,0.0,0.06817895919084549,1.0417512655258179,0.7751839081983158,5.743134498596191,1.8594956398010254,5.811312675476074,2.1971020698547363,6.757488250732422,4.209468364715576,,,,,,
8789904000.0,145.54,7.199999809265137,6391222784.0,2411.6730051123855,580.0,0.0537109375,9519104.0,19813.756826877594,0.0015154134016484022,0.0101318359375,2.1003360748291016,-0.020896436646580696,0.6295905113220215,-0.0210033617913723,0.00010692700743675232,0.0,0.015857428312301636,1.118784785270691,0.7352850836860916,5.7384538650512695,1.9152003526687622,5.754311561584473,2.1744906902313232,6.79362416267395,4.191989183425903,,,,,,
8789904000.0,128.18,7.5,6391222784.0,2436.4626623967733,581.0,0.05126953125,9535488.0,19820.48132967949,0.00387778808362782,0.03631591796875,2.1422224044799805,-0.020456558093428612,0.500569760799408,-0.02142222598195076,0.0009656664915382862,0.0,-0.01776730827987194,0.9900466799736023,0.7944584355697311,5.655651569366455,1.9221134185791016,5.637884140014648,2.183764934539795,6.724502801895142,4.209219217300415,,,,,,
8789904000.0,150.61,8.5,6391222784.0,2438.5704707165273,582.0,0.0555419921875,9551872.0,19827.200020074844,0.0011413044994696975,0.0059814453125,2.157947301864624,-0.021229369565844536,0.43252530694007874,-0.021579470485448837,0.0003501027822494507,0.0,0.07292430102825165,0.9241529107093811,0.8190262734582,5.936720848083496,1.9633063077926636,6.009644985198975,2.1723804473876953,6.718690395355225,4.202561855316162,,,,,,
8789904000.0,131.27,7.300000190734863,6391222784.0,2428.7985578651346,583.0,0.0518798828125,9568256.0,19833.94574213028,0.0014564195880666375,0.00726318359375,2.1692557334899902,-0.02227492444217205,0.5449101328849792,-0.021692557260394096,-0.000582369975745678,0.0,-0.0388864241540432,1.0389869213104248,0.7917047252486651,5.800902366638184,2.0434060096740723,5.7620158195495605,2.2765140533447266,6.745722055435181,4.194732666015625,,,,,,
8789904000.0,133.51,8.0,6391222784.0,2392.3799172798404,584.0,0.057373046875,9584640.0,19840.794152736664,0.0023533282801508904,0.020263671875,2.1200106143951416,-0.020871393382549286,0.5909175276756287,-0.021200105547904968,0.0003287121653556824,0.0,0.05846504494547844,1.0792593955993652,0.7509964800314503,5.787425994873047,1.9508329629898071,5.845890998840332,2.1628334522247314,6.848410606384277,4.187871217727661,,,,,,
8789904000.0,107.2,7.599999904632568,6391222784.0,2375.513493897421,585.0,0.0640869140625,9601024.0,19847.69118785858,0.0011327927932143211,0.005126953125,2.0827887058258057,-0.020702986046671867,0.6929706335067749,-0.0208278875797987,0.00012490525841712952,0.0,0.001977143809199333,1.178669810295105,0.7616344086027094,5.922204494476318,2.0784287452697754,5.9241814613342285,2.4141831398010254,6.897035121917725,4.191128730773926,,,,,,
8789904000.0,109.15,7.599999904632568,6391222784.0,2363.534807958239,586.0,0.0762939453125,9617408.0,19854.62317800522,0.0013519821222871542,0.00836181640625,2.0593690872192383,-0.020033912733197212,0.7184321284294128,-0.020593691617250443,0.0005597757990472019,0.0,0.0364006832242012,1.1964095830917358,0.7628932701849092,6.18959903717041,2.1707448959350586,6.225999355316162,2.457014799118042,6.931990146636963,4.206714868545532,,,,,,
8789904000.0,107.07,7.099999904632568,6391222784.0,2388.470216484567,587.0,0.069580078125,9633792.0,19861.482798814774,0.0011889067245647311,0.0064697265625,2.051403045654297,-0.019335545599460602,0.748677670955658,-0.020514031872153282,0.0011784844100475311,0.0,-0.034177690744400024,1.2225074768066406,0.7342074771359043,6.158544540405273,2.101175308227539,6.124366760253906,2.3712658882141113,6.859620809555054,4.189632892608643,,,,,,
8789904000.0,100.47,8.5,6391222784.0,2428.307637117474,588.0,0.0689697265625,9650176.0,19868.22988462448,0.002352616749703884,0.02032470703125,2.0660178661346436,-0.01985941082239151,0.6128283143043518,-0.020660176873207092,0.000800764188170433,0.0,0.00852972362190485,1.1070785522460938,0.7584581070753775,6.2234296798706055,2.0057175159454346,6.231959342956543,2.252589702606201,6.747085809707642,4.193753242492676,,,,,,
8789904000.0,105.33,7.400000095367432,6391222784.0,2455.3851034310264,589.0,0.05859375,9666560.0,19874.90256500244,0.0017175255343317986,0.01123046875,2.0945510864257812,-0.021055635064840317,0.5772805213928223,-0.020945511758327484,-0.00011012447066605091,0.0,-0.04859520494937897,1.0702062845230103,0.7638593714287405,6.042351722717285,1.8881113529205322,5.993756294250488,2.202329158782959,6.672680377960205,4.197797775268555,,,,,,
8789904000.0,119.91,6.599999904632568,6391222784.0,2437.459351225102,590.0,0.052490234375,9682944.0,19881.624318122864,0.0008419163641519845,0.00286865234375,2.108842372894287,-0.020573440939188004,0.6312170624732971,-0.02108842320740223,0.0005149845965206623,0.0,-0.05594131723046303,1.1189554929733276,0.7376995237425026,5.857722282409668,1.87997305393219,5.801780700683594,2.184807300567627,6.721753120422363,4.191341161727905,,,,,,
8789904000.0,146.16,7.199999809265137,6391222784.0,2421.3183317567514,591.0,0.0494384765625,9699328.0,19888.39087986946,0.0015792760532349348,0.00994873046875,2.0899224281311035,-0.0209040567278862,0.5350584983825684,-0.020899225026369095,-4.8317015171051025e-06,0.0,-0.03369782865047455,1.0296742916107178,0.7741165649679282,5.886335372924805,1.8765944242477417,5.85263729095459,2.1664960384368896,6.76656174659729,4.206851959228516,,,,,,
8789904000.0,102.19,7.099999904632568,6391222784.0,2450.1492878914178,592.0,0.0640869140625,9715712.0,19895.07781934738,0.0017064448911696672,0.01190185546875,2.097080945968628,-0.020083380863070488,0.5591902732849121,-0.02097080834209919,0.0008874256163835526,0.0,-0.04401686042547226,1.0589144229888916,0.7902049878304023,6.031685829162598,1.9921835660934448,5.987668991088867,2.3118698596954346,6.686939477920532,4.202280044555664,,,,,,
8789904000.0,127.48,8.300000190734863,6391222784.0,2433.6699216541433,593.0,0.048828125,9732096.0,19901.810038805008,0.0014861267991364002,0.00836181640625,2.1878013610839844,-0.021485306322574615,0.485416442155838,-0.021878015249967575,0.0003927089273929596,0.0,0.04503195360302925,0.9831860065460205,0.7591316078098279,5.672142505645752,1.7984710931777954,5.717174530029297,2.0032997131347656,6.732219457626343,4.2078938484191895,,,,,,
8789904000.0,171.65,7.0,6391222784.0,2448.7378636445287,594.0,0.0494384765625,9748480.0,19908.50083255768,0.0019640554673969746,0.013427734375,2.117271661758423,-0.02028300054371357,0.5408225655555725,-0.021172715350985527,0.0008897148072719574,0.0,-0.07231316715478897,1.0382887125015259,0.7662967411390917,5.742485046386719,1.8675168752670288,5.670171737670898,2.1477603912353516,6.690793752670288,4.200619697570801,,,,,,
8789904000.0,157.47,7.0,6391222784.0,2449.743487445308,595.0,0.0469970703125,9764864.0,19915.188879728317,0.0018637708853930235,0.0145263671875,2.0727756023406982,-0.0211588554084301,0.6270120739936829,-0.02072775550186634,-0.00043109990656375885,0.0,-0.028185874223709106,1.1151776313781738,0.7126861670841618,5.620701789855957,1.783564805984497,5.59251594543457,2.080491304397583,6.688047170639038,4.2011518478393555,,,,,,
8789904000.0,117.26,7.699999809265137,6391222784.0,2417.982181179391,596.0,0.0726318359375,9781248.0,19921.964777469635,0.0023639954160898924,0.0198974609375,2.0083420276641846,-0.01944735459983349,0.749147891998291,-0.020083419978618622,0.0006360644474625587,0.0,0.16109800338745117,1.2255698442459106,0.7371142120088591,5.890141010284424,2.062727689743042,6.051239013671875,2.390310764312744,6.775897741317749,4.19365119934082,,,,,,
8789904000.0,111.08,7.0,6391222784.0,2429.077406824183,597.0,0.0830078125,9797632.0,19928.709725141525,0.0023773498833179474,0.0230712890625,2.030534505844116,-0.01980813592672348,0.7571802139282227,-0.020305344834923744,0.0004972107708454132,0.0,-0.024095449596643448,1.230563759803772,0.7647145107099806,6.161369800567627,2.1751341819763184,6.137274265289307,2.5369184017181396,6.744947671890259,4.203687906265259,,,,,,
8789904000.0,83.11,7.400000095367432,6391222784.0,2406.8365302847624,598.0,0.0714111328125,9814016.0,19935.51700091362,0.0018371688202023506,0.01605224609375,2.064879894256592,-0.02050863206386566,0.7316287755966187,-0.02064879797399044,0.00014016777276992798,0.0,-0.011559179052710533,1.2093374729156494,0.7424194774737987,6.059504508972168,2.1026501655578613,6.047945499420166,2.3828186988830566,6.807275772094727,4.197619199752808,,,,,,
8789904000.0,109.97,7.699999809265137,6391222784.0,2393.1249904363076,599.0,0.059814453125,9830400.0,19942.36327934265,0.0018247233238071203,0.01373291015625,2.061135768890381,-0.019991200417280197,0.5287860631942749,-0.02061135694384575,0.0006201621145009995,0.0,0.03665681183338165,1.028726577758789,0.7810091161312595,5.84761905670166,1.956503987312317,5.884276390075684,2.1982994079589844,6.846278429031372,4.2079339027404785,,,,,,
8789904000.0,110.58,6.900000095367432,6391222784.0,2428.922864393427,600.0,0.068359375,9846784.0,19949.108656167984,0.001745188026688993,0.01226806640625,2.0275533199310303,-0.02015979215502739,0.790162205696106,-0.020275535061955452,0.00011574197560548782,0.0,-0.05338047444820404,1.256233811378479,0.7223965215468442,6.09589147567749,2.0379509925842285,6.042510986328125,2.384284257888794,6.745376825332642,4.201322317123413,,,,,,
8789904000.0,99.49,6.800000190734863,6391222784.0,2435.5042494769227,601.0,0.0689697265625,9863168.0,19955.83580517769,0.0021037354599684477,0.01739501953125,2.045346736907959,-0.0201082993298769,0.724729597568512,-0.020453467965126038,0.0003451686352491379,0.0,-0.056547828018665314,1.202356219291687,0.7612525045178671,5.9173359870910645,2.0688252449035645,5.860788345336914,2.460728406906128,6.72714900970459,4.1959006786346436,,,,,,
8789904000.0,115.09,7.599999904632568,6391222784.0,2418.22315112289,602.0,0.067138671875,9879552.0,19962.61102771759,0.0012608789838850498,0.00885009765625,2.0049729347229004,-0.019398212432861328,0.693045973777771,-0.02004973031580448,0.0006515168352052569,0.0,0.01910780370235443,1.1743332147598267,0.746864066416432,5.883929252624512,2.038421869277954,5.903037071228027,2.334073066711426,6.775222539901733,4.181604623794556,,,,,,
8789904000.0,118.32,8.0,6391222784.0,2396.889096645662,603.0,0.07568359375,9895936.0,19969.446554660797,0.003186742076650262,0.03314208984375,2.0021328926086426,-0.018933657556772232,0.6375978589057922,-0.020021330565214157,0.0010876711457967758,0.0,0.10451041907072067,1.1320018768310547,0.7800927299620473,6.003844261169434,2.121868848800659,6.108354091644287,2.413944959640503,6.835526943206787,4.21448016166687,,,,,,
8789904000.0,87.25,8.300000190734863,6391222784.0,2417.6424202938,604.0,0.0653076171875,9912320.0,19976.22340464592,0.002296192804351449,0.01947021484375,2.050518274307251,-0.01965002715587616,0.4963521361351013,-0.020505184307694435,0.0008551573846489191,0.0,0.03940886631608009,0.9916273355484009,0.811378912092697,5.89760684967041,2.084742307662964,5.937015533447266,2.283250331878662,6.776849985122681,4.196011304855347,,,,,,
8789904000.0,136.18,7.599999904632568,6391222784.0,2391.596603906963,605.0,0.052490234375,9928704.0,19983.074058294296,0.004502203781157732,0.04449462890625,2.0791876316070557,-0.01918042078614235,0.5828744769096375,-0.020791875198483467,0.0016114511527121067,0.0,-0.014463704079389572,1.0729092359542847,0.7534341367242108,5.885598659515381,1.948811650276184,5.8711347579956055,2.160709857940674,6.850653648376465,4.21457576751709,,,,,,
8789904000.0,130.54,7.900000095367432,6391222784.0,2417.798848159176,606.0,0.059814453125,9945088.0,19989.850469827652,0.0037285557482391596,0.0413818359375,2.011451482772827,-0.01777057535946369,0.5828696489334106,-0.020114514976739883,0.00234394334256649,0.0,0.016239799559116364,1.062225341796875,0.756097694587841,6.017320156097412,1.8999994993209839,6.033560276031494,2.150844097137451,6.776411533355713,4.192291736602783,,,,,,
8789904000.0,155.44,7.0,6391222784.0,2407.640826023292,607.0,0.0653076171875,9961472.0,19996.65547156334,0.0027540642768144608,0.0299072265625,1.9997742176055908,-0.019030004739761353,0.6849067807197571,-0.019997742027044296,0.0009677368216216564,0.0,-0.025039631873369217,1.1647028923034668,0.7337928359717639,5.949896335601807,1.938834309577942,5.924856662750244,2.257382869720459,6.805001735687256,4.208417177200317,,,,,,
,,,,,,,,,,,,,,,,,,,,,,,,,,0.030323391780257225,0.6620293855667114,0.6083511710166931,0.030323391780257225,0.6620293855667114,0.6083511710166931
,,,,,,,,,,,,,,,,,,,,,,,,,,0.026281695812940598,0.602497935295105,0.5688568949699402,0.026281695812940598,0.602497935295105,0.5688568949699402
,,,,,,,,,,,,,,,,,,,,,,,,,,0.025605835020542145,0.5784356594085693,0.5435254573822021,0.025605835020542145,0.5784356594085693,0.5435254573822021
,,,,,,,,,,,,,,,,,,,,,,,,,,0.024536896497011185,0.5543973445892334,0.5167884826660156,0.024536896497011185,0.5543973445892334,0.5167884826660156
,,,,,,,,,,,,,,,,,,,,,,,,,,0.02490031160414219,0.5420841574668884,0.496351033449173,0.02490031160414219,0.5420841574668884,0.496351033449173
,,,,,,,,,,,,,,,,,,,,,,,,,,0.024279415607452393,0.520085334777832,0.4741300046443939,0.024279415607452393,0.520085334777832,0.4741300046443939
8789904000.0,102.09,7.099999904632568,6188634112.0,18.559897002547356,608.0,0.078125,9977856.0,20879.418991088867,0.001840553479269147,0.01568603515625,2.030871868133545,-0.02056203782558441,0.7629750967025757,-0.020308714359998703,-0.00025332486256957054,0.0,-0.05173709988594055,1.2300447225570679,0.7536722258948344,6.165421962738037,2.1308863162994385,6.11368465423584,2.478358030319214,882.763519525528,4.266822814941406,,,,,,
8789904000.0,99.65,6.599999904632568,6391222784.0,2407.42059895413,609.0,0.068359375,9994240.0,20886.224615335464,0.0018096402054652572,0.01470947265625,2.089466094970703,-0.021355682983994484,0.7685638666152954,-0.02089466154575348,-0.00046102236956357956,0.0,-0.09626877307891846,1.2398693561553955,0.748377604670407,6.167381286621094,2.1828370094299316,6.071112632751465,2.4717302322387695,6.80562424659729,4.211549282073975,,,,,,
8789904000.0,105.21,7.5,6391222784.0,2411.2478669750176,610.0,0.068359375,10010624.0,20893.01943731308,0.001165502704679966,0.0054931640625,2.0932414531707764,-0.02005164697766304,0.7311372756958008,-0.020932413637638092,0.0008807741105556488,0.0,0.03673155605792999,1.1991199254989624,0.7400019450729158,5.953588485717773,2.040421962738037,5.990320682525635,2.3516769409179688,6.7948219776153564,4.201502323150635,,,,,,
8789904000.0,132.99,7.300000190734863,6391222784.0,2371.742909394175,611.0,0.059814453125,10027008.0,20899.92743730545,0.0018165892688557506,0.013916015625,2.1038808822631836,-0.020283397287130356,0.6841982007026672,-0.021038809791207314,0.00075540691614151,0.0,-0.017280947417020798,1.1724110841751099,0.7310044340502976,5.861286163330078,1.9678069353103638,5.844005584716797,2.260514974594116,6.9079999923706055,4.205467462539673,,,,,,
8789904000.0,146.57,6.699999809265137,6391222784.0,2423.956147223583,612.0,0.047607421875,10043392.0,20906.686635494232,0.001469792565330863,0.0084228515625,2.113020658493042,-0.021177541464567184,0.6688617467880249,-0.021130207926034927,-4.733353853225708e-05,0.0,0.0006316639482975006,1.1558198928833008,0.7239668653386367,5.444027900695801,1.8754018545150757,5.444659233093262,2.199932813644409,6.759198188781738,4.18863320350647,,,,,,
8789904000.0,133.51,7.599999904632568,6391222784.0,2402.2421821138564,613.0,0.059814453125,10059776.0,20913.506930351257,0.0015895168762654066,0.00811767578125,2.0931599140167236,-0.021102266386151314,0.598609983921051,-0.02093159779906273,-0.00017066486179828644,0.0,0.06327397376298904,1.0953186750411987,0.771321484073854,5.715348243713379,1.983264446258545,5.778622627258301,2.290487766265869,6.8202948570251465,4.204218626022339,,,,,,
8789904000.0,119.02,7.099999904632568,6391222784.0,2368.2536603703334,614.0,0.076904296875,10076160.0,20920.42510819435,0.0021575624123215675,0.018310546875,2.073521137237549,-0.020203957334160805,0.7555689811706543,-0.020735211670398712,0.0005312543362379074,0.0,0.05551111325621605,1.2222874164581299,0.749381629280738,5.892474174499512,2.157181739807129,5.947985649108887,2.441558361053467,6.918177843093872,4.1839118003845215,,,,,,
8789904000.0,113.27,6.599999904632568,6391222784.0,2394.89200829743,615.0,0.0750732421875,10092544.0,20927.266335248947,0.000978225376456976,0.00390625,1.972170114517212,-0.01952260360121727,0.9715350866317749,-0.019721699878573418,0.00019909534603357315,0.0,-0.009170783683657646,1.395794153213501,0.7062398097815819,6.025809288024902,2.2192773818969727,6.01663875579834,2.575284004211426,6.841227054595947,4.194595098495483,,,,,,
8789904000.0,77.02,7.400000095367432,6391222784.0,2412.0585007264485,616.0,0.0848388671875,10108928.0,20934.058873653412,0.0020883209072053432,0.0159912109375,2.0435776710510254,-0.020471014082431793,0.8360385894775391,-0.020435776561498642,-3.523658961057663e-05,0.0,-0.006503632757812738,1.2841047048568726,0.7358520183770196,6.105963706970215,2.137802839279175,6.099460124969482,2.498485565185547,6.792538404464722,4.195816278457642,,,,,,
8789904000.0,92.87,8.100000381469727,6391222784.0,2398.9922736988956,617.0,0.0653076171875,10125312.0,20940.888407945633,0.001384552801027894,0.00897216796875,2.0960988998413086,-0.020252738147974014,0.5681060552597046,-0.020960988476872444,0.0007082493975758553,0.0,0.1073252484202385,1.0656778812408447,0.7873310084628697,5.789158821105957,2.0192136764526367,5.896483898162842,2.3108606338500977,6.829534292221069,4.200267553329468,,,,,,
8789904000.0,113.8,7.400000095367432,6391222784.0,2437.726529413672,618.0,0.0616455078125,10141696.0,20947.609424352646,0.0015799880493432283,0.009521484375,2.1502883434295654,-0.021047279238700867,0.6604350209236145,-0.02150288224220276,0.0004556030035018921,0.0,-0.012542528100311756,1.1470983028411865,0.7501657981734916,5.817953109741211,2.0181896686553955,5.805410385131836,2.294957160949707,6.7210164070129395,4.209512948989868,,,,,,
8789904000.0,124.86,8.199999809265137,6391222784.0,2445.494165323924,619.0,0.0732421875,10158080.0,20954.309092760086,0.001015557092614472,0.0068359375,2.1291074752807617,-0.020859021693468094,0.6606136560440063,-0.02129107341170311,0.0004320531152188778,0.0,0.09622973948717117,1.1505749225616455,0.7543254965697036,6.0588603019714355,2.04681658744812,6.15509033203125,2.3213188648223877,6.6996684074401855,4.18475341796875,,,,,,
8789904000.0,110.09,7.199999809265137,6391222784.0,2457.763546039033,620.0,0.0714111328125,10174464.0,20960.97531580925,0.0007844509673304856,0.00433349609375,2.1511926651000977,-0.020651156082749367,0.7770187854766846,-0.021511927247047424,0.0008607711642980576,0.0,-0.06160803139209747,1.2357803583145142,0.7444504185306484,6.136862754821777,2.1570723056793213,6.075254440307617,2.4445760250091553,6.666223049163818,4.2029359340667725,,,,,,
8789904000.0,122.3,7.599999904632568,6391222784.0,2472.667291626809,621.0,0.067138671875,10190848.0,20967.601358890533,0.001284932834096253,0.009033203125,2.1578831672668457,-0.02153933234512806,0.7202013731002808,-0.0215788334608078,3.949948586523533e-05,0.0,-0.045006003230810165,1.2019566297531128,0.7543387732263451,6.02589225769043,2.064378023147583,5.980886459350586,2.425048828125,6.626043081283569,4.206531286239624,,,,,,
8789904000.0,80.23,7.699999809265137,6391222784.0,2450.3175519486786,622.0,0.0811767578125,10207232.0,20974.28783917427,0.0010120656806975603,0.0057373046875,2.103029489517212,-0.020725902169942856,0.8736051321029663,-0.02103029377758503,0.0003043944016098976,0.0,-0.03288045525550842,1.3187172412872314,0.7189954247974601,6.441878318786621,2.17543888092041,6.408998012542725,2.487683057785034,6.686480283737183,4.21204686164856,,,,,,
8789904000.0,72.5,8.100000381469727,6391222784.0,2397.9988399348013,623.0,0.078125,10223616.0,20981.12020277977,0.0012636837782338262,0.006103515625,2.0877156257629395,-0.02082914486527443,0.712500274181366,-0.020877160131931305,4.801340401172638e-05,0.0,0.01954290084540844,1.1920572519302368,0.7525103824555901,6.071815490722656,2.12981915473938,6.0913591384887695,2.396176338195801,6.832363605499268,4.182439088821411,,,,,,
8789904000.0,116.39,7.0,6391222784.0,2427.1540683448984,624.0,0.067138671875,10240000.0,20987.870495319366,0.0014615076361224055,0.0084228515625,2.1112782955169678,-0.02100212499499321,0.7939326167106628,-0.021112782880663872,0.00011066347360610962,0.0,-0.05957428365945816,1.2582536935806274,0.7172046077927714,5.997998237609863,2.052236557006836,5.938424110412598,2.3660943508148193,6.750292539596558,4.200414657592773,,,,,,
8789904000.0,104.33,7.300000190734863,6391222784.0,2447.328936156316,625.0,0.0701904296875,10256384.0,20994.5651409626,0.0014028330333530903,0.00732421875,2.1116201877593994,-0.021527841687202454,0.7200302481651306,-0.02111620083451271,-0.00041164038702845573,0.0,0.020162414759397507,1.1975648403167725,0.759116125494265,5.906185150146484,2.0825414657592773,5.926347255706787,2.4400291442871094,6.694645643234253,4.191834926605225,,,,,,
8789904000.0,110.71,7.5,6391222784.0,2455.8623720244555,626.0,0.06591796875,10272768.0,21001.23652458191,0.001678487635217607,0.010986328125,2.1183581352233887,-0.021286917850375175,0.6209965348243713,-0.02118358016014099,-0.00010333675891160965,0.0,0.03675108402967453,1.1055717468261719,0.790174647169013,5.923809051513672,2.109616756439209,5.960560321807861,2.4135589599609375,6.671383619308472,4.183360576629639,,,,,,
8789904000.0,104.45,7.0,6391222784.0,2452.759105027359,627.0,0.0543212890625,10289152.0,21007.916348934174,0.002361300401389599,0.01898193359375,2.0934958457946777,-0.020034682005643845,0.6249086260795593,-0.02093495801091194,0.0009002760052680969,0.0,-0.06416639685630798,1.108117699623108,0.7660275070530788,5.626582145690918,2.0221457481384277,5.562415599822998,2.290886163711548,6.679824352264404,4.185030937194824,,,,,,
8789904000.0,109.26,8.100000381469727,6391222784.0,2385.98101651551,628.0,0.068359375,10305536.0,21014.7831261158,0.0014276962028816342,0.01153564453125,2.055985450744629,-0.020123980939388275,0.6388518810272217,-0.020559852942824364,0.0004358738660812378,0.0,0.09104423224925995,1.1276984214782715,0.7657975228316394,5.99030065536499,2.060166835784912,6.081345558166504,2.3302228450775146,6.866777181625366,4.202563524246216,,,,,,
8789904000.0,115.81,8.399999618530273,6391222784.0,2396.330264807669,629.0,0.06103515625,10321920.0,21021.620247125626,0.001769654336385429,0.01470947265625,2.118940830230713,-0.021820180118083954,0.5012191534042358,-0.021189408376812935,-0.0006307773292064667,0.0,0.06518685817718506,1.0011160373687744,0.7869966548065813,5.953944206237793,1.9757362604141235,6.019130706787109,2.169157028198242,6.83712100982666,4.21510124206543,,,,,,
8789904000.0,178.17,7.099999904632568,6391222784.0,2435.260686364598,630.0,0.0518798828125,10338304.0,21028.34806895256,0.0041155265644192696,0.0426025390625,1.9781534671783447,-0.01962079107761383,0.5762135982513428,-0.019781535491347313,0.00016074208542704582,0.0,-0.034484781324863434,1.0682146549224854,0.7543968304721964,5.82186222076416,1.8825252056121826,5.78737735748291,2.155468225479126,6.7278218269348145,4.193434476852417,,,,,,
8789904000.0,120.9,6.699999809265137,6391222784.0,2449.5264926577092,631.0,0.0653076171875,10354688.0,21035.03670859337,0.00274999113753438,0.02197265625,1.9565541744232178,-0.019022328779101372,0.679904043674469,-0.019565539434552193,0.00054320995695889,0.0,-0.032166339457035065,1.163205862045288,0.7485966610968728,5.997566223144531,1.9741917848587036,5.965400218963623,2.3199095726013184,6.6886396408081055,4.194150924682617,,,,,,
8789904000.0,110.75,8.199999809265137,6391222784.0,2384.1474613371915,632.0,0.0677490234375,10371072.0,21041.90876674652,0.0015512299723923206,0.01129150390625,1.9713196754455566,-0.01916562020778656,0.6939288973808289,-0.01971319690346718,0.0005475748330354691,0.0,0.09242939949035645,1.1738111972808838,0.7297180587721356,5.974201202392578,1.957554578781128,6.066631317138672,2.2578232288360596,6.872058153152466,4.196452856063843,,,,,,
8789904000.0,90.24,7.400000095367432,6391222784.0,2374.1378392362017,633.0,0.0799560546875,10387456.0,21048.80979824066,0.0013376682763919234,0.0091552734375,2.001803159713745,-0.01859435625374317,0.8661160469055176,-0.02001802995800972,0.0014236737042665482,0.0,-0.0863524004817009,1.3130183219909668,0.7444396177284361,6.315565586090088,2.250652313232422,6.229212760925293,2.5973105430603027,6.901031494140625,4.192278623580933,,,,,,
8789904000.0,104.58,7.699999809265137,6391222784.0,2365.0604921139156,634.0,0.0811767578125,10403840.0,21055.73731660843,0.001600425224751234,0.00921630859375,1.9612747430801392,-0.01930980011820793,0.7857434749603271,-0.019612746313214302,0.0003029434010386467,0.0,0.052513182163238525,1.2403960227966309,0.7457019409666377,6.046413421630859,2.082174301147461,6.098926544189453,2.459737539291382,6.927518367767334,4.2056825160980225,,,,,,
8789904000.0,76.79,8.199999809265137,6391222784.0,2379.6418818082575,635.0,0.0946044921875,10420224.0,21062.622386217117,0.0015469422796741128,0.01202392578125,1.9182190895080566,-0.01920224353671074,0.7561869621276855,-0.019182192161679268,-2.005370333790779e-05,0.0,0.15678174793720245,1.2258813381195068,0.7682251616641109,6.343192100524902,2.241978883743286,6.499973773956299,2.5463333129882812,6.8850696086883545,4.2129881381988525,,,,,,
8789904000.0,91.08,7.300000190734863,6391222784.0,2392.93882446403,636.0,0.093994140625,10436608.0,21069.469197273254,0.002109162975102663,0.01861572265625,1.9053268432617188,-0.018499162048101425,0.8605148196220398,-0.019053269177675247,0.0005541057325899601,0.0,0.039991412311792374,1.3091871738433838,0.7278201476801518,6.559991836547852,2.187425374984741,6.599983215332031,2.509420871734619,6.846811056137085,4.193191051483154,,,,,,
8789904000.0,90.43,7.400000095367432,6391222784.0,2389.082945892422,637.0,0.074462890625,10452992.0,21076.327058792114,0.0018534157425165176,0.01556396484375,1.9589725732803345,-0.018876101821660995,0.824118971824646,-0.019589727744460106,0.0007136259227991104,0.0,-0.019427713006734848,1.2824000120162964,0.7066945693037402,6.302690029144287,2.0355331897735596,6.283262252807617,2.367899179458618,6.857861518859863,4.200446605682373,,,,,,
8789904000.0,85.34,7.5,6391222784.0,2385.9546728351056,638.0,0.0811767578125,10469376.0,21083.193911790848,0.0019438221352174878,0.01519775390625,2.0030174255371094,-0.01957659423351288,0.7353891730308533,-0.020030174404382706,0.0004535829648375511,0.0,0.013797948136925697,1.2076698541641235,0.750872277541734,6.383955001831055,2.127622365951538,6.39775276184082,2.4195644855499268,6.8668529987335205,4.207361936569214,,,,,,
8789904000.0,89.21,7.400000095367432,6391222784.0,2401.4350268669577,639.0,0.0677490234375,10485760.0,21090.01649904251,0.0028280140832066536,0.02838134765625,2.052424430847168,-0.019543923437595367,0.6689346432685852,-0.020524241030216217,0.0009803175926208496,0.0,-0.024187695235013962,1.155516505241394,0.7508835477600003,6.116130828857422,1.9979324340820312,6.091943740844727,2.315129518508911,6.822587251663208,4.205064058303833,,,,,,
,,,,,,,,,,,,,,,,,,,,,,,,,,0.019213136285543442,0.7590132355690002,0.7099922299385071,0.019213136285543442,0.7590132355690002,0.7099922299385071
,,,,,,,,,,,,,,,,,,,,,,,,,,0.01782035455107689,0.6981320977210999,0.6647671461105347,0.01782035455107689,0.6981320977210999,0.6647671461105347
,,,,,,,,,,,,,,,,,,,,,,,,,,0.01780112460255623,0.6652452945709229,0.6329615116119385,0.01780112460255623,0.6652452945709229,0.6329615116119385
,,,,,,,,,,,,,,,,,,,,,,,,,,0.01748071238398552,0.6408655643463135,0.6028962135314941,0.01748071238398552,0.6408655643463135,0.6028962135314941
,,,,,,,,,,,,,,,,,,,,,,,,,,0.0180712528526783,0.6194338202476501,0.5789851546287537,0.0180712528526783,0.6194338202476501,0.5789851546287537
,,,,,,,,,,,,,,,,,,,,,,,,,,0.018091527745127678,0.6008501052856445,0.5533464550971985,0.018091527745127678,0.6008501052856445,0.5533464550971985
8789904000.0,125.14,7.400000095367432,6188634112.0,18.592564069668207,640.0,0.052490234375,10502144.0,21971.229006290436,0.0010444181971251965,0.005126953125,2.1058878898620605,-0.02070506289601326,0.5952556133270264,-0.02105887606739998,0.00035381270572543144,0.0,0.006225417833775282,1.0896786451339722,0.7396971825964752,5.72018575668335,1.8967865705490112,5.726410865783691,2.1357924938201904,881.2125072479248,4.1943254470825195,,,,,,
8789904000.0,128.4,8.0,6391222784.0,2397.8773437318446,641.0,0.052490234375,10518528.0,21978.061716079712,0.0008279918693006039,0.0030517578125,2.119584560394287,-0.021302279084920883,0.5017677545547485,-0.021195845678448677,-0.00010643340647220612,0.0,0.05917225033044815,1.0018550157546997,0.7685533993666156,5.738791465759277,1.8617112636566162,5.7979631423950195,2.0824737548828125,6.832709789276123,4.208256244659424,,,,,,
8789904000.0,155.59,8.0,6391222784.0,2395.0887458586208,642.0,0.048828125,10534912.0,21984.902381181717,0.0012630329001694918,0.0074462890625,2.132261037826538,-0.020723799243569374,0.49594366550445557,-0.02132260985672474,0.0005988143384456635,0.0,0.06503881514072418,0.9958715438842773,0.7572297707644222,5.739049911499023,1.7902756929397583,5.804089069366455,2.0211830139160156,6.840665102005005,4.204781770706177,,,,,,
8789904000.0,138.16,7.099999904632568,6391222784.0,2392.7340253582297,643.0,0.0677490234375,10551296.0,21991.74977827072,0.0012978939339518547,0.00592041015625,2.009596586227417,-0.019914330914616585,0.7436420917510986,-0.02009596675634384,0.0001816346775740385,0.0,-0.03265170753002167,1.2156742811203003,0.7266353893191415,6.179366111755371,2.0236642360687256,6.146714687347412,2.3251242637634277,6.847397089004517,4.195514917373657,,,,,,
8789904000.0,98.49,7.199999809265137,6391222784.0,2427.330077511965,644.0,0.069580078125,10567680.0,21998.499581336975,0.0026571275666356087,0.02679443359375,2.0448243618011475,-0.019567105919122696,0.8606029748916626,-0.020448243245482445,0.0008811308071017265,0.0,-0.04041944444179535,1.3069151639938354,0.6975311778600736,6.1219987869262695,2.008354663848877,6.081579208374023,2.3763320446014404,6.749803066253662,4.19230580329895,,,,,,
8789904000.0,87.99,7.5,6391222784.0,2414.45210742131,645.0,0.0653076171875,10584064.0,22005.28538584709,0.001929556136019528,0.0128173828125,2.0533194541931152,-0.020747780799865723,0.6606278419494629,-0.02053319476544857,-0.00021458696573972702,0.0,-0.025163184851408005,1.1487467288970947,0.7504647161610252,6.0326738357543945,1.943678379058838,6.007510185241699,2.299631118774414,6.785804510116577,4.185868263244629,,,,,,
8789904000.0,99.19,7.800000190734863,6391222784.0,2381.3814451824132,646.0,0.0653076171875,10600448.0,22012.165426015854,0.0016269804909825325,0.0133056640625,2.0893194675445557,-0.0206911601126194,0.6036967635154724,-0.020893191918730736,0.0002020350657403469,0.0,0.04708966985344887,1.1015427112579346,0.7770566132645961,5.955230236053467,2.0416369438171387,6.002320289611816,2.3329434394836426,6.880040168762207,4.207744598388672,,,,,,
8789904000.0,108.76,7.800000190734863,6391222784.0,2373.6804889128207,647.0,0.067138671875,10616832.0,22019.06778717041,0.0012296877102926373,0.005615234375,2.1152052879333496,-0.020947996526956558,0.6213947534561157,-0.021152053028345108,0.00020405231043696404,0.0,0.015992457047104836,1.1003741025924683,0.768464758864655,6.029726028442383,2.0336358547210693,6.045718193054199,2.286818504333496,6.902361154556274,4.199654817581177,,,,,,
8789904000.0,110.11,7.900000095367432,6391222784.0,2377.348427350592,648.0,0.0665283203125,10633216.0,22025.959498882294,0.0019666776061058044,0.01580810546875,2.108783721923828,-0.020913781598210335,0.6309764981269836,-0.02108784019947052,0.00017405860126018524,0.0,0.017121195793151855,1.1276822090148926,0.7449024837243794,5.986393928527832,1.9850859642028809,6.003514766693115,2.2327170372009277,6.891711711883545,4.198460102081299,,,,,,
8789904000.0,135.33,7.099999904632568,6391222784.0,2404.276788105261,649.0,0.0518798828125,10649600.0,22032.774022102356,0.0010125485714524984,0.0042724609375,2.1307992935180664,-0.020899275317788124,0.5455724000930786,-0.021307993680238724,0.0004087155684828758,0.0,-0.056702323257923126,1.0450255870819092,0.7765626346105529,5.807373046875,1.911583423614502,5.750670433044434,2.210796594619751,6.814523220062256,4.1888182163238525,,,,,,
8789904000.0,117.38,7.699999809265137,6391222784.0,2452.158520266645,650.0,0.059814453125,10665984.0,22039.45548248291,0.0015725160483270884,0.009033203125,2.071904182434082,-0.020039062947034836,0.5266292691230774,-0.020719042047858238,0.000679980032145977,0.0,0.05861217528581619,1.0246208906173706,0.7822091802402937,5.8184003829956055,1.9152220487594604,5.877012252807617,2.195549249649048,6.681460380554199,4.192878484725952,,,,,,
8789904000.0,144.83,7.400000095367432,6391222784.0,2447.702201563186,651.0,0.0543212890625,10682368.0,22046.14910721779,0.0015333408955484629,0.0101318359375,2.1102066040039062,-0.020776404067873955,0.6174523234367371,-0.021102067083120346,0.0003256630152463913,0.0,-0.023196112364530563,1.1080695390701294,0.7406337891811765,5.880375385284424,1.9283310174942017,5.857179164886475,2.1757569313049316,6.69362473487854,4.1860339641571045,,,,,,
8789904000.0,149.62,7.0,6391222784.0,2422.173487100224,652.0,0.0555419921875,10698752.0,22052.913280010223,0.0021621871273964643,0.01708984375,2.084238290786743,-0.020235706120729446,0.687070369720459,-0.020842380821704865,0.0006066774949431419,0.0,-0.07909153401851654,1.1690551042556763,0.7212101498356205,5.945174217224121,1.9309114217758179,5.866082191467285,2.2140955924987793,6.764172792434692,4.187260866165161,,,,,,
8789904000.0,137.83,7.599999904632568,6391222784.0,2413.7917049093285,653.0,0.054931640625,10715136.0,22059.700941085815,0.0012886428739875555,0.0076904296875,2.0681838989257812,-0.020571956411004066,0.6108425259590149,-0.02068183571100235,0.00010987697169184685,0.0,0.03274666517972946,1.099989652633667,0.7617226561048568,5.8962531089782715,1.9583200216293335,5.928999900817871,2.253446578979492,6.787661075592041,4.202739238739014,,,,,,
8789904000.0,98.31,7.400000095367432,6391222784.0,2404.948658259758,654.0,0.067138671875,10731520.0,22066.513560533524,0.0019581716042011976,0.01611328125,2.0364387035369873,-0.02041887305676937,0.6682662963867188,-0.020364388823509216,-5.448516458272934e-05,0.0,-0.013612098060548306,1.1525676250457764,0.7490092502008284,6.017704010009766,1.9885295629501343,6.004091739654541,2.300581455230713,6.81261944770813,4.182164669036865,,,,,,
8789904000.0,95.06,7.800000190734863,6391222784.0,2424.3010206095732,655.0,0.064697265625,10747904.0,22073.271797180176,0.001674323109909892,0.01153564453125,2.066537380218506,-0.0200637374073267,0.5806507468223572,-0.020665373653173447,0.0006016334518790245,0.0,0.013215441256761551,1.0710906982421875,0.7901523922442241,6.06607723236084,2.072974920272827,6.079292297363281,2.3381588459014893,6.758236646652222,4.211588144302368,,,,,,
8789904000.0,157.13,7.699999809265137,6391222784.0,2404.4279577059583,656.0,0.062255859375,10764288.0,22080.08589196205,0.00300222123041749,0.02813720703125,2.088449478149414,-0.020292887464165688,0.5428643822669983,-0.020884497091174126,0.0005916068330407143,0.0,0.019080713391304016,1.0321308374404907,0.7872866036208996,5.9881486892700195,2.0004000663757324,6.007228851318359,2.237881660461426,6.81409478187561,4.19233775138855,,,,,,
8789904000.0,133.8,6.900000095367432,6391222784.0,2428.9019168218465,657.0,0.0531005859375,10780672.0,22086.831326961517,0.0026000570505857468,0.02252197265625,2.1184465885162354,-0.02053762413561344,0.6297508478164673,-0.021184464916586876,0.0006468421779572964,0.0,-0.02629290521144867,1.122336983680725,0.7368805918589649,5.770364284515381,1.921242117881775,5.7440714836120605,2.187997817993164,6.745434999465942,4.193053245544434,,,,,,
8789904000.0,127.41,7.0,6391222784.0,2395.863239235948,658.0,0.0531005859375,10797056.0,22093.6697807312,0.0014020462986081839,0.0078125,2.0642073154449463,-0.021168027073144913,0.6324614882469177,-0.020642071962356567,-0.0005259532481431961,0.0,-0.04545038193464279,1.123077154159546,0.7323215703578374,5.780082702636719,1.8787122964859009,5.734631538391113,2.1707146167755127,6.838453769683838,4.192432641983032,,,,,,
8789904000.0,130.81,7.5,6391222784.0,2406.868395062576,659.0,0.0579833984375,10813440.0,22100.476966381073,0.001620112219825387,0.01165771484375,1.9480116367340088,-0.018997183069586754,0.6619939208030701,-0.019480116665363312,0.0004829335957765579,0.0,0.03756266087293625,1.1467702388763428,0.7389683552766118,5.819709300994873,1.905572533607483,5.857272624969482,2.244554281234741,6.807185649871826,4.214254140853882,,,,,,
8789904000.0,114.3,7.599999904632568,6391222784.0,2367.6590721379393,660.0,0.0640869140625,10829824.0,22107.396881580353,0.0018489556387066841,0.0145263671875,1.9607183933258057,-0.019263824447989464,0.7043473720550537,-0.0196071844547987,0.00034335884265601635,0.0,0.03423112630844116,1.1781361103057861,0.7284689875138506,5.979700565338135,1.9812490940093994,6.013931751251221,2.260922908782959,6.919915199279785,4.302109479904175,,,,,,
8789904000.0,103.14,7.5,6391222784.0,2412.966180083228,661.0,0.08056640625,10846208.0,22114.186864852905,0.0009631675784476101,0.00537109375,1.907593011856079,-0.019057631492614746,0.8001609444618225,-0.01907593011856079,1.829676330089569e-05,0.0,-0.016629617661237717,1.2514926195144653,0.7528180369785532,6.216475963592529,2.1598877906799316,6.199846267700195,2.5172126293182373,6.78998327255249,4.188014268875122,,,,,,
8789904000.0,96.37,7.300000190734863,6391222784.0,2444.2536175726955,662.0,0.0750732421875,10862592.0,22120.88993358612,0.0009072805405594409,0.0037841796875,1.9639902114868164,-0.019400615245103836,0.7116450667381287,-0.01963990181684494,0.00023928657174110413,0.0,0.026031997054815292,1.19392991065979,0.7519677439781309,6.201242446899414,2.06260347366333,6.2272748947143555,2.3973135948181152,6.703068733215332,4.196321249008179,,,,,,
8789904000.0,78.77,8.0,6391222784.0,2422.408205681225,663.0,0.0701904296875,10878976.0,22127.65345096588,0.0016919693443924189,0.0133056640625,2.046103000640869,-0.02070789597928524,0.6391767859458923,-0.020461030304431915,-0.00024686590768396854,0.0,0.03249606117606163,1.1262896060943604,0.7619059136720787,6.160533905029297,2.030858278274536,6.19303035736084,2.3082125186920166,6.763517379760742,4.2769248485565186,,,,,,
8789904000.0,130.83,7.199999809265137,6391222784.0,2443.2664807347574,664.0,0.0592041015625,10895360.0,22134.359227895737,0.002463317709043622,0.0224609375,2.0513217449188232,-0.02038557082414627,0.6718754768371582,-0.020513217896223068,0.00012764555867761374,0.0,-0.014849849045276642,1.1634243726730347,0.7239333160706758,5.915477752685547,1.9401320219039917,5.900627613067627,2.2142724990844727,6.705776929855347,4.212333917617798,,,,,,
8789904000.0,141.26,6.800000190734863,6391222784.0,2433.471017518398,665.0,0.052490234375,10911744.0,22141.091997623444,0.0018858533585444093,0.01470947265625,2.1206881999969482,-0.02079220861196518,0.6038061380386353,-0.02120687998831272,0.0004146713763475418,0.0,-0.03695128113031387,1.0968029499053955,0.7532297861662227,5.736600875854492,1.9235137701034546,5.699649810791016,2.207914113998413,6.732769727706909,4.215508460998535,,,,,,
8789904000.0,114.89,7.900000095367432,6391222784.0,2402.4958155629915,666.0,0.0604248046875,10928128.0,22147.91157245636,0.0018057009438052773,0.01397705078125,2.0841257572174072,-0.02021787501871586,0.598719596862793,-0.02084125578403473,0.0006233816966414452,0.0,0.061200760304927826,1.0931133031845093,0.7736772413960168,5.813293933868408,1.995160460472107,5.874494552612305,2.297741651535034,6.81957483291626,4.187726974487305,,,,,,
8789904000.0,146.07,8.199999809265137,6391222784.0,2399.2499122357335,667.0,0.0604248046875,10944512.0,22154.74037337303,0.001511285430751741,0.0098876953125,2.11584210395813,-0.021426338702440262,0.5243327617645264,-0.02115842141211033,-0.000267920084297657,0.0,0.10044112801551819,1.021154761314392,0.7803963295525433,5.887811660766602,1.9766649007797241,5.988252639770508,2.179072856903076,6.828800916671753,4.192418813705444,,,,,,
8789904000.0,139.03,6.900000095367432,6391222784.0,2408.166885553836,668.0,0.06103515625,10960896.0,22161.543888568878,0.0011306931264698505,0.00506591796875,2.0246498584747314,-0.02026655152440071,0.7419273853302002,-0.02024650014936924,-2.0052306354045868e-05,0.0,-0.06650648266077042,1.2164422273635864,0.7260734642027877,6.1150922775268555,2.0371193885803223,6.048585414886475,2.324204683303833,6.803515195846558,4.193352699279785,,,,,,
8789904000.0,90.67,7.300000190734863,6391222784.0,2398.903838376603,669.0,0.0677490234375,10977280.0,22168.37367463112,0.0010479026241227984,0.00469970703125,2.009164333343506,-0.01945752650499344,0.6425012946128845,-0.020091645419597626,0.0006341179832816124,0.0,-0.024539832025766373,1.1340174674987793,0.7664737157467686,6.032261848449707,2.009431838989258,6.007721900939941,2.3466687202453613,6.829786062240601,4.198953866958618,,,,,,
8789904000.0,120.26,7.400000095367432,6391222784.0,2417.6273654985766,670.0,0.05859375,10993664.0,22175.15056681633,0.0016704107401892543,0.0084228515625,1.9842026233673096,-0.018737662583589554,0.6461146473884583,-0.019842026755213737,0.0011043655686080456,0.0,-7.216585800051689e-05,1.1362428665161133,0.73537837068705,6.058868408203125,1.9069713354110718,6.058795928955078,2.2088096141815186,6.776892185211182,4.199249744415283,,,,,,
8789904000.0,115.87,7.800000190734863,6391222784.0,2426.8769463722506,671.0,0.0714111328125,11010048.0,22181.901630163193,0.0021503278985619545,0.02227783203125,1.9724284410476685,-0.01895267702639103,0.6208265423774719,-0.01972428523004055,0.0007716091349720955,0.0,0.06690183281898499,1.1112346649169922,0.761157002362004,6.20953893661499,2.0254645347595215,6.276440620422363,2.27378511428833,6.751063346862793,4.220127105712891,,,,,,
,,,,,,,,,,,,,,,,,,,,,,,,,,0.022431137040257454,0.6736206412315369,0.61722731590271,0.022431137040257454,0.6736206412315369,0.61722731590271
,,,,,,,,,,,,,,,,,,,,,,,,,,0.018992967903614044,0.6122939586639404,0.5760420560836792,0.018992967903614044,0.6122939586639404,0.5760420560836792
,,,,,,,,,,,,,,,,,,,,,,,,,,0.018665263429284096,0.588281512260437,0.5492408275604248,0.018665263429284096,0.588281512260437,0.5492408275604248
,,,,,,,,,,,,,,,,,,,,,,,,,,0.018691597506403923,0.5651597380638123,0.523321270942688,0.018691597506403923,0.5651597380638123,0.523321270942688
,,,,,,,,,,,,,,,,,,,,,,,,,,0.019060354679822922,0.5469728112220764,0.5030685663223267,0.019060354679822922,0.5469728112220764,0.5030685663223267
,,,,,,,,,,,,,,,,,,,,,,,,,,0.018636807799339294,0.5286852121353149,0.4778667092323303,0.018636807799339294,0.5286852121353149,0.4778667092323303
8789904000.0,140.79,7.0,6188634112.0,18.53694929695692,672.0,0.0543212890625,11026432.0,23065.757961511612,0.0014292087871581316,0.009521484375,2.117549419403076,-0.020152075216174126,0.6725425720214844,-0.02117549441754818,0.0010234229266643524,0.0,-0.07047165930271149,1.1602838039398193,0.7318896795028786,5.856347560882568,1.9674373865127563,5.785876274108887,2.240823268890381,883.8563313484192,4.204144477844238,,,,,,
8789904000.0,131.39,7.5,6391222784.0,2397.487919265724,673.0,0.0494384765625,11042816.0,23072.591781139374,0.001070630270987749,0.0029296875,2.119547128677368,-0.021033840253949165,0.5563864707946777,-0.02119547314941883,0.00016163475811481476,0.0,0.015322846360504627,1.0610657930374146,0.7627364748449643,5.656871318817139,1.933527946472168,5.672194004058838,2.1783459186553955,6.833819627761841,4.210912704467773,,,,,,
8789904000.0,130.17,6.900000095367432,6391222784.0,2396.6260304096913,674.0,0.0555419921875,11059200.0,23079.42805838585,0.0013812086544930935,0.00689697265625,2.095447301864624,-0.020130116492509842,0.7385741472244263,-0.020954471081495285,0.0008243562187999487,0.0,-0.04120474308729172,1.2108805179595947,0.7181875546795924,5.803153038024902,1.965092658996582,5.761948108673096,2.2809784412384033,6.83627724647522,4.19874382019043,,,,,,
8789904000.0,127.86,7.5,6391222784.0,2433.951269671918,675.0,0.0665283203125,11075584.0,23086.159499645233,0.0007391432300209999,0.00189208984375,2.150822401046753,-0.02125301957130432,0.5778367519378662,-0.021508222445845604,0.0002552042715251446,0.0,0.07145584374666214,1.071457862854004,0.7918090393300365,5.888998508453369,2.036881685256958,5.96045446395874,2.348249673843384,6.731441259384155,4.200810194015503,,,,,,
8789904000.0,129.38,7.699999809265137,6391222784.0,2437.556185743196,676.0,0.07080078125,11091968.0,23092.880985736847,0.0011823521926999092,0.0050048828125,2.1340129375457764,-0.020692963153123856,0.6413121223449707,-0.021340129896998405,0.0006471648812294006,0.0,0.0067788949236273766,1.124611496925354,0.7773941708932226,6.128565788269043,2.1156880855560303,6.135344505310059,2.38360595703125,6.7214860916137695,4.191972494125366,,,,,,
8789904000.0,138.04,7.400000095367432,6391222784.0,2401.1636625278543,677.0,0.0579833984375,11108352.0,23099.704344034195,0.0015304178232327104,0.009765625,2.112938404083252,-0.02117730677127838,0.686797559261322,-0.021129382774233818,-4.792213439941406e-05,0.0,-0.011476226150989532,1.1690483093261719,0.7315925646540553,5.940310478210449,2.016254425048828,5.928834915161133,2.256499767303467,6.8233582973480225,4.192663192749023,,,,,,
8789904000.0,121.26,7.599999904632568,6391222784.0,2379.882687928961,678.0,0.064697265625,11124736.0,23106.588716983795,0.001237367861904204,0.007080078125,2.09792423248291,-0.020663706585764885,0.6840084791183472,-0.02097924053668976,0.0003155358135700226,0.0,-0.05280250683426857,1.1648122072219849,0.7479758609430387,5.856107711791992,1.9897940158843994,5.803305625915527,2.3202502727508545,6.88437294960022,4.189745187759399,,,,,,
8789904000.0,106.37,7.5,6391222784.0,2395.3629135252413,679.0,0.064697265625,11141120.0,23113.428599119186,0.003469967283308506,0.03570556640625,2.117051362991333,-0.020818941295146942,0.6197001338005066,-0.021170509979128838,0.0003515714779496193,0.0,0.019227497279644012,1.1126961708068848,0.7650436550797495,5.718657970428467,1.955575942993164,5.737885475158691,2.295530319213867,6.839882135391235,4.191610336303711,,,,,,
8789904000.0,129.68,7.099999904632568,6391222784.0,2393.016403987704,680.0,0.04150390625,11157504.0,23120.275188207626,0.0014392905868589878,0.00897216796875,2.191939115524292,-0.020765841007232666,0.49314451217651367,-0.021919390186667442,0.0011535510420799255,0.0,-0.04648151993751526,0.9915028214454651,0.7780639900645749,5.568358898162842,1.8496888875961304,5.521877288818359,2.104651927947998,6.846589088439941,4.195271730422974,,,,,,
8789904000.0,141.54,7.0,6391222784.0,2422.722999776975,681.0,0.0421142578125,11173888.0,23127.037826776505,0.00080337148392573,0.00311279296875,2.203690528869629,-0.021535733714699745,0.48035573959350586,-0.022036906331777573,0.0005011698231101036,0.0,-0.030217114835977554,0.9793605208396912,0.7594774450182875,5.330073833465576,1.728729486465454,5.299856662750244,1.9969385862350464,6.762638568878174,4.189751625061035,,,,,,
8789904000.0,116.2,7.199999809265137,6391222784.0,2429.234545123605,682.0,0.052490234375,11190272.0,23133.782338142395,0.002061891835182905,0.0162353515625,2.1206209659576416,-0.02134629711508751,0.6389248967170715,-0.021206211298704147,-0.00014008698053658009,0.0,-0.02781931310892105,1.1282877922058105,0.7595741809775036,5.5073442459106445,2.005614995956421,5.479524612426758,2.3010671138763428,6.744511365890503,4.1996729373931885,,,,,,
8789904000.0,142.71,7.300000190734863,6391222784.0,2388.1623512374126,683.0,0.045166015625,11206656.0,23140.64284324646,0.001461982959881425,0.010009765625,2.115438461303711,-0.02113857865333557,0.49637651443481445,-0.021154385060071945,1.5803612768650055e-05,0.0,-0.015423610806465149,0.9942208528518677,0.7828368366592869,5.250837326049805,1.8928114175796509,5.235413074493408,2.1334848403930664,6.860505104064941,4.193041563034058,,,,,,
8789904000.0,181.16,7.0,6391222784.0,2387.7455440253143,684.0,0.04638671875,11223040.0,23147.504545927048,0.0012206053361296654,0.0067138671875,2.1178247928619385,-0.02015717700123787,0.5707151889801025,-0.021178247407078743,0.001021072268486023,0.0,-0.014287246391177177,1.065453052520752,0.7640885359329362,5.349030017852783,1.9089903831481934,5.334742546081543,2.193610668182373,6.8617026805877686,4.207747459411621,,,,,,
8789904000.0,164.27,7.199999809265137,6391222784.0,2404.9710463709034,685.0,0.0384521484375,11239424.0,23154.317101955414,0.0013846461661159992,0.0079345703125,2.1248061656951904,-0.021751200780272484,0.493236243724823,-0.02124805934727192,-0.000503145158290863,0.0,0.021904487162828445,0.9908732771873474,0.7714357248800641,5.186979293823242,1.8375247716903687,5.208884239196777,2.0725929737091064,6.812556028366089,4.180696725845337,,,,,,
8789904000.0,172.45,7.400000095367432,6391222784.0,2399.2339966784043,686.0,0.0445556640625,11255808.0,23161.145948171616,0.001206283224746585,0.008544921875,2.150423288345337,-0.020955465734004974,0.47818195819854736,-0.0215042345225811,0.0005487683229148388,0.0,-0.009575248695909977,0.9761226773262024,0.795259624396241,5.217711448669434,1.9359771013259888,5.208136558532715,2.157261371612549,6.828846216201782,4.205829381942749,,,,,,
8789904000.0,179.98,7.0,6391222784.0,2430.137410818105,687.0,0.0433349609375,11272192.0,23167.88795375824,0.0019432117696851492,0.0155029296875,2.1757895946502686,-0.021644968539476395,0.5578120350837708,-0.02175789512693882,0.00011292845010757446,0.0,0.00914369523525238,1.055105209350586,0.7693031132753516,5.306647300720215,1.9194743633270264,5.315791130065918,2.1967198848724365,6.7420055866241455,4.196925640106201,,,,,,
8789904000.0,152.3,7.199999809265137,6391222784.0,2425.6517854337935,688.0,0.0433349609375,11288576.0,23174.64242696762,0.0014711576513946056,0.008056640625,2.1780364513397217,-0.021333012729883194,0.5204816460609436,-0.021780364215373993,0.0004473533481359482,0.0,0.013155052438378334,1.0157815217971802,0.7801545436987339,5.3395233154296875,1.9158257246017456,5.352678298950195,2.166415214538574,6.7544732093811035,4.191975831985474,,,,,,
8789904000.0,166.49,7.800000190734863,6391222784.0,2403.1607237177823,689.0,0.0469970703125,11304960.0,23181.460114955902,0.001283798017539084,0.0064697265625,2.2150394916534424,-0.021566810086369514,0.44307175278663635,-0.022150395438075066,0.0005835853517055511,0.0,0.03830896317958832,0.9381545186042786,0.8044908623298093,5.380307197570801,1.9144734144210815,5.41861629486084,2.121734142303467,6.81768798828125,4.210047245025635,,,,,,
8789904000.0,182.48,7.5,6391222784.0,2417.250376317604,690.0,0.0433349609375,11321344.0,23188.238064050674,0.0021087643690407276,0.0177001953125,2.2026193141937256,-0.02204625867307186,0.48623549938201904,-0.022026190534234047,-2.006813883781433e-05,0.0,0.05760751664638519,0.9818090796470642,0.7981784327513446,5.555003643035889,1.964203119277954,5.612611293792725,2.1854629516601562,6.777949094772339,4.182437419891357,,,,,,
8789904000.0,169.28,7.0,6391222784.0,2420.911960674959,691.0,0.050048828125,11337728.0,23195.005761623383,0.001736128469929099,0.0157470703125,2.2141916751861572,-0.021407147869467735,0.6336745619773865,-0.022141914814710617,0.0007347641512751579,0.0,-0.042798418551683426,1.1214137077331543,0.7417873780629496,5.581007957458496,1.9863429069519043,5.538209915161133,2.2068722248077393,6.76769757270813,4.187836647033691,,,,,,
8789904000.0,153.07,7.099999904632568,6391222784.0,2440.5268600635563,692.0,0.0518798828125,11354112.0,23201.719066143036,0.0012102588079869747,0.0068359375,2.1501920223236084,-0.021198803558945656,0.5738598108291626,-0.021501919254660606,0.0003031184896826744,0.0,0.017038619145751,1.063049077987671,0.8005131902106992,5.614879608154297,2.1254193782806396,5.631917953491211,2.38010573387146,6.71330451965332,4.199204683303833,,,,,,
8789904000.0,102.72,7.199999809265137,6391222784.0,2432.58168993289,693.0,0.0616455078125,11370496.0,23208.454297304153,0.0017108264146372676,0.01422119140625,2.129561185836792,-0.02071955054998398,0.6665234565734863,-0.021295610815286636,0.0005760607309639454,0.0,-0.02927115559577942,1.152025818824768,0.7875668479910302,5.864814758300781,2.199110984802246,5.835543632507324,2.4994871616363525,6.735231161117554,4.202566623687744,,,,,,
8789904000.0,107.85,7.5,6391222784.0,2432.969420223433,694.0,0.0531005859375,11386880.0,23215.188455104828,0.001128381583839655,0.00714111328125,2.1707568168640137,-0.021564241498708725,0.5492221713066101,-0.02170756831765175,0.0001433221623301506,0.0,-0.012543471530079842,1.0426608324050903,0.8063666683274021,5.720396995544434,2.12450909614563,5.707853317260742,2.369478464126587,6.7341578006744385,4.2036144733428955,,,,,,
8789904000.0,130.83,7.800000190734863,6391222784.0,2435.629329694606,695.0,0.057373046875,11403264.0,23221.91525864601,0.0008105144370347261,0.00335693359375,2.1541264057159424,-0.02127246744930744,0.5743926167488098,-0.021541263908147812,0.00026879552751779556,0.0,0.06440181285142899,1.0708389282226562,0.7958615789894642,5.750996112823486,2.128521203994751,5.815398216247559,2.370073080062866,6.726803541183472,4.1924498081207275,,,,,,
8789904000.0,143.83,7.900000095367432,6391222784.0,2390.612278524454,696.0,0.0579833984375,11419648.0,23228.768733024597,0.0011142590083181858,0.00531005859375,2.1822969913482666,-0.02118789777159691,0.5434573292732239,-0.021822968497872353,0.0006350670009851456,0.0,0.044006653130054474,1.0461344718933105,0.8016271434266519,5.713014125823975,2.1374614238739014,5.757020950317383,2.3488032817840576,6.853474378585815,4.2884521484375,,,,,,
8789904000.0,130.28,7.5,6391222784.0,2431.4504687618864,697.0,0.0518798828125,11436032.0,23235.5070977211,0.0009557018056511879,0.00372314453125,2.1937100887298584,-0.020861484110355377,0.536255955696106,-0.02193710021674633,0.0010756142437458038,0.0,-0.005055463407188654,1.0316320657730103,0.7973357795600057,5.724791526794434,2.0655887126922607,5.719736099243164,2.2915866374969482,6.7383646965026855,4.202178001403809,,,,,,
8789904000.0,120.56,7.699999809265137,6391222784.0,2441.992004618499,698.0,0.0579833984375,11452416.0,23242.216374397278,0.0008947331225499511,0.00482177734375,2.200859546661377,-0.02152281440794468,0.6011800169944763,-0.022008594125509262,0.0004857797175645828,0.0,0.01937127485871315,1.0947611331939697,0.7851584861958861,5.947982311248779,2.1124842166900635,5.967353820800781,2.3618931770324707,6.7092766761779785,4.2043375968933105,,,,,,
8789904000.0,128.73,7.099999904632568,6391222784.0,2406.0486091343573,699.0,0.0616455078125,11468800.0,23249.025879383087,0.0010306993499398232,0.005126953125,2.2232799530029297,-0.02248295769095421,0.6908531188964844,-0.022232798859477043,-0.000250156968832016,0.0,-0.039405982941389084,1.1736030578613281,0.7746280390709693,6.089512825012207,2.180342197418213,6.050107002258301,2.472130537033081,6.809504985809326,4.198636531829834,,,,,,
8789904000.0,94.82,7.5,6391222784.0,2371.567748531287,700.0,0.0653076171875,11485184.0,23255.934389591217,0.0016253427602350712,0.0106201171875,2.1761069297790527,-0.02013823390007019,0.6026176810264587,-0.02176106907427311,0.0016228333115577698,0.0,0.01754435896873474,1.1066533327102661,0.7772600148019957,6.0356621742248535,2.0866594314575195,6.053206443786621,2.344835042953491,6.908510208129883,4.2868523597717285,,,,,,
8789904000.0,123.39,7.800000190734863,6391222784.0,2390.515894651472,701.0,0.06591796875,11501568.0,23262.788140296936,0.0014030837919563055,0.0084228515625,2.1784896850585938,-0.02088278904557228,0.6044275760650635,-0.02178489975631237,0.0009021097794175148,0.0,0.05779745429754257,1.095018982887268,0.7805634819372465,6.04315185546875,2.069019317626953,6.100949287414551,2.337583065032959,6.853750705718994,4.20207142829895,,,,,,
8789904000.0,125.86,7.199999809265137,6391222784.0,2392.718362752584,702.0,0.072021484375,11517952.0,23269.635582208633,0.0018286819104105234,0.0113525390625,2.180288314819336,-0.021330030634999275,0.6856231689453125,-0.021802881732583046,0.000472849584184587,0.0,-0.022451341152191162,1.1671333312988281,0.7703107108311185,6.186069488525391,2.1352028846740723,6.1636176109313965,2.4352855682373047,6.847441911697388,4.204160451889038,,,,,,
8789904000.0,113.96,7.900000095367432,6391222784.0,2380.6589229071506,703.0,0.059814453125,11534336.0,23276.51771044731,0.0013907065149396658,0.0096435546875,2.2325572967529297,-0.023181457072496414,0.5325292944908142,-0.022325575351715088,-0.0008558770641684532,0.0,-0.016577884554862976,1.0293629169464111,0.7955024158046562,5.9557600021362305,2.039402961730957,5.939182281494141,2.276273012161255,6.8821282386779785,4.190280199050903,,,,,,
,,,,,,,,,,,,,,,,,,,,,,,,,,0.018598109483718872,0.6121936440467834,0.5709112882614136,0.018598109483718872,0.6121936440467834,0.5709112882614136
,,,,,,,,,,,,,,,,,,,,,,,,,,0.017265887930989265,0.5603296160697937,0.5325876474380493,0.017265887930989265,0.5603296160697937,0.5325876474380493
,,,,,,,,,,,,,,,,,,,,,,,,,,0.017364302650094032,0.5367457270622253,0.5037882328033447,0.017364302650094032,0.5367457270622253,0.5037882328033447
,,,,,,,,,,,,,,,,,,,,,,,,,,0.01675645262002945,0.5127657651901245,0.47862300276756287,0.01675645262002945,0.5127657651901245,0.47862300276756287
,,,,,,,,,,,,,,,,,,,,,,,,,,0.0170926321297884,0.49624165892601013,0.461997389793396,0.0170926321297884,0.49624165892601013,0.461997389793396
,,,,,,,,,,,,,,,,,,,,,,,,,,0.01719398982822895,0.4764561951160431,0.4363711476325989,0.01719398982822895,0.4764561951160431,0.4363711476325989
8789904000.0,129.71,7.099999904632568,6188634112.0,18.51554551833147,704.0,0.05859375,11550720.0,24161.395770549774,0.001288495259359479,0.0072021484375,2.237075090408325,-0.022202735766768456,0.6052480936050415,-0.022370750084519386,0.00016801402671262622,0.0,-0.05931729078292847,1.0947983264923096,0.7896842961545668,5.743570327758789,2.130521535873413,5.684252738952637,2.3872525691986084,884.8780601024628,4.494053840637207,,,,,,
8789904000.0,129.93,7.5,6391222784.0,2365.4994624230735,705.0,0.0579833984375,11567104.0,24168.322003364563,0.0009527174988761544,0.00555419921875,2.2340056896209717,-0.022358685731887817,0.6327776908874512,-0.02234005369246006,-1.8629245460033417e-05,0.0,-0.0013673341600224376,1.1305893659591675,0.7783494189525255,5.618804931640625,2.1404547691345215,5.617437839508057,2.401432514190674,6.926232814788818,4.18823504447937,,,,,,
8789904000.0,127.77,7.599999904632568,6391222784.0,2408.9111861475053,706.0,0.0567626953125,11583488.0,24175.123416423798,0.001195894437842071,0.00677490234375,2.21374773979187,-0.0222624521702528,0.6157646179199219,-0.02213747426867485,-0.0001249790657311678,0.0,0.04587287828326225,1.1049598455429077,0.7745654799470236,5.718020915985107,2.0990989208221436,5.763894081115723,2.327214479446411,6.801413059234619,4.186626672744751,,,,,,
8789904000.0,145.36,7.800000190734863,6391222784.0,2406.6939078100336,707.0,0.052490234375,11599872.0,24181.931095600128,0.0016298498958349228,0.01043701171875,2.187166929244995,-0.021748345345258713,0.606171727180481,-0.021871667355298996,0.00012331968173384666,0.0,0.010992355644702911,1.1003007888793945,0.7585095275689574,5.612302780151367,2.019010305404663,5.623295307159424,2.2390377521514893,6.807679176330566,4.19917368888855,,,,,,
8789904000.0,118.54,8.199999809265137,6391222784.0,2436.537301553393,708.0,0.05615234375,11616256.0,24188.65539240837,0.0018510411027818918,0.013916015625,2.2142717838287354,-0.022359449416399002,0.5253235697746277,-0.022142715752124786,-0.00021673302398994565,0.0,0.04818017780780792,1.0282851457595825,0.7959861611503163,5.662383079528809,2.0180976390838623,5.7105631828308105,2.276585340499878,6.724296808242798,4.192815065383911,,,,,,
8789904000.0,132.73,7.699999809265137,6391222784.0,2435.1929427060863,709.0,0.0396728515625,11632640.0,24195.38340139389,0.0009823894361034036,0.005126953125,2.2074594497680664,-0.02216905914247036,0.4206787943840027,-0.022074595093727112,-9.446404874324799e-05,0.0,-0.0033926963806152344,0.9183837175369263,0.8089676772657007,5.426780700683594,1.8839207887649536,5.42338752746582,2.1012167930603027,6.728008985519409,4.18726372718811,,,,,,
8789904000.0,176.08,8.0,6391222784.0,2362.3637367254823,710.0,0.04150390625,11649024.0,24202.318827867508,0.0020437557250261307,0.017822265625,2.252023458480835,-0.022038910537958145,0.4047279953956604,-0.02252023294568062,0.00048132333904504776,0.0,0.05906914919614792,0.8969895243644714,0.8151907137152394,5.247350692749023,1.8723750114440918,5.30642032623291,2.0865354537963867,6.935426473617554,4.197448492050171,,,,,,
8789904000.0,167.05,7.699999809265137,6391222784.0,2386.048949444717,711.0,0.0555419921875,11665408.0,24209.1854095459,0.0021248674020171165,0.01947021484375,2.1662261486053467,-0.02177659422159195,0.5855754613876343,-0.021662259474396706,-0.00011433102190494537,0.0,0.0254606194794178,1.081730842590332,0.7901080586061466,5.64555549621582,2.0988762378692627,5.671016693115234,2.3611390590667725,6.866581678390503,4.19333553314209,,,,,,
8789904000.0,106.65,7.699999809265137,6391222784.0,2398.624505982383,712.0,0.076904296875,11681792.0,24216.01599097252,0.0017757137538865209,0.01055908203125,2.0472068786621094,-0.02079247310757637,0.7280921936035156,-0.020472070202231407,-0.00032040709629654884,0.0,0.058603305369615555,1.1999317407608032,0.7752403144115715,6.120872497558594,2.2716078758239746,6.179475784301758,2.531031608581543,6.830581426620483,4.197596073150635,,,,,,
8789904000.0,120.72,6.400000095367432,6391222784.0,2407.84826936515,713.0,0.064697265625,11698176.0,24222.82040643692,0.0010071778669953346,0.00433349609375,2.0086283683776855,-0.01989126391708851,0.840923547744751,-0.02008628472685814,0.00019502174109220505,0.0,-0.047476768493652344,1.2980928421020508,0.7138712554652684,5.923969268798828,2.117438793182373,5.876492023468018,2.426748752593994,6.804415464401245,4.198824644088745,,,,,,
8789904000.0,73.87,8.0,6391222784.0,2429.8945762126573,714.0,0.0927734375,11714560.0,24229.56308579445,0.0015036246040835977,0.0098876953125,1.9835035800933838,-0.019955869764089584,0.6610796451568604,-0.019835036247968674,-0.00012083351612091064,0.0,0.11322709918022156,1.148536205291748,0.7901769742039849,6.19394588470459,2.203761577606201,6.307172775268555,2.5073676109313965,6.7426793575286865,4.1957738399505615,,,,,,
8789904000.0,121.3,7.199999809265137,6391222784.0,2408.5155529884464,715.0,0.07080078125,11730944.0,24236.365616083145,0.0018066373886540532,0.01177978515625,2.0253193378448486,-0.019854426383972168,0.7615624666213989,-0.020253192633390427,0.00039876438677310944,0.0,-0.014934786595404148,1.2295812368392944,0.7398339975571565,6.0208659172058105,2.1272196769714355,6.0059309005737305,2.4106369018554688,6.802530288696289,4.1930084228515625,,,,,,
8789904000.0,104.37,7.5,6391222784.0,2406.6915477694088,716.0,0.0726318359375,11747328.0,24243.173301935196,0.001793543342500925,0.01068115234375,1.9866524934768677,-0.018763605505228043,0.820183277130127,-0.019866522401571274,0.0011029159650206566,0.0,-0.0030895955860614777,1.280240774154663,0.7297573722342887,5.991122245788574,2.1574795246124268,5.988032341003418,2.4627177715301514,6.807685852050781,4.211412668228149,,,,,,
8789904000.0,81.74,7.199999809265137,6391222784.0,2415.5419209033353,717.0,0.0775146484375,11763712.0,24249.95604491234,0.0014737769961357117,0.01068115234375,1.9933725595474243,-0.019227206707000732,0.9142013788223267,-0.019933726638555527,0.0007065199315547943,0.0,0.0026535955257713795,1.3528538942337036,0.7193634674232152,5.976372718811035,2.161773204803467,5.979026794433594,2.553752899169922,6.782742977142334,4.190303802490234,,,,,,
8789904000.0,67.72,7.900000095367432,6391222784.0,2445.750138170631,718.0,0.1031494140625,11780096.0,24256.655012130737,0.0018414712976664305,0.01654052734375,1.9216517210006714,-0.0191879291087389,0.977178156375885,-0.019216516986489296,2.8590671718120575e-05,0.0,-0.05755940079689026,1.3965567350387573,0.7400658743712689,6.584940433502197,2.304349660873413,6.52738094329834,2.7392194271087646,6.698967218399048,4.190317153930664,,,,,,
8789904000.0,94.73,7.900000095367432,6391222784.0,2416.402176775793,719.0,0.08544921875,11796480.0,24263.43534040451,0.001638578251004219,0.0107421875,2.007388114929199,-0.019201695919036865,0.7975284457206726,-0.02007388137280941,0.0008721863850951195,0.0,0.0624200738966465,1.258199691772461,0.7439030455087505,6.28855037689209,2.1783688068389893,6.35097074508667,2.4862654209136963,6.780328273773193,4.19159722328186,,,,,,
8789904000.0,99.54,7.400000095367432,6391222784.0,2463.1930219991837,720.0,0.076904296875,11812864.0,24270.086869478226,0.001838245545513928,0.01434326171875,2.034332752227783,-0.020084431394934654,0.724433958530426,-0.020343327894806862,0.00025889603421092033,0.0,-0.028395526111125946,1.2040579319000244,0.7714491854692798,6.269674301147461,2.224695920944214,6.241278648376465,2.518580675125122,6.65152907371521,4.204560279846191,,,,,,
8789904000.0,113.61,7.599999904632568,6391222784.0,2430.1803802391305,721.0,0.05615234375,11829248.0,24276.82875585556,0.0017225112533196807,0.01422119140625,2.0945212841033936,-0.020530886948108673,0.5993425846099854,-0.020945211872458458,0.00041433051228523254,0.0,0.011835020035505295,1.0967789888381958,0.7448443422152561,5.824108600616455,1.957326054573059,5.835943698883057,2.171283721923828,6.741886377334595,4.185217380523682,,,,,,
8789904000.0,124.34,8.199999809265137,6391222784.0,2445.774859228961,722.0,0.0592041015625,11845632.0,24283.527655363083,0.0020217644050717354,0.01458740234375,2.1627769470214844,-0.021469254046678543,0.549660325050354,-0.021627768874168396,0.0001585148274898529,0.0,0.06612183153629303,1.0452995300292969,0.7641986904721886,5.8138861656188965,1.9288164377212524,5.880008220672607,2.152621269226074,6.698899507522583,4.1837828159332275,,,,,,
8789904000.0,128.92,7.800000190734863,6391222784.0,2440.5193194748995,723.0,0.05859375,11862016.0,24290.240980625153,0.002027582610026002,0.01690673828125,2.1789212226867676,-0.021196208894252777,0.5714645981788635,-0.02178921364247799,0.0005930038169026375,0.0,0.042538296431303024,1.0664610862731934,0.7745435099332468,6.042366027832031,2.002988815307617,6.084903717041016,2.2460193634033203,6.713325262069702,4.180075168609619,,,,,,
8789904000.0,143.1,7.400000095367432,6391222784.0,2454.9353824435843,724.0,0.06103515625,11878400.0,24296.914883375168,0.0028427012730389833,0.02435302734375,2.1675517559051514,-0.02089538425207138,0.6159655451774597,-0.021675515919923782,0.0007801339961588383,0.0,-0.02043343149125576,1.106909155845642,0.7506938331443792,6.083735466003418,1.9429922103881836,6.063302040100098,2.2168970108032227,6.673902750015259,4.182079553604126,,,,,,
8789904000.0,150.49,7.699999809265137,6391222784.0,2434.178274595111,725.0,0.0567626953125,11894784.0,24303.645696878433,0.00244341604411602,0.0206298828125,2.1379172801971436,-0.021834613755345345,0.518346905708313,-0.021379170939326286,-0.00045544467866420746,0.0,-0.01683514565229416,1.019990086555481,0.7708768442378386,6.056634426116943,1.8794140815734863,6.039798736572266,2.1308910846710205,6.730813503265381,4.199171543121338,,,,,,
8789904000.0,142.39,6.900000095367432,6391222784.0,2457.3275399750555,726.0,0.05126953125,11911168.0,24310.313102722168,0.003912992309778929,0.0352783203125,2.168630838394165,-0.020684488117694855,0.5730745196342468,-0.021686308085918427,0.0010018208995461464,0.0,-0.04156874120235443,1.0684263706207275,0.7368681950514404,5.893880844116211,1.78583562374115,5.852312088012695,2.0828497409820557,6.667405843734741,4.177725315093994,,,,,,
8789904000.0,104.04,8.199999809265137,6391222784.0,2429.9747423560057,727.0,0.0482177734375,11927552.0,24317.055559635162,0.002782667288556695,0.02667236328125,2.2269232273101807,-0.020648187026381493,0.3859463334083557,-0.022269232198596,0.0016210470348596573,0.0,-0.026834331452846527,0.8747712969779968,0.8064259496830911,5.840068817138672,1.7877241373062134,5.813234329223633,1.9882502555847168,6.742456912994385,4.1955108642578125,,,,,,
8789904000.0,182.38,8.0,6391222784.0,2452.3330113729594,728.0,0.0494384765625,11943936.0,24323.73654460907,0.0011750156991183758,0.0069580078125,2.2323267459869385,-0.021835777908563614,0.4646799862384796,-0.02232326939702034,0.00048748962581157684,0.0,0.018970752134919167,0.9629067778587341,0.7936509640477843,5.919135093688965,1.9041210412979126,5.938106060028076,2.119741678237915,6.680984973907471,4.198561429977417,,,,,,
8789904000.0,146.72,7.400000095367432,6391222784.0,2361.123568583706,729.0,0.04638671875,11960320.0,24330.675613880157,0.0023746115621179342,0.01666259765625,2.190518379211426,-0.02180073782801628,0.5013822913169861,-0.02190518192946911,0.00010444619692862034,0.0,-0.06338247656822205,0.9995399117469788,0.766739200566752,5.828530311584473,1.8194400072097778,5.765148162841797,2.069566011428833,6.9390692710876465,4.20146107673645,,,,,,
8789904000.0,165.99,7.400000095367432,6391222784.0,2444.1364299459356,730.0,0.048828125,11976704.0,24337.379004001617,0.002380534540861845,0.02423095703125,2.1683850288391113,-0.021360095590353012,0.5220286250114441,-0.02168385125696659,0.00032375380396842957,0.0,-0.06830671429634094,1.0230686664581299,0.7633331981186621,5.955427169799805,1.8564209938049316,5.887120246887207,2.1029837131500244,6.703390121459961,4.199844837188721,,,,,,
8789904000.0,121.62,7.099999904632568,6391222784.0,2407.318216787172,731.0,0.0457763671875,11993088.0,24344.18491768837,0.001562787452712655,0.0108642578125,2.21885347366333,-0.021497784182429314,0.38885197043418884,-0.02218853496015072,0.000690746121108532,0.0,-0.10101690143346786,0.8816641569137573,0.8198257683377321,5.66209602355957,1.8210389614105225,5.561079025268555,2.077096939086914,6.805913686752319,4.190218448638916,,,,,,
8789904000.0,177.99,7.199999809265137,6391222784.0,2386.838166138539,732.0,0.0341796875,12009472.0,24351.04922890663,0.0018728944705799222,0.0135498046875,2.2723474502563477,-0.021639680489897728,0.38061803579330444,-0.022723473608493805,0.0010837875306606293,0.0,-0.02126374840736389,0.8688207864761353,0.773814440080355,5.335618019104004,1.6058158874511719,5.314353942871094,1.8268283605575562,6.864311218261719,4.206707239151001,,,,,,
8789904000.0,165.14,7.800000190734863,6391222784.0,2360.4710129067084,733.0,0.04638671875,12025856.0,24357.990216493607,0.0037595899775624275,0.0323486328125,2.2029943466186523,-0.02059527114033699,0.4652445912361145,-0.02202994003891945,0.001434672623872757,0.0,0.031067034229636192,0.9632989764213562,0.7878407837154485,5.633148193359375,1.8515186309814453,5.664215087890625,2.0913658142089844,6.940987586975098,4.187857627868652,,,,,,
8789904000.0,164.49,6.900000095367432,6391222784.0,2374.6713502048015,734.0,0.0531005859375,12042240.0,24364.889697551727,0.0018885470926761627,0.0140380859375,2.205901622772217,-0.02173006162047386,0.5489653944969177,-0.022059015929698944,0.00032895011827349663,0.0,-0.05197764188051224,1.0439869165420532,0.7953701803282089,5.788748741149902,2.043779134750366,5.7367706298828125,2.307866096496582,6.8994810581207275,4.180523633956909,,,,,,
8789904000.0,144.56,7.900000095367432,6391222784.0,2375.040920206796,735.0,0.0537109375,12058624.0,24371.788105010986,0.001450269715860486,0.0084228515625,2.2019386291503906,-0.0220236424356699,0.43233051896095276,-0.022019384428858757,-4.26173210144043e-06,0.0,0.031022317707538605,0.9202001690864563,0.8267318553230176,5.61867618560791,1.971860647201538,5.649698257446289,2.210664987564087,6.898407459259033,4.1992669105529785,,,,,,
,,,,,,,,,,,,,,,,,,,,,,,,,,0.019785063341259956,0.6363080739974976,0.5984358191490173,0.019785063341259956,0.6363080739974976,0.5984358191490173
,,,,,,,,,,,,,,,,,,,,,,,,,,0.018839217722415924,0.5879878401756287,0.5627740025520325,0.018839217722415924,0.5879878401756287,0.5627740025520325
,,,,,,,,,,,,,,,,,,,,,,,,,,0.017175991088151932,0.5521742701530457,0.5272879004478455,0.017175991088151932,0.5521742701530457,0.5272879004478455
,,,,,,,,,,,,,,,,,,,,,,,,,,0.01714896410703659,0.5330585837364197,0.5042019486427307,0.01714896410703659,0.5330585837364197,0.5042019486427307
,,,,,,,,,,,,,,,,,,,,,,,,,,0.017351631075143814,0.514787495136261,0.48283904790878296,0.017351631075143814,0.514787495136261,0.48283904790878296
,,,,,,,,,,,,,,,,,,,,,,,,,,0.017413487657904625,0.5001513361930847,0.4642595946788788,0.017413487657904625,0.5001513361930847,0.4642595946788788
8789904000.0,142.36,7.199999809265137,6188634112.0,18.577833973498098,736.0,0.0384521484375,12075008.0,25253.69931292534,0.000808049226179719,0.00262451171875,2.1926398277282715,-0.021699514240026474,0.4799511432647705,-0.02192639373242855,0.00022688019089400768,0.0,-0.0422307625412941,0.9768257737159729,0.7364135806652057,5.496742248535156,1.694044589996338,5.454511642456055,1.902636170387268,881.9112079143524,4.195209264755249,,,,,,
8789904000.0,171.89,6.5,6391222784.0,2428.841308260516,737.0,0.04638671875,12091392.0,25260.44491624832,0.0021151008550077677,0.0172119140625,2.17733097076416,-0.020853348076343536,0.590194582939148,-0.021773310378193855,0.0009199641644954681,0.0,-0.10070401430130005,1.0836228132247925,0.7624497267204686,5.761998176574707,1.9142602682113647,5.661294460296631,2.2233123779296875,6.745603322982788,4.201447010040283,,,,,,
8789904000.0,173.59,6.699999809265137,6391222784.0,2443.7886714098768,738.0,0.0372314453125,12107776.0,25267.149260282516,0.002199491485953331,0.0157470703125,2.23144268989563,-0.022530939429998398,0.46368396282196045,-0.02231442555785179,-0.00021651247516274452,0.0,-0.04276411980390549,0.9589284658432007,0.777937842702924,5.400961399078369,1.76682710647583,5.3581976890563965,2.0349292755126953,6.704344034194946,4.198703289031982,,,,,,
8789904000.0,196.9,6.599999904632568,6391222784.0,2388.464986511952,739.0,0.0323486328125,12124160.0,25274.008896112442,0.0015956710558384657,0.01019287109375,2.2623660564422607,-0.02157721295952797,0.4252096712589264,-0.022623660042881966,0.0010464498773217201,0.0,-0.05472360551357269,0.9220184087753296,0.7552965768608203,5.117481231689453,1.6531155109405518,5.062757968902588,1.8638874292373657,6.859635829925537,4.199348211288452,,,,,,
8789904000.0,178.14,7.699999809265137,6391222784.0,2422.557820888417,740.0,0.0396728515625,12140544.0,25280.771995782852,0.0008708128589205444,0.00311279296875,2.2457401752471924,-0.022490300238132477,0.3405042290687561,-0.02245740219950676,-3.2899435609579086e-05,0.0,0.04315716773271561,0.8251945376396179,0.8365602490099133,5.11778450012207,1.8291953802108765,5.1609416007995605,2.0411620140075684,6.763099670410156,4.2090744972229,,,,,,
8789904000.0,181.7,7.300000190734863,6391222784.0,2410.8747253364095,741.0,0.0347900390625,12156928.0,25287.56786942482,0.0014247591607272625,0.00775146484375,2.272947311401367,-0.022277556359767914,0.38462692499160767,-0.02272947132587433,0.0004519163630902767,0.0,-0.04331735149025917,0.8764138221740723,0.8034601381105831,5.077110290527344,1.7491472959518433,5.033792972564697,1.9768954515457153,6.795873641967773,4.18837571144104,,,,,,
8789904000.0,207.36,7.0,6391222784.0,2419.0460612124693,742.0,0.037841796875,12173312.0,25294.340787172318,0.0010266064200550318,0.00372314453125,2.279099702835083,-0.022952936589717865,0.4157313108444214,-0.022790994495153427,-0.00016193930059671402,0.0,0.03199686110019684,0.9098087549209595,0.814141454679235,5.211313247680664,1.870910882949829,5.24330997467041,2.1103718280792236,6.772917747497559,4.200716972351074,,,,,,
8789904000.0,210.32,7.199999809265137,6391222784.0,2420.7202527516088,743.0,0.042724609375,12189696.0,25301.10902070999,0.0014097659150138497,0.00750732421875,2.241429567337036,-0.021640567108988762,0.4869768023490906,-0.022414295002818108,0.0007737316191196442,0.0,0.024098169058561325,0.9868434071540833,0.7817256856880653,5.422394752502441,1.854597568511963,5.446493148803711,2.1122584342956543,6.76823353767395,4.205322504043579,,,,,,
8789904000.0,171.02,7.800000190734863,6391222784.0,2400.385487519315,744.0,0.0457763671875,12206080.0,25307.934591054916,0.001461518695577979,0.0091552734375,2.2294602394104004,-0.022683944553136826,0.49688464403152466,-0.022294605150818825,-0.0003893384709954262,0.0,0.00952952355146408,0.9940131902694702,0.7790757504790198,5.572480201721191,1.9315944910049438,5.582009315490723,2.114804267883301,6.825570344924927,4.209996461868286,,,,,,
8789904000.0,172.45,7.699999809265137,6391222784.0,2412.210735170697,745.0,0.04150390625,12222464.0,25314.726700782776,0.001766748377121985,0.010986328125,2.231365442276001,-0.022218909114599228,0.4348639249801636,-0.02231365628540516,9.474391117691994e-05,0.0,-0.015050683170557022,0.9331378936767578,0.7915670036531008,5.3754987716674805,1.8234992027282715,5.360448360443115,2.0439133644104004,6.792109727859497,4.213226556777954,,,,,,
8789904000.0,173.2,7.300000190734863,6391222784.0,2370.4625402321126,746.0,0.0457763671875,12238848.0,25321.63843202591,0.0024237693287432194,0.0234375,2.2306199073791504,-0.022046485915780067,0.5577201843261719,-0.02230619639158249,0.0002597097773104906,0.0,0.03900115191936493,1.0560693740844727,0.7585798979916509,5.376182556152344,1.8724340200424194,5.415184020996094,2.149343729019165,6.911731243133545,4.185252904891968,,,,,,
8789904000.0,157.52,6.900000095367432,6391222784.0,2371.0381671045348,747.0,0.047607421875,12255232.0,25328.548485279083,0.0013822077307850122,0.00811767578125,2.170083522796631,-0.02147131785750389,0.5997755527496338,-0.021700836718082428,0.000229518860578537,0.0,-0.03472041338682175,1.0939769744873047,0.7573216372332218,5.5905303955078125,1.9717096090316772,5.55580997467041,2.2207133769989014,6.910053253173828,4.174892902374268,,,,,,
8789904000.0,152.05,7.099999904632568,6391222784.0,2415.476033985922,748.0,0.054931640625,12271616.0,25335.331413269043,0.0007930712308734655,0.0020751953125,2.2305190563201904,-0.0217109527438879,0.5573732852935791,-0.022305188700556755,0.0005942359566688538,0.0,-0.008364022709429264,1.0516104698181152,0.7953532716114038,5.65775203704834,2.045605421066284,5.649387359619141,2.3246219158172607,6.782927989959717,4.18668794631958,,,,,,
8789904000.0,108.7,7.5,6391222784.0,2433.24931392611,749.0,0.0579833984375,12288000.0,25342.064796447754,0.0016864577773958445,0.01263427734375,2.1942214965820312,-0.02170213684439659,0.5891793370246887,-0.02194221504032612,0.00024007447063922882,0.0,-0.02787630259990692,1.0812313556671143,0.7915972087205541,5.732202529907227,2.0690932273864746,5.7043256759643555,2.3684637546539307,6.7333831787109375,4.191367149353027,,,,,,
8789904000.0,137.34,7.699999809265137,6391222784.0,2395.0619502546865,750.0,0.05615234375,12304384.0,25348.905538082123,0.0010990066220983863,0.00421142578125,2.169215202331543,-0.021216820925474167,0.5818175673484802,-0.021692154929041862,0.0004753321409225464,0.0,0.031706828624010086,1.0689414739608765,0.7851173761885492,5.751848220825195,2.081403970718384,5.783555507659912,2.3059685230255127,6.8407416343688965,4.185796022415161,,,,,,
8789904000.0,128.69,7.300000190734863,6391222784.0,2378.2690975216806,751.0,0.05615234375,12320768.0,25355.794581890106,0.001701242639683187,0.01202392578125,2.1944727897644043,-0.021572725847363472,0.5632869601249695,-0.02194472961127758,0.00037200190126895905,0.0,0.017439085990190506,1.0630874633789062,0.7932424946481347,5.544200897216797,2.0898149013519287,5.56164026260376,2.3379671573638916,6.889043807983398,4.185171604156494,,,,,,
8789904000.0,114.53,8.0,6391222784.0,2399.4159492194244,752.0,0.0634765625,12337152.0,25362.622910261154,0.002095194300636649,0.0126953125,2.174215316772461,-0.02167724259197712,0.6000253558158875,-0.02174215391278267,6.490945816040039e-05,0.0,0.0691918134689331,1.0935859680175781,0.7936241492628833,5.678032398223877,2.1888720989227295,5.747223854064941,2.4072623252868652,6.828328371047974,4.204331398010254,,,,,,
8789904000.0,122.84,8.100000381469727,6391222784.0,2419.1585557527533,753.0,0.0732421875,12353536.0,25369.39551305771,0.0013121606316417456,0.00994873046875,2.182036876678467,-0.022096630185842514,0.5829190015792847,-0.021820370107889175,-0.000276259146630764,0.0,0.1343642771244049,1.0808038711547852,0.8070605534291482,5.841573715209961,2.2067131996154785,5.975938320159912,2.460573673248291,6.772602796554565,4.185632944107056,,,,,,
8789904000.0,122.46,7.5,6391222784.0,2338.0562770892693,754.0,0.074462890625,12369920.0,25376.40304327011,0.002660979749634862,0.02313232421875,2.1366536617279053,-0.02042420580983162,0.694388210773468,-0.021366536617279053,0.0009423326700925827,0.0,-0.029581863433122635,1.1745017766952515,0.7737971095719504,6.064268112182617,2.2390997409820557,6.034686088562012,2.469475030899048,7.007530212402344,4.202601194381714,,,,,,
8789904000.0,84.81,8.100000381469727,6391222784.0,2409.6958291992346,755.0,0.0762939453125,12386304.0,25383.202241659164,0.001093946397304535,0.0057373046875,2.091165781021118,-0.020701806992292404,0.6428661942481995,-0.02091166004538536,0.00020984932780265808,0.0,0.05129363387823105,1.1318838596343994,0.7818273531926021,6.0723876953125,2.1534104347229004,6.12368106842041,2.4232685565948486,6.799198389053345,4.204002857208252,,,,,,
8789904000.0,107.21,7.300000190734863,6391222784.0,2443.178051902641,756.0,0.07080078125,12402688.0,25389.908261299133,0.002028930466622114,0.01458740234375,2.134145736694336,-0.021874208003282547,0.7161305546760559,-0.021341457962989807,-0.0005327481776475906,0.0,0.015951132401823997,1.1955333948135376,0.7646579322295299,6.147200107574463,2.155869245529175,6.163151264190674,2.4644036293029785,6.706019639968872,4.212985992431641,,,,,,
8789904000.0,99.63,7.400000095367432,6391222784.0,2423.348133290099,757.0,0.0775146484375,12419072.0,25396.66915535927,0.003211177885532379,0.028564453125,2.1422858238220215,-0.020360006019473076,0.6980416178703308,-0.0214228592813015,0.0010628513991832733,0.0,0.02277233451604843,1.1753478050231934,0.7768963167050229,6.165857315063477,2.207551956176758,6.188630104064941,2.4883599281311035,6.760894060134888,4.186359882354736,,,,,,
8789904000.0,104.75,7.300000190734863,6391222784.0,2387.8854316370334,758.0,0.0592041015625,12435456.0,25403.53045606613,0.001299837022088468,0.008056640625,2.097910165786743,-0.02044319361448288,0.6729708909988403,-0.020979100838303566,0.0005359090864658356,0.0,-0.05070462450385094,1.159101963043213,0.7538213571507965,5.843148231506348,2.0799221992492676,5.79244327545166,2.336127519607544,6.861300706863403,4.192801237106323,,,,,,
8789904000.0,86.27,7.900000095367432,6391222784.0,2384.35608783449,759.0,0.0787353515625,12451840.0,25410.401912927628,0.002844615839421749,0.02166748046875,2.042571783065796,-0.020168568938970566,0.8382468819618225,-0.020425720140337944,0.00025715213268995285,0.0,0.02005597949028015,1.2908495664596558,0.7519852713870564,6.127219200134277,2.265103578567505,6.147274971008301,2.592010259628296,6.871456861495972,4.185905933380127,,,,,,
8789904000.0,94.21,8.199999809265137,6391222784.0,2390.289643466037,760.0,0.0726318359375,12468224.0,25417.2563123703,0.0023627649061381817,0.01580810546875,2.0700604915618896,-0.02035815827548504,0.6180307269096375,-0.020700603723526,0.00034244637936353683,0.0,0.11949754506349564,1.1111751794815063,0.7879555726104157,6.060938835144043,2.176081895828247,6.180436134338379,2.4130654335021973,6.8543994426727295,4.201271057128906,,,,,,
8789904000.0,104.99,7.199999809265137,6391222784.0,2434.0967962515474,761.0,0.0653076171875,12484608.0,25423.987351179123,0.0019245584262534976,0.0140380859375,2.0973687171936035,-0.02073284611105919,0.6335384845733643,-0.0209736879914999,0.00024084188044071198,0.0,-0.018109628930687904,1.1180559396743774,0.7693269443851383,6.209920406341553,2.0997111797332764,6.191810607910156,2.3279032707214355,6.731038808822632,4.195112228393555,,,,,,
8789904000.0,136.11,7.800000190734863,6391222784.0,2426.655157246474,762.0,0.05615234375,12500992.0,25430.73903155327,0.0021195998415350914,0.01568603515625,2.122008800506592,-0.02123834379017353,0.5084230899810791,-0.021220091730356216,-1.825043000280857e-05,0.0,0.015411371365189552,1.0081582069396973,0.7788031226730533,6.108305931091309,1.920667052268982,6.123717308044434,2.143577814102173,6.751680374145508,4.1950061321258545,,,,,,
8789904000.0,93.47,7.099999904632568,6391222784.0,2387.045107993077,763.0,0.05615234375,12517376.0,25437.602747678757,0.0016406408976763487,0.01153564453125,2.1227118968963623,-0.02103888802230358,0.6728954911231995,-0.021227119490504265,0.0001882314682006836,0.0,-0.10165996104478836,1.1592761278152466,0.7298179402452379,6.145866394042969,1.929943323135376,6.044206142425537,2.230275869369507,6.863716125488281,4.209373712539673,,,,,,
8789904000.0,112.72,8.199999809265137,6391222784.0,2403.1476975959704,764.0,0.072021484375,12533760.0,25444.420472621918,0.0012279641814529896,0.0098876953125,2.1146609783172607,-0.02085675299167633,0.5783602595329285,-0.021146608516573906,0.0002898555248975754,0.0,0.03497227281332016,1.0683616399765015,0.7706511728468839,6.157594203948975,1.9631764888763428,6.192566871643066,2.230849027633667,6.817724943161011,4.176769256591797,,,,,,
8789904000.0,140.9,6.599999904632568,6391222784.0,2356.738536284807,765.0,0.047607421875,12550144.0,25451.37245297432,0.0009927510982379317,0.00347900390625,2.1763503551483154,-0.02178913913667202,0.6091668605804443,-0.021763501688838005,-2.5637447834014893e-05,0.0,-0.06612041592597961,1.0996036529541016,0.7542743772638754,5.902179718017578,1.897202968597412,5.8360595703125,2.218252658843994,6.951980352401733,4.1819751262664795,,,,,,
8789904000.0,134.66,7.0,6391222784.0,2362.573766478364,766.0,0.0555419921875,12566528.0,25458.30726289749,0.0019183735130354762,0.01251220703125,2.1699447631835938,-0.02138078585267067,0.5550100207328796,-0.0216994471848011,0.000318664126098156,0.0,-0.09138640016317368,1.0438673496246338,0.7855779042002319,6.005568504333496,1.9601013660430908,5.914182186126709,2.2542943954467773,6.934809923171997,4.202940464019775,,,,,,
8789904000.0,133.34,7.800000190734863,6391222784.0,2311.5390653749396,767.0,0.054931640625,12582912.0,25465.395181179047,0.0018929720390588045,0.015625,2.20432710647583,-0.02123231254518032,0.5059902667999268,-0.022043272852897644,0.0008109589107334614,0.0,-0.011217082850635052,1.0015788078308105,0.8075935400725918,5.983734130859375,2.022547483444214,5.972517013549805,2.283365488052368,7.087918281555176,4.205964803695679,,,,,,
,,,,,,,,,,,,,,,,,,,,,,,,,,0.01750432699918747,0.6172189712524414,0.5755754709243774,0.01750432699918747,0.6172189712524414,0.5755754709243774
,,,,,,,,,,,,,,,,,,,,,,,,,,0.01686903089284897,0.563575804233551,0.5346537232398987,0.01686903089284897,0.563575804233551,0.5346537232398987
,,,,,,,,,,,,,,,,,,,,,,,,,,0.016316857188940048,0.535611093044281,0.5028769373893738,0.016316857188940048,0.535611093044281,0.5028769373893738
,,,,,,,,,,,,,,,,,,,,,,,,,,0.01692194491624832,0.5143064260482788,0.48065805435180664,0.01692194491624832,0.5143064260482788,0.48065805435180664
,,,,,,,,,,,,,,,,,,,,,,,,,,0.016726544126868248,0.49511098861694336,0.45674189925193787,0.016726544126868248,0.49511098861694336,0.45674189925193787
,,,,,,,,,,,,,,,,,,,,,,,,,,0.01684967800974846,0.47526267170906067,0.4364500939846039,0.01684967800974846,0.47526267170906067,0.4364500939846039
8789904000.0,144.16,7.099999904632568,6188634112.0,18.586854251756286,768.0,0.047607421875,12599296.0,26346.878393888474,0.0018336917273700237,0.01470947265625,2.2502992153167725,-0.022094279527664185,0.4958001971244812,-0.022502990439534187,0.00040871184319257736,0.0,-0.028501668944954872,0.9950969815254211,0.8084446159415267,5.672872543334961,2.0488076210021973,5.644371032714844,2.273622512817383,881.4832127094269,4.197358131408691,,,,,,
8789904000.0,132.44,7.800000190734863,6391222784.0,2358.4395829895634,769.0,0.050048828125,12615680.0,26353.825360059738,0.0009259104263037443,0.0030517578125,2.2536442279815674,-0.022718895226716995,0.4944743514060974,-0.022536443546414375,-0.000182450283318758,0.0,-0.005350090563297272,0.9986007213592529,0.7826240832622813,5.479161262512207,1.9515963792800903,5.473811149597168,2.1418373584747314,6.946966171264648,4.201329708099365,,,,,,
8789904000.0,166.11,7.5,6391222784.0,2341.361873997793,770.0,0.0396728515625,12632064.0,26360.822996854782,0.0009331844630651176,0.00469970703125,2.2309157848358154,-0.021415462717413902,0.4713478684425354,-0.022309159860014915,0.0008936980739235878,0.0,-0.010037301108241081,0.979640007019043,0.7812251770669697,5.341965675354004,1.8755402565002441,5.331928253173828,2.0944387912750244,6.997636795043945,4.196832656860352,,,,,,
8789904000.0,137.87,8.199999809265137,6391222784.0,2381.213604040665,771.0,0.0616455078125,12648448.0,26367.703521966934,0.0014416571939364076,0.00665283203125,2.19419527053833,-0.022041285410523415,0.5642995834350586,-0.021941952407360077,-9.933067485690117e-05,0.0,0.05224180221557617,1.0658519268035889,0.7893568531897693,5.579414367675781,2.098372459411621,5.631656646728516,2.322326421737671,6.8805251121521,4.1958653926849365,,,,,,
8789904000.0,169.02,7.699999809265137,6391222784.0,2380.9411807423908,772.0,0.050048828125,12664832.0,26374.584834337234,0.00072330585680902,0.0030517578125,2.13100266456604,-0.021655838936567307,0.5170068144798279,-0.021310023963451385,-0.000345814973115921,0.0,0.0511905699968338,1.0201572179794312,0.7813273334787862,5.4135236740112305,1.9285531044006348,5.464715003967285,2.1815743446350098,6.881312370300293,4.193673610687256,,,,,,
8789904000.0,138.3,6.400000095367432,6391222784.0,2368.9759394739963,773.0,0.0494384765625,12681216.0,26381.50090289116,0.002074376679956913,0.01806640625,2.1371986865997314,-0.021671216934919357,0.6734658479690552,-0.021371982991695404,-0.00029923394322395325,0.0,-0.1039562076330185,1.1581534147262573,0.7340273439868521,5.486828804016113,1.9839266538619995,5.382872581481934,2.245677947998047,6.9160685539245605,4.200690984725952,,,,,,
8789904000.0,132.25,6.800000190734863,6391222784.0,2406.6521020613172,774.0,0.0433349609375,12697600.0,26388.308700323105,0.0008505069417878985,0.00213623046875,2.1866204738616943,-0.02170577645301819,0.5304545164108276,-0.02186620607972145,0.00016042310744524002,0.0,-0.032773613929748535,1.0320782661437988,0.7682866310146964,5.209936618804932,1.867287039756775,5.177163124084473,2.1440610885620117,6.807797431945801,4.197242021560669,,,,,,
8789904000.0,138.22,7.5,6391222784.0,2400.5809483666458,775.0,0.0445556640625,12713984.0,26395.133714914322,0.001145003829151392,0.0064697265625,2.1850857734680176,-0.021641481667757034,0.4644715189933777,-0.021850857883691788,0.00020937388762831688,0.0,0.03292909264564514,0.954757034778595,0.7782233645775664,5.150390625,1.7567895650863647,5.183320045471191,2.0273802280426025,6.825014591217041,4.189734220504761,,,,,,
8789904000.0,154.47,7.400000095367432,6391222784.0,2406.896045606404,776.0,0.0469970703125,12730368.0,26401.9408223629,0.0009421431459486485,0.00494384765625,2.217798948287964,-0.022112887352705002,0.5573170185089111,-0.022177990525960922,6.510037928819656e-05,0.0,0.038798943161964417,1.055638313293457,0.7657180997579047,5.2983527183532715,1.929132342338562,5.337151527404785,2.180950403213501,6.807107448577881,4.212593078613281,,,,,,
8789904000.0,141.81,7.199999809265137,6391222784.0,2420.9029203843447,777.0,0.0531005859375,12746752.0,26408.708545207977,0.0015842374414205551,0.01239013671875,2.1888227462768555,-0.022090360522270203,0.5202558040618896,-0.02188822813332081,-0.00020213518291711807,0.0,-0.02674953080713749,1.0150418281555176,0.7983817880606737,5.493015766143799,1.9886415004730225,5.46626615524292,2.260576009750366,6.767722845077515,4.1875481605529785,,,,,,
8789904000.0,170.6,7.5,6391222784.0,2454.533869182064,778.0,0.0341796875,12763136.0,26415.383539676666,0.001125443959608674,0.00677490234375,2.1939988136291504,-0.021575191989541054,0.3687339723110199,-0.021939989179372787,0.0003647971898317337,0.0,-0.005271979607641697,0.8601173758506775,0.7977974058409655,5.0989227294921875,1.7382519245147705,5.093650817871094,1.9127774238586426,6.674994468688965,4.187984466552734,,,,,,
8789904000.0,164.58,7.599999904632568,6391222784.0,2430.667931764916,779.0,0.045166015625,12779520.0,26422.12407374382,0.0010111266747117043,0.0050048828125,2.1825168132781982,-0.021681763231754303,0.43653741478919983,-0.021825168281793594,0.00014340225607156754,0.0,0.023102885112166405,0.9317623376846313,0.809228407610706,5.240642547607422,1.915434718132019,5.263745307922363,2.133281946182251,6.740534067153931,4.2081077098846436,,,,,,
8789904000.0,190.71,7.5,6391222784.0,2428.9206322579444,780.0,0.042724609375,12795904.0,26428.869456768036,0.0014427258865907788,0.0064697265625,2.2196786403656006,-0.0216500423848629,0.45846179127693176,-0.022196786478161812,0.0005467437440529466,0.0,0.008860113099217415,0.9592692255973816,0.7961510782557071,5.289549827575684,1.8913360834121704,5.298409461975098,2.1246442794799805,6.745383024215698,4.201430797576904,,,,,,
8789904000.0,175.07,7.199999809265137,6391222784.0,2425.140739554982,781.0,0.04150390625,12812288.0,26435.625353336334,0.0015871151117607951,0.010986328125,2.1846656799316406,-0.022456549108028412,0.5691750645637512,-0.021846657618880272,-0.0006098919548094273,0.0,0.007928526028990746,1.0665251016616821,0.7397658606162268,5.241943359375,1.8841418027877808,5.249872207641602,2.090686321258545,6.75589656829834,4.205726385116577,,,,,,
8789904000.0,139.01,7.900000095367432,6391222784.0,2457.5145439872167,782.0,0.05615234375,12828672.0,26442.292251825333,0.0014310934348031878,0.009521484375,2.125891923904419,-0.019834905862808228,0.5765414237976074,-0.021258916705846786,0.0014240099117159843,0.0,0.02684182859957218,1.0753976106643677,0.7804509467382255,5.5223894119262695,2.098010540008545,5.549231052398682,2.2951083183288574,6.666898488998413,4.226102590560913,,,,,,
8789904000.0,147.02,7.5,6391222784.0,2428.1595416142613,783.0,0.05859375,12845056.0,26449.039749145508,0.0020955074578523636,0.017578125,2.1230387687683105,-0.020900923758745193,0.7053515911102295,-0.021230388432741165,0.0003294609487056732,0.0,0.004731621593236923,1.1864831447601318,0.743383642862528,5.634552955627441,2.0681769847869873,5.639285087585449,2.342176675796509,6.747497320175171,4.34039831161499,,,,,,
8789904000.0,146.54,7.699999809265137,6391222784.0,2443.531892529861,784.0,0.059814453125,12861440.0,26455.744797706604,0.0014915558276697993,0.0111083984375,2.118473768234253,-0.020313501358032227,0.5666842460632324,-0.021184735000133514,0.0008712327107787132,0.0,0.12000110745429993,1.063570261001587,0.7845901263952261,5.6550493240356445,2.019709587097168,5.775050640106201,2.2915709018707275,6.705048561096191,4.279000520706177,,,,,,
8789904000.0,125.58,7.199999809265137,6391222784.0,2380.607460545253,785.0,0.062255859375,12877824.0,26462.627074718475,0.001133301411755383,0.00628662109375,2.1516549587249756,-0.02063770405948162,0.6463338136672974,-0.021516550332307816,0.0008788434788584709,0.0,0.01009560376405716,1.1373953819274902,0.7728518260032982,5.928900718688965,2.1426336765289307,5.938996315002441,2.386474847793579,6.882277011871338,4.195673704147339,,,,,,
8789904000.0,117.88,7.5,6391222784.0,2390.5139820216814,786.0,0.057373046875,12894208.0,26469.48083090782,0.0011528499890118837,0.00732421875,2.1680808067321777,-0.021635502576828003,0.6232926845550537,-0.021680809557437897,4.530511796474457e-05,0.0,-0.008424358442425728,1.1133371591567993,0.7623348332996581,5.818471431732178,2.049682140350342,5.810047149658203,2.2837257385253906,6.8537561893463135,4.209317684173584,,,,,,
8789904000.0,96.94,7.099999904632568,6391222784.0,2379.5806579064283,787.0,0.0714111328125,12910592.0,26476.366077661514,0.0019053370924666524,0.01300048828125,2.1243622303009033,-0.021633366122841835,0.7687042951583862,-0.021243620663881302,-0.0003897440619766712,0.0,-0.027016714215278625,1.2412354946136475,0.739909902879768,6.0817365646362305,2.129939317703247,6.054719924926758,2.4338419437408447,6.885246753692627,4.33647894859314,,,,,,
8789904000.0,107.45,8.199999809265137,6391222784.0,2384.8678819636884,788.0,0.0738525390625,12926976.0,26483.2360599041,0.0027280040085315704,0.02178955078125,2.1251161098480225,-0.019923709332942963,0.604364812374115,-0.02125116065144539,0.0013274513185024261,0.0,0.08234787732362747,1.0976823568344116,0.7911519386884446,6.233710289001465,2.1173746585845947,6.3160576820373535,2.40193510055542,6.8699822425842285,4.2131147384643555,,,,,,
8789904000.0,154.73,7.199999809265137,6391222784.0,2390.446044070393,789.0,0.06591796875,12943360.0,26490.090010881424,0.001786638516932726,0.0113525390625,2.1362528800964355,-0.020801449194550514,0.6359090805053711,-0.021362528204917908,0.0005610816879197955,0.0,-0.037279777228832245,1.1254745721817017,0.7556612746580326,6.006335258483887,2.0017919540405273,5.969055652618408,2.27687668800354,6.8539509773254395,4.221691370010376,,,,,,
8789904000.0,90.36,8.399999618530273,6391222784.0,2353.395615322092,790.0,0.0701904296875,12959744.0,26497.051866292953,0.003014969639480114,0.029052734375,2.1200242042541504,-0.02038978785276413,0.6556967496871948,-0.021200241521000862,0.0008104583248496056,0.0,0.09757920354604721,1.1459332704544067,0.7550519119996689,6.05169153213501,2.0590155124664307,6.149270534515381,2.3153812885284424,6.961855411529541,4.229238271713257,,,,,,
8789904000.0,114.79,7.5,6391222784.0,2360.498094171813,791.0,0.0714111328125,12976128.0,26503.992774248123,0.0020708402153104544,0.0159912109375,2.078521728515625,-0.02005535364151001,0.7597989439964294,-0.020785216242074966,0.0007298607379198074,0.0,-0.0009625130333006382,1.2223248481750488,0.7501994139467765,6.3000688552856445,2.1634480953216553,6.299106597900391,2.4456257820129395,6.940907955169678,4.208904027938843,,,,,,
8789904000.0,120.7,7.400000095367432,6391222784.0,2354.314196653539,792.0,0.076904296875,12992512.0,26510.95191335678,0.0021372961346060038,0.02008056640625,2.048527240753174,-0.019642936065793037,0.7355586886405945,-0.020485270768404007,0.0008423347026109695,0.0,0.045505110174417496,1.2028743028640747,0.7440849678360038,6.234045505523682,2.1086766719818115,6.279550552368164,2.3777832984924316,6.959139108657837,4.293815612792969,,,,,,
8789904000.0,89.85,7.900000095367432,6391222784.0,2399.1669023607747,793.0,0.08056640625,13008896.0,26517.780950546265,0.0024455636739730835,0.02239990234375,2.0499398708343506,-0.018770210444927216,0.7559282779693604,-0.020499397069215775,0.001729186624288559,0.0,0.044101011008024216,1.2206461429595947,0.7339569361300549,6.367308616638184,2.0819509029388428,6.411409854888916,2.3665409088134766,6.829037189483643,4.200229644775391,,,,,,
8789904000.0,88.48,7.800000190734863,6391222784.0,2421.9114142502026,794.0,0.064697265625,13025280.0,26524.545855283737,0.0028627105057239532,0.0263671875,2.060788154602051,-0.021497804671525955,0.7380418181419373,-0.020607881247997284,-0.0008899196982383728,0.0,0.045845258980989456,1.1994233131408691,0.7186806784306778,6.153478622436523,1.9530996084213257,6.199323654174805,2.2613742351531982,6.764904737472534,4.206886053085327,,,,,,
8789904000.0,92.51,7.800000190734863,6391222784.0,2440.7542263604387,795.0,0.0750732421875,13041664.0,26531.258534431458,0.002630822826176882,0.02166748046875,2.039130687713623,-0.019947312772274017,0.8007978200912476,-0.020391305908560753,0.0004439959302544594,0.0,0.00487864576280117,1.2540671825408936,0.7215660838212529,6.331567287445068,2.05684494972229,6.3364458084106445,2.3766188621520996,6.712679147720337,4.2151710987091064,,,,,,
8789904000.0,113.63,8.199999809265137,6391222784.0,2453.440567306042,796.0,0.08056640625,13058048.0,26537.93650341034,0.004749875981360674,0.04718017578125,2.033367872238159,-0.018559198826551437,0.757659912109375,-0.020333679392933846,0.0017744814977049828,0.0,0.006654717493802309,1.226037859916687,0.714373082119012,6.381340026855469,1.9507699012756348,6.387994766235352,2.2940566539764404,6.677968978881836,4.200061798095703,,,,,,
8789904000.0,112.65,8.300000190734863,6391222784.0,2407.2530307027987,797.0,0.0823974609375,13074432.0,26544.742601394653,0.002863779664039612,0.02587890625,2.027836799621582,-0.019060583785176277,0.6377798914909363,-0.020278366282582283,0.0012177787721157074,0.0,0.13084743916988373,1.1213423013687134,0.7568815355876295,6.4068522453308105,1.9854122400283813,6.5376996994018555,2.2742037773132324,6.806097984313965,4.280141353607178,,,,,,
8789904000.0,90.91,7.099999904632568,6391222784.0,2463.1351043834925,798.0,0.0775146484375,13090816.0,26551.394286870956,0.0014861708041280508,0.00958251953125,1.9595541954040527,-0.018942542374134064,0.8463931083679199,-0.019595542922616005,0.0006530024111270905,0.0,-0.07536149024963379,1.2981305122375488,0.7184295158426237,6.513758182525635,2.0680367946624756,6.438396453857422,2.4463839530944824,6.651685476303101,4.20240592956543,,,,,,
8789940000.0,86.0,7.599999904632568,6391222784.0,2441.453667077475,799.0,0.0860595703125,13107200.0,26558.105042934418,0.0019053254509344697,0.01654052734375,2.017244577407837,-0.020493004471063614,0.7255606055259705,-0.020172446966171265,-0.0003205598331987858,0.0,0.012364955618977547,1.2029893398284912,0.7639965984583291,6.390407562255859,2.1299965381622314,6.402771949768066,2.476294994354248,6.710756063461304,4.302006721496582,,,,,,
,,,,,,,,,,,,,,,,,,,,,,,,,,0.034605465829372406,0.6687878370285034,0.6220954060554504,0.034605465829372406,0.6687878370285034,0.6220954060554504
,,,,,,,,,,,,,,,,,,,,,,,,,,0.03014656901359558,0.6135860085487366,0.5784260034561157,0.03014656901359558,0.6135860085487366,0.5784260034561157
,,,,,,,,,,,,,,,,,,,,,,,,,,0.028204189613461494,0.5826354026794434,0.5463941097259521,0.028204189613461494,0.5826354026794434,0.5463941097259521
,,,,,,,,,,,,,,,,,,,,,,,,,,0.02759157307446003,0.5596889853477478,0.5208851099014282,0.02759157307446003,0.5596889853477478,0.5208851099014282
,,,,,,,,,,,,,,,,,,,,,,,,,,0.027120502665638924,0.5364680290222168,0.4966120719909668,0.027120502665638924,0.5364680290222168,0.4966120719909668
,,,,,,,,,,,,,,,,,,,,,,,,,,0.026698140427470207,0.5158057808876038,0.47508183121681213,0.026698140427470207,0.5158057808876038,0.47508183121681213
8789940000.0,102.12,7.800000190734863,6188634112.0,18.535728542369757,800.0,0.08544921875,13123584.0,27442.01958465576,0.0015536017017439008,0.00946044921875,2.0128519535064697,-0.020461799576878548,0.9387231469154358,-0.020128518342971802,-0.00033327750861644745,0.0,0.02943604439496994,1.3679027557373047,0.725726125780686,6.38053560256958,2.355334520339966,6.409971714019775,2.611938714981079,883.914541721344,4.191152334213257,,,,,,
8789940000.0,83.72,8.100000381469727,6391222784.0,2440.8071083152277,801.0,0.096435546875,13139968.0,27448.73211836815,0.0015139973256736994,0.01092529296875,2.031813621520996,-0.019729604944586754,0.8624964952468872,-0.020318137481808662,0.0005885325372219086,0.0,0.05267399549484253,1.3254965543746948,0.7361639866396803,6.635501861572266,2.291569948196411,6.688176155090332,2.5805468559265137,6.712533712387085,4.188596248626709,,,,,,
8789940000.0,98.35,7.599999904632568,6391222784.0,2438.0004262275925,802.0,0.0823974609375,13156352.0,27455.45237970352,0.0009666947298683226,0.0040283203125,2.0165469646453857,-0.020517203956842422,0.8625544309616089,-0.020165469497442245,-0.0003517335280776024,0.0,0.03005111962556839,1.3138831853866577,0.7213533410975843,6.479607582092285,2.1741344928741455,6.5096588134765625,2.489027738571167,6.720261335372925,4.195620775222778,,,,,,
8789940000.0,91.07,8.0,6391222784.0,2450.280245306583,803.0,0.08056640625,13172736.0,27462.138961791992,0.0018587587401270866,0.01446533203125,2.0615170001983643,-0.02012024074792862,0.652987539768219,-0.020615169778466225,0.0004949304275214672,0.0,0.04082520306110382,1.144226312637329,0.7499719473218802,6.509057998657227,2.0505905151367188,6.5498833656311035,2.288325786590576,6.686582088470459,4.193732023239136,,,,,,
8789940000.0,113.69,8.0,6391222784.0,2427.448745929877,804.0,0.0714111328125,13189120.0,27468.888434886932,0.0014574782690033317,0.00762939453125,2.0632545948028564,-0.020434021949768066,0.7038249373435974,-0.0206325463950634,0.00019852444529533386,0.0,-0.010331270284950733,1.1826571226119995,0.7307307093196415,6.527766227722168,2.0013368129730225,6.517435073852539,2.279111623764038,6.7494730949401855,4.208292484283447,,,,,,
8789940000.0,119.87,7.599999904632568,6391222784.0,2446.2709528422506,805.0,0.068359375,13205504.0,27475.58597588539,0.0011656105052679777,0.0068359375,2.0751490592956543,-0.020916061475872993,0.6687448024749756,-0.02075149118900299,-0.0001645735464990139,0.0,-0.009349923580884933,1.1498030424118042,0.7406715018623737,6.4246320724487305,1.9480886459350586,6.415282249450684,2.2578670978546143,6.697540998458862,4.197606325149536,,,,,,
8789940000.0,119.68,7.0,6391222784.0,2431.398679675362,806.0,0.057373046875,13221888.0,27482.32448410988,0.0018890638602897525,0.01416015625,2.0992472171783447,-0.021654609590768814,0.7244957089424133,-0.020992472767829895,-0.0006621377542614937,0.0,-0.06358970701694489,1.202201247215271,0.706121216695762,6.325615882873535,1.8913307189941406,6.262026309967041,2.2176499366760254,6.738508224487305,4.196589231491089,,,,,,
8789940000.0,122.42,6.900000095367432,6391222784.0,2452.64180071534,807.0,0.072021484375,13238272.0,27489.00462794304,0.002314183162525296,0.01751708984375,2.0571484565734863,-0.01955883763730526,0.8472080826759338,-0.020571483299136162,0.001012645661830902,0.0,-0.11224918067455292,1.297042965888977,0.7006894856103765,6.375736236572266,1.963423490524292,6.263486862182617,2.370790958404541,6.6801438331604,4.198249101638794,,,,,,
8789940000.0,94.27,7.0,6391222784.0,2462.5381642928246,808.0,0.0726318359375,13254656.0,27495.657925844193,0.0024121750611811876,0.02606201171875,2.0437257289886475,-0.02019709162414074,0.8252583742141724,-0.02043725736439228,0.00024016015231609344,0.0,-0.09404852986335754,1.2833106517791748,0.7158755349467375,6.160569190979004,2.017024278640747,6.066520690917969,2.4075632095336914,6.6532979011535645,4.1893393993377686,,,,,,
8789940000.0,99.21,7.099999904632568,6391222784.0,2446.0287142180596,809.0,0.06591796875,13271040.0,27502.35613012314,0.0013960822252556682,0.00848388671875,2.02803897857666,-0.02009602263569832,0.7080203294754028,-0.020280389115214348,0.00018436741083860397,0.0,0.024728769436478615,1.1896854639053345,0.7386220914857224,6.248134613037109,1.9833794832229614,6.272863388061523,2.3270063400268555,6.698204278945923,4.184564113616943,,,,,,
8789940000.0,119.61,7.900000095367432,6391222784.0,2457.715903903435,810.0,0.0787353515625,13287424.0,27509.022482395172,0.0012653321027755737,0.0068359375,2.046013832092285,-0.019947072491049767,0.7003244161605835,-0.020460136234760284,0.0005130618810653687,0.0,0.07845164835453033,1.1824935674667358,0.7390572492768548,6.10315465927124,1.9947196245193481,6.181606292724609,2.314868450164795,6.666352272033691,4.199127197265625,,,,,,
8789940000.0,105.8,7.699999809265137,6391222784.0,2467.2997441234143,811.0,0.072021484375,13303808.0,27515.662940263748,0.001239527715370059,0.006591796875,2.101964235305786,-0.021500324830412865,0.7319809198379517,-0.021019643172621727,-0.0004806825891137123,0.0,0.04245917499065399,1.2049598693847656,0.7412800196992301,6.223775863647461,2.1000750064849854,6.2662353515625,2.3689591884613037,6.64045786857605,4.201214075088501,,,,,,
8789940000.0,118.86,7.099999904632568,6391222784.0,2458.519562695016,812.0,0.0628662109375,13320192.0,27522.32711338997,0.0012867681216448545,0.00640869140625,2.0800344944000244,-0.020270824432373047,0.7822417616844177,-0.02080034464597702,0.000529521144926548,0.0,-0.023220811039209366,1.2442951202392578,0.7077115272977227,6.361908912658691,2.0113301277160645,6.338687896728516,2.301535129547119,6.664173126220703,4.201027870178223,,,,,,
8789940000.0,76.18,7.599999904632568,6391222784.0,2456.8672693092394,813.0,0.0872802734375,13336576.0,27528.99576830864,0.0009556903969496489,0.00384521484375,2.058077573776245,-0.019951192662119865,0.7831810712814331,-0.020580776035785675,0.0006295815110206604,0.0,-0.02904810756444931,1.2436323165893555,0.7487001625051765,6.510383605957031,2.094184160232544,6.481335163116455,2.480823040008545,6.668654918670654,4.197681665420532,,,,,,
8789940000.0,115.87,7.800000190734863,6391222784.0,2413.2012361078337,814.0,0.0762939453125,13352960.0,27535.785090208054,0.001101975329220295,0.0074462890625,2.0890884399414062,-0.02089741826057434,0.780875563621521,-0.02089088410139084,-6.530433893203735e-06,0.0,0.009875355288386345,1.2475045919418335,0.7345485012485848,6.295017719268799,2.0630524158477783,6.304893493652344,2.4213061332702637,6.7893218994140625,4.191548585891724,,,,,,
8789940000.0,87.0,8.0,6391222784.0,2480.602072408647,815.0,0.078125,13369344.0,27542.389938354492,0.0020791429560631514,0.0135498046875,2.116680383682251,-0.019935524091124535,0.7077147960662842,-0.021166803315281868,0.001231278758496046,0.0,0.0533151850104332,1.192933440208435,0.7449204896813947,6.380373001098633,2.0770010948181152,6.433688163757324,2.3619918823242188,6.604848146438599,4.2058470249176025,,,,,,
8789940000.0,93.89,6.900000095367432,6391222784.0,2399.550839770623,816.0,0.0640869140625,13385728.0,27549.217882871628,0.0007473668665625155,0.0028076171875,2.1199228763580322,-0.020633727312088013,0.8144662976264954,-0.02119922824203968,0.0005654990673065186,0.0,-0.09301058202981949,1.2724883556365967,0.7277545206426796,6.365954399108887,2.0880725383758545,6.27294397354126,2.438784599304199,6.82794451713562,4.210059642791748,,,,,,
8789940000.0,104.75,7.800000190734863,6391222784.0,2371.742827537262,817.0,0.0738525390625,13402112.0,27556.125883102417,0.0012320009991526604,0.00628662109375,2.105560064315796,-0.02032535895705223,0.6717047095298767,-0.02105559967458248,0.0007302388548851013,0.0,0.06843528896570206,1.1576951742172241,0.7475561853501611,6.465420722961426,2.0333056449890137,6.53385591506958,2.3041560649871826,6.908000230789185,4.274614095687866,,,,,,
8789940000.0,101.0,6.900000095367432,6391222784.0,2404.55609240144,818.0,0.0616455078125,13418496.0,27562.939614772797,0.0007668606122024357,0.0035400390625,2.140070915222168,-0.02072981186211109,0.696365237236023,-0.021400706842541695,0.0006708940491080284,0.0,-0.044127777218818665,1.1787728071212769,0.7484760876241381,6.198889255523682,2.060014009475708,6.15476131439209,2.350393533706665,6.813731670379639,4.1947033405303955,,,,,,
8789940000.0,125.84,7.199999809265137,6391222784.0,2412.552697703476,819.0,0.0616455078125,13434880.0,27569.730761766434,0.001115494524128735,0.00518798828125,2.159440040588379,-0.021691879257559776,0.6667153835296631,-0.021594401448965073,-9.748339653015137e-05,0.0,-0.03531236574053764,1.1485780477523804,0.7497254357154957,6.254268646240234,1.9961259365081787,6.218955993652344,2.2958953380584717,6.791146993637085,4.202141284942627,,,,,,
8789940000.0,100.15,8.5,6391222784.0,2381.605765415175,820.0,0.078125,13451264.0,27576.610153913498,0.0020524116698652506,0.01483154296875,2.1710925102233887,-0.022280022501945496,0.6233813166618347,-0.021710924804210663,-0.0005690967664122581,0.0,0.08734190464019775,1.1119117736816406,0.7829114746513465,6.238495349884033,2.1522135734558105,6.3258376121521,2.3864481449127197,6.879392147064209,4.214499473571777,,,,,,
8789940000.0,123.55,7.800000190734863,6391222784.0,2383.023475595462,821.0,0.0677490234375,13467648.0,27583.485453367233,0.002043190412223339,0.016357421875,2.1599020957946777,-0.020371057093143463,0.7369862198829651,-0.021599018946290016,0.0012279609218239784,0.0,0.021286960691213608,1.2114187479019165,0.7213262249766876,6.343441963195801,2.041822671890259,6.364729404449463,2.2948076725006104,6.875299453735352,4.209105730056763,,,,,,
8789940000.0,94.01,7.900000095367432,6391222784.0,2427.998596187794,822.0,0.072021484375,13484032.0,27590.233397960663,0.0013994132168591022,0.01092529296875,2.1336498260498047,-0.02043871022760868,0.6225341558456421,-0.021336499601602554,0.0008977875113487244,0.0,0.03369203954935074,1.1144124269485474,0.7647507429969255,6.357329845428467,2.023667812347412,6.391021728515625,2.297638416290283,6.747944593429565,4.172305345535278,,,,,,
8789940000.0,94.87,8.300000190734863,6391222784.0,2408.263854088378,823.0,0.086669921875,13500416.0,27597.036639213562,0.00118429702706635,0.00775146484375,2.1320643424987793,-0.020439906045794487,0.7413186430931091,-0.021320641040802002,0.0008807387202978134,0.0,0.004305186681449413,1.2184985876083374,0.7475016634381737,6.601078987121582,2.0995519161224365,6.60538387298584,2.4249107837677,6.80324125289917,4.243994235992432,,,,,,
8789940000.0,102.48,7.099999904632568,6391222784.0,2445.1235740065586,824.0,0.0726318359375,13516800.0,27603.73732304573,0.0016421072650700808,0.01055908203125,2.1365621089935303,-0.020939892157912254,0.8230944871902466,-0.02136562019586563,0.00042572803795337677,0.0,-0.04662402346730232,1.2838214635849,0.7070941504928643,6.456993103027344,2.021786689758301,6.410368919372559,2.372141122817993,6.700683832168579,4.188857316970825,,,,,,
8789940000.0,96.25,7.900000095367432,6391222784.0,2416.799045427446,825.0,0.072021484375,13533184.0,27610.51653790474,0.001087042735889554,0.0042724609375,2.1205685138702393,-0.021065879613161087,0.7412819862365723,-0.021205686032772064,0.00013980455696582794,0.0,0.021671954542398453,1.216002106666565,0.7178728412230932,6.505051612854004,1.9714304208755493,6.526723861694336,2.289348602294922,6.779214859008789,4.273085117340088,,,,,,
8789940000.0,112.09,7.300000190734863,6391222784.0,2403.629253733891,826.0,0.0732421875,13549568.0,27617.33289694786,0.0009567380184307694,0.00372314453125,2.119492769241333,-0.020360112190246582,0.6871175765991211,-0.021194929257035255,0.0008348152041435242,0.0,-0.031619589775800705,1.1706814765930176,0.7510427421835697,6.315096855163574,2.029944658279419,6.283476829528809,2.346261978149414,6.816359043121338,4.243304491043091,,,,,,
8789940000.0,96.22,7.699999809265137,6391222784.0,2419.8023006466683,827.0,0.0653076171875,13565952.0,27624.103698015213,0.0014749597758054733,0.009033203125,2.174049139022827,-0.022290781140327454,0.6053257584571838,-0.021740492433309555,-0.000550290453247726,0.0,0.007752460893243551,1.0994598865509033,0.7706723275920783,6.096088409423828,2.0419998168945312,6.1038408279418945,2.2958908081054688,6.770801067352295,4.206752061843872,,,,,,
8789940000.0,107.17,8.199999809265137,6391222784.0,2422.220188118271,828.0,0.0677490234375,13582336.0,27630.867740392685,0.0010008974932134151,0.00543212890625,2.192861557006836,-0.02173495665192604,0.5557828545570374,-0.021928617730736732,0.00019366014748811722,0.0,0.01945772022008896,1.055945634841919,0.7694264930451142,6.20525598526001,1.9858907461166382,6.2247138023376465,2.199059009552002,6.764042377471924,4.2349748611450195,,,,,,
8789940000.0,129.06,7.300000190734863,6391222784.0,2432.5437158903233,829.0,0.0677490234375,13598720.0,27637.603076696396,0.0011618912685662508,0.00823974609375,2.149343252182007,-0.021279579028487206,0.6719915866851807,-0.02149343304336071,0.00021385680884122849,0.0,-0.0933046042919159,1.151416540145874,0.749038721097267,6.447000026702881,1.9947378635406494,6.353695869445801,2.2984185218811035,6.7353363037109375,4.198595762252808,,,,,,
8789940000.0,130.27,8.0,6391222784.0,2381.524714745091,830.0,0.064697265625,13615104.0,27644.482702970505,0.0015312492614611983,0.01141357421875,2.153696298599243,-0.021069712936878204,0.5611381530761719,-0.02153696119785309,0.0004672529175877571,0.0,0.022327765822410583,1.0513192415237427,0.7594300029235451,6.215054988861084,1.864802360534668,6.237382888793945,2.1434531211853027,6.879626274108887,4.332063913345337,,,,,,
8789940000.0,100.36,8.600000381469727,6391222784.0,2425.6131712645247,831.0,0.0701904296875,13631488.0,27651.237283706665,0.0016057244502007961,0.01220703125,2.1374220848083496,-0.021086759865283966,0.5276027917861938,-0.02137422189116478,0.00028746225871145725,0.0,0.06758605688810349,1.0163218975067139,0.7791477188896405,6.388976573944092,1.9253153800964355,6.456562519073486,2.1626200675964355,6.754580736160278,4.201976537704468,,,,,,
,,,,,,,,,,,,,,,,,,,,,,,,,,0.023109272122383118,0.7511094808578491,0.6972087025642395,0.023109272122383118,0.7511094808578491,0.6972087025642395
,,,,,,,,,,,,,,,,,,,,,,,,,,0.021029381081461906,0.6890188455581665,0.6533348560333252,0.021029381081461906,0.6890188455581665,0.6533348560333252
,,,,,,,,,,,,,,,,,,,,,,,,,,0.02014552801847458,0.6595974564552307,0.6201745271682739,0.02014552801847458,0.6595974564552307,0.6201745271682739
,,,,,,,,,,,,,,,,,,,,,,,,,,0.01967158354818821,0.6326848864555359,0.5898724794387817,0.01967158354818821,0.6326848864555359,0.5898724794387817
,,,,,,,,,,,,,,,,,,,,,,,,,,0.019695663824677467,0.6130645871162415,0.5660679340362549,0.019695663824677467,0.6130645871162415,0.5660679340362549
,,,,,,,,,,,,,,,,,,,,,,,,,,0.02014143206179142,0.5922038555145264,0.539413332939148,0.02014143206179142,0.5922038555145264,0.539413332939148
8789940000.0,121.31,7.099999904632568,6188634112.0,18.55585269430022,832.0,0.0604248046875,13647872.0,28534.193204402924,0.0009098777081817389,0.00311279296875,2.1642374992370605,-0.0219567883759737,0.693315863609314,-0.021642375737428665,-0.00031441450119018555,0.0,-0.09747818112373352,1.175329566001892,0.7241423191996514,6.20620059967041,1.9758232831954956,6.108721733093262,2.2377774715423584,882.9559206962585,4.275019407272339,,,,,,
8789940000.0,111.38,8.199999809265137,6391222784.0,2461.315707045899,833.0,0.059814453125,13664256.0,28540.849806785583,0.0010645767906680703,0.00439453125,2.127781867980957,-0.020905165001749992,0.5683441758155823,-0.021277816966176033,0.00037265243008732796,0.0,0.016553224995732307,1.0636509656906128,0.7766059630896367,6.210644721984863,2.004253387451172,6.227198123931885,2.2504186630249023,6.656602382659912,4.194272041320801,,,,,,
8789940000.0,143.12,6.5,6391222784.0,2430.4614377229655,834.0,0.0537109375,13680640.0,28547.590913534164,0.001370724057778716,0.00634765625,2.134289503097534,-0.020968932658433914,0.6000354290008545,-0.021342895925045013,0.0003739651292562485,0.0,-0.10133358836174011,1.0862139463424683,0.7605907447235402,6.014235019683838,1.9169198274612427,5.912901401519775,2.219959020614624,6.741106748580933,4.186757802963257,,,,,,
8789940000.0,151.95,7.400000095367432,6391222784.0,2420.1917634809442,835.0,0.050048828125,13697024.0,28554.36062502861,0.001360375084914267,0.007080078125,2.171031951904297,-0.021697819232940674,0.5830790996551514,-0.021710315719246864,1.249648630619049e-05,0.0,-0.00567634217441082,1.0749931335449219,0.742355936340952,5.818803787231445,1.8626631498336792,5.813127040863037,2.117851495742798,6.769711494445801,4.211824417114258,,,,,,
8789940000.0,150.34,7.5,6391222784.0,2397.488672058871,836.0,0.0482177734375,13713408.0,28561.194442510605,0.002531927777454257,0.021484375,2.216834545135498,-0.021857425570487976,0.5434297323226929,-0.022168343886733055,0.00031092017889022827,0.0,-0.0211910679936409,1.0380357503890991,0.765806300366809,5.798816680908203,1.9063435792922974,5.777626037597656,2.1449875831604004,6.833817481994629,4.182262659072876,,,,,,
8789940000.0,146.87,8.100000381469727,6391222784.0,2420.5961022540564,837.0,0.0567626953125,13729792.0,28567.96302318573,0.0010825335048139095,0.00506591796875,2.203178882598877,-0.022000791504979134,0.47966933250427246,-0.022031787782907486,3.0996277928352356e-05,0.0,0.07774101197719574,0.9823780059814453,0.7927998455878906,5.874632358551025,1.930479645729065,5.952373504638672,2.158160924911499,6.768580675125122,4.199523687362671,,,,,,
8789940000.0,140.3,8.100000381469727,6391222784.0,2461.3019546940773,838.0,0.048828125,13746176.0,28574.61966276169,0.0018555198330432177,0.01348876953125,2.1718077659606934,-0.021491821855306625,0.4809248149394989,-0.02171807736158371,0.00022625597193837166,0.0,0.005399851128458977,0.9856269955635071,0.7780112379279822,6.042975425720215,1.909280776977539,6.048375129699707,2.0919291973114014,6.656639575958252,4.194271564483643,,,,,,
8789940000.0,138.13,7.300000190734863,6391222784.0,2416.270227706019,839.0,0.0457763671875,13762560.0,28581.400361299515,0.00209859199821949,0.013671875,2.1707091331481934,-0.021979548037052155,0.49232059717178345,-0.021707091480493546,-0.00027245888486504555,0.0,-0.02503327652812004,0.9918572306632996,0.7665889524761034,5.8533124923706055,1.799910306930542,5.828279495239258,2.052997350692749,6.780698537826538,4.199514865875244,,,,,,
8789940000.0,163.08,7.800000190734863,6391222784.0,2393.6023709940555,840.0,0.0579833984375,13778944.0,28588.245274305344,0.0015597469173371792,0.009765625,2.1163406372070312,-0.020999694243073463,0.5429373979568481,-0.02116340585052967,0.00016371160745620728,0.0,0.01350562646985054,1.043773889541626,0.7736003958053708,5.950989246368408,1.9167944192886353,5.964494705200195,2.1936564445495605,6.844913005828857,4.202820777893066,,,,,,
8789940000.0,113.33,8.199999809265137,6391222784.0,2442.919751288115,841.0,0.0604248046875,13795328.0,28594.952003002167,0.00164882093667984,0.01031494140625,2.149013042449951,-0.020858414471149445,0.5512701272964478,-0.021490128710865974,0.0006317156367003918,0.0,0.05460527166724205,1.0523346662521362,0.7576099588689573,6.036042213439941,1.9186595678329468,6.0906476974487305,2.137453556060791,6.70672869682312,4.19216513633728,,,,,,
8789940000.0,140.99,7.699999809265137,6391222784.0,2402.1125306007766,842.0,0.0634765625,13811712.0,28601.772665977478,0.0013074430171400309,0.00799560546875,2.1410467624664307,-0.020455695688724518,0.613224446773529,-0.021410468965768814,0.0009547751396894455,0.0,0.022511467337608337,1.106362223625183,0.7621095746721718,6.115875244140625,1.9877675771713257,6.1383867263793945,2.268342971801758,6.820662975311279,4.2061638832092285,,,,,,
8789940000.0,129.05,7.800000190734863,6391222784.0,2365.961403824555,843.0,0.0634765625,13828096.0,28608.697546482086,0.001706198789179325,0.01092529296875,2.1321921348571777,-0.02165762335062027,0.5685835480690002,-0.021321920678019524,-0.0003356980159878731,0.0,0.03957783430814743,1.065635323524475,0.7704334136665285,6.097271919250488,1.92484450340271,6.136849403381348,2.224099636077881,6.924880504608154,4.195005655288696,,,,,,
8789940000.0,120.35,7.599999904632568,6391222784.0,2458.718800107466,844.0,0.0579833984375,13844480.0,28615.361179590225,0.0014133977238088846,0.00860595703125,2.087430477142334,-0.02047799341380596,0.6353330016136169,-0.020874304696917534,0.0003963131457567215,0.0,0.02852161042392254,1.1196240186691284,0.731304640580067,6.118223667144775,1.9149281978607178,6.146744728088379,2.1599419116973877,6.663633108139038,4.209463596343994,,,,,,
8789940000.0,127.45,7.199999809265137,6391222784.0,2451.493161773168,845.0,0.0555419921875,13860864.0,28622.044453382492,0.0018290102016180754,0.01641845703125,2.083706855773926,-0.020460739731788635,0.6257622241973877,-0.02083706483244896,0.0003763316199183464,0.0,-0.03409818559885025,1.1223418712615967,0.7486429646166028,5.945376396179199,1.9305990934371948,5.911278247833252,2.238616943359375,6.683273792266846,4.1958534717559814,,,,,,
8789940000.0,126.76,7.400000095367432,6391222784.0,2444.0590644517365,846.0,0.0701904296875,13877248.0,28628.748055696487,0.0011106543242931366,0.00677490234375,2.0060431957244873,-0.020010635256767273,0.6888834238052368,-0.020060433074831963,4.979455843567848e-05,0.0,0.033951595425605774,1.1706527471542358,0.7410617934560595,6.195556640625,1.9764447212219238,6.229508399963379,2.300541400909424,6.703602313995361,4.181642055511475,,,,,,
8789940000.0,97.78,7.099999904632568,6391222784.0,2431.6030099030195,847.0,0.0738525390625,13893632.0,28635.48599767685,0.002688915003091097,0.0206298828125,2.053601026535034,-0.01965688355267048,0.8188902735710144,-0.020536011084914207,0.0008791275322437286,0.0,-0.058514323085546494,1.2790520191192627,0.7199847399754429,6.404153823852539,2.092942953109741,6.345639705657959,2.417116165161133,6.7379419803619385,4.198277950286865,,,,,,
8789940000.0,97.54,8.0,6391222784.0,2415.095301785009,848.0,0.0799560546875,13910016.0,28642.269994974136,0.002733624307438731,0.02044677734375,2.027449131011963,-0.020343711599707603,0.7002660036087036,-0.020274488255381584,-6.922334432601929e-05,0.0,0.06427492201328278,1.1797223091125488,0.7466899011724624,6.378751754760742,2.0505943298339844,6.443026542663574,2.3439781665802,6.783997297286987,4.205801248550415,,,,,,
8789940000.0,73.55,7.900000095367432,6391222784.0,2427.568626531125,849.0,0.0848388671875,13926400.0,28649.019134759903,0.0025227440055459738,0.02252197265625,2.056025505065918,-0.02011098712682724,0.7916254997253418,-0.02056025341153145,0.00044926442205905914,0.0,-0.00640423409640789,1.251983404159546,0.7315930692308854,6.4896697998046875,2.096979856491089,6.4832658767700195,2.4165830612182617,6.749139785766602,4.203388452529907,,,,,,
8789940000.0,86.01,7.5,6391222784.0,2360.9100654759004,850.0,0.0732421875,13942784.0,28655.95883154869,0.001851769513450563,0.0108642578125,2.0795888900756836,-0.020382773131132126,0.9023697376251221,-0.02079588733613491,0.0004131179302930832,0.0,-0.08176428079605103,1.334825873374939,0.6799083991428319,6.416782855987549,2.0331497192382812,6.335018634796143,2.359323501586914,6.939696788787842,4.225545167922974,,,,,,
8789940000.0,101.33,7.599999904632568,6391222784.0,2416.8026152873213,851.0,0.0775146484375,13959168.0,28662.73803639412,0.0011913131456822157,0.0072021484375,2.0368618965148926,-0.020752206444740295,0.7489645481109619,-0.02036861889064312,-0.00038358569145202637,0.0,0.00781086552888155,1.218348741531372,0.7338234111449342,6.21702766418457,1.9891191720962524,6.2248382568359375,2.361494302749634,6.779204845428467,4.18239164352417,,,,,,
8789940000.0,111.27,8.100000381469727,6391222784.0,2373.7695341700887,852.0,0.0726318359375,13975552.0,28669.6401386261,0.0015011264476925135,0.0103759765625,2.007357120513916,-0.019473372027277946,0.6115210056304932,-0.020073574036359787,0.0006002001464366913,0.0,0.05419251322746277,1.102039098739624,0.7655753487610114,6.309936046600342,1.9888709783554077,6.364128589630127,2.276120662689209,6.90210223197937,4.198262453079224,,,,,,
8789940000.0,104.94,7.400000095367432,6391222784.0,2418.7420121334344,853.0,0.06591796875,13991936.0,28676.413907766342,0.001598346047103405,0.00982666015625,2.0313987731933594,-0.020824220031499863,0.631941020488739,-0.020313987508416176,-0.0005102334544062614,0.0,-0.06347307562828064,1.121895670890808,0.7471850371230009,6.116091728210449,1.9399948120117188,6.052618980407715,2.23126482963562,6.77376914024353,4.226220369338989,,,,,,
8789940000.0,98.93,7.800000190734863,6391222784.0,2405.853773040768,854.0,0.059814453125,14008320.0,28683.223964214325,0.0015215270686894655,0.0074462890625,2.0927212238311768,-0.020590972155332565,0.5294808745384216,-0.02092721313238144,0.0003362400457262993,0.0,-0.016772856935858727,1.0221105813980103,0.7974476212184287,5.9644694328308105,1.976157784461975,5.947696685791016,2.271063804626465,6.810056447982788,4.222389221191406,,,,,,
8789940000.0,102.89,6.900000095367432,6391222784.0,2419.988409040599,855.0,0.0665283203125,14024704.0,28689.9942445755,0.0015707795973867178,0.0103759765625,2.090970039367676,-0.020981214940547943,0.6993300914764404,-0.02090970054268837,-7.151439785957336e-05,0.0,-0.0891895592212677,1.1760494709014893,0.7626262706872662,5.949729919433594,2.0408194065093994,5.860540390014648,2.413844585418701,6.770280361175537,4.185291051864624,,,,,,
8789940000.0,134.98,7.699999809265137,6391222784.0,2422.862488426354,856.0,0.052490234375,14041088.0,28696.75649380684,0.0012607432436197996,0.00921630859375,2.1238980293273926,-0.020740196108818054,0.5238709449768066,-0.02123897895216942,0.0004987791180610657,0.0,0.013346394523978233,1.0210109949111938,0.7686529747245345,5.852283477783203,1.8467141389846802,5.86562967300415,2.1227474212646484,6.762249231338501,4.234336853027344,,,,,,
8789940000.0,135.49,7.900000095367432,6391222784.0,2434.651560374823,857.0,0.072021484375,14057472.0,28703.485998868942,0.001695431536063552,0.01312255859375,2.069932222366333,-0.020364809781312943,0.6702665090560913,-0.02069932036101818,0.0003345124423503876,0.0,0.03774864971637726,1.1593934297561646,0.74950317388709,6.057368278503418,2.022968053817749,6.09511661529541,2.31648588180542,6.7295050621032715,4.21234917640686,,,,,,
8789940000.0,115.12,8.199999809265137,6391222784.0,2445.385995695846,858.0,0.07080078125,14073856.0,28710.185963630676,0.0012167502427473664,0.009033203125,2.0831456184387207,-0.019691092893481255,0.6870562434196472,-0.020831454545259476,0.001140359789133072,0.0,0.1192665696144104,1.174026608467102,0.7533536280290918,6.067357063293457,2.115999460220337,6.186623573303223,2.3639626502990723,6.699964761734009,4.208445072174072,,,,,,
8789940000.0,110.48,7.0,6391222784.0,2344.9280558856026,859.0,0.05615234375,14090240.0,28717.172958374023,0.0017648135544732213,0.01385498046875,2.142244815826416,-0.02017749473452568,0.6490702033042908,-0.021422449499368668,0.0012449549976736307,0.0,-0.05525585636496544,1.1364775896072388,0.7472907686036449,6.127402305603027,2.0067062377929688,6.072145938873291,2.260737657546997,6.986994743347168,4.418935298919678,,,,,,
8789940000.0,108.19,7.599999904632568,6391222784.0,2443.171189814942,860.0,0.0592041015625,14106624.0,28723.87899684906,0.0017219349974766374,0.01397705078125,2.0842978954315186,-0.02004566229879856,0.7362694144248962,-0.020842978730797768,0.0007973182946443558,0.0,0.032163139432668686,1.2099438905715942,0.6929617674945836,6.140836715698242,1.9103652238845825,6.172999382019043,2.1835784912109375,6.706038475036621,4.2061944007873535,,,,,,
8789940000.0,109.03,7.599999904632568,6391222784.0,2429.258160559633,861.0,0.0787353515625,14123008.0,28730.62344264984,0.0010508149862289429,0.00689697265625,2.0810751914978027,-0.02089090272784233,0.6683939695358276,-0.020810753107070923,-8.014682680368423e-05,0.0,0.021434450522065163,1.1561225652694702,0.7654331488764464,6.2985124588012695,2.074641466140747,6.3199462890625,2.3870980739593506,6.74444580078125,4.218619346618652,,,,,,
8789940000.0,105.62,7.599999904632568,6391222784.0,2485.9835596806283,862.0,0.07080078125,14139392.0,28737.21399307251,0.0013400719035416842,0.00927734375,2.1007256507873535,-0.02138722687959671,0.6724005937576294,-0.021007254719734192,-0.0003799721598625183,0.0,-0.05281303822994232,1.1637754440307617,0.7704126398557032,6.185402870178223,2.0829579830169678,6.132589817047119,2.428819417953491,6.590550422668457,4.203247785568237,,,,,,
8789940000.0,96.37,8.100000381469727,6391222784.0,2414.5055524739614,863.0,0.0799560546875,14155776.0,28743.99964737892,0.0020229658111929893,0.01873779296875,2.077897071838379,-0.020444203168153763,0.6980555057525635,-0.020778970792889595,0.00033476727548986673,0.0,0.0633135437965393,1.1758766174316406,0.7454973702967522,6.28166389465332,2.010488748550415,6.344977378845215,2.3308558464050293,6.785654306411743,4.199102401733398,,,,,,
,,,,,,,,,,,,,,,,,,,,,,,,,,0.022745251655578613,0.6729136109352112,0.6268400549888611,0.022745251655578613,0.6729136109352112,0.6268400549888611
,,,,,,,,,,,,,,,,,,,,,,,,,,0.02050464041531086,0.6204419732093811,0.5897244811058044,0.02050464041531086,0.6204419732093811,0.5897244811058044
,,,,,,,,,,,,,,,,,,,,,,,,,,0.01988634653389454,0.5888550877571106,0.5581425428390503,0.01988634653389454,0.5888550877571106,0.5581425428390503
,,,,,,,,,,,,,,,,,,,,,,,,,,0.020019447430968285,0.5701085925102234,0.5359432101249695,0.020019447430968285,0.5701085925102234,0.5359432101249695
,,,,,,,,,,,,,,,,,,,,,,,,,,0.019809219986200333,0.5463190674781799,0.5120046734809875,0.019809219986200333,0.5463190674781799,0.5120046734809875
,,,,,,,,,,,,,,,,,,,,,,,,,,0.019920380786061287,0.5281665921211243,0.4892406165599823,0.019920380786061287,0.5281665921211243,0.4892406165599823
8789940000.0,100.59,7.400000095367432,6188634112.0,18.56473096037058,864.0,0.068359375,14172160.0,29626.533309459686,0.0008652000688016415,0.00262451171875,2.138231039047241,-0.02047700062394142,0.7639757990837097,-0.02138230949640274,0.0009053079411387444,0.0,0.014703585766255856,1.232670545578003,0.7231417407054007,6.304525375366211,2.0630698204040527,6.3192291259765625,2.3427093029022217,882.5336620807648,4.210515022277832,,,,,,
8789940000.0,97.57,7.199999809265137,6391222784.0,2429.4298371113578,865.0,0.052490234375,14188544.0,29633.277278661728,0.0015949965454638004,0.0048828125,2.172161817550659,-0.022032378241419792,0.698294460773468,-0.02172161638736725,-0.0003107585944235325,0.0,-0.030429072678089142,1.1878420114517212,0.7091436274061249,6.088300704956055,1.9707815647125244,6.0578718185424805,2.2025182247161865,6.743969202041626,4.208515405654907,,,,,,
8789940000.0,103.34,7.300000190734863,6391222784.0,2409.7041099969574,866.0,0.067138671875,14204928.0,29640.07645368576,0.0014507239684462547,0.00714111328125,2.181227207183838,-0.020464491099119186,0.680743396282196,-0.02181226946413517,0.0013477830216288567,0.0,0.03826324641704559,1.1583541631698608,0.7354270193436374,6.027596950531006,1.9607170820236206,6.065860271453857,2.2520010471343994,6.799175024032593,4.1872029304504395,,,,,,
8789940000.0,118.5,7.5,6391222784.0,2414.6633564350304,867.0,0.072021484375,14221312.0,29646.861664533615,0.0007314018439501524,0.0020751953125,2.149434804916382,-0.021157383918762207,0.710063099861145,-0.021494345739483833,0.0003369636833667755,0.0,0.009980471804738045,1.1894373893737793,0.7447248544667666,6.3310065269470215,2.003185272216797,6.340986728668213,2.3541669845581055,6.785210847854614,4.192640542984009,,,,,,
8789940000.0,102.91,7.800000190734863,6391222784.0,2444.047938131827,868.0,0.079345703125,14237696.0,29653.56529736519,0.0006946489447727799,0.00323486328125,2.165032386779785,-0.021355420351028442,0.7566280364990234,-0.021650325506925583,0.0002949035260826349,0.0,0.044808804988861084,1.224760890007019,0.7468479192242423,6.5671539306640625,2.1254265308380127,6.611963272094727,2.4342238903045654,6.703632831573486,4.206408977508545,,,,,,
8789940000.0,91.6,7.800000190734863,6391222784.0,2451.195066069163,869.0,0.086669921875,14254080.0,29660.24938392639,0.0008575967513024807,0.002685546875,2.194596290588379,-0.02153295837342739,0.5972430109977722,-0.021945960819721222,0.0004130043089389801,0.0,-0.03644890338182449,1.092044472694397,0.7965221204228617,6.54534912109375,2.162405252456665,6.5089006423950195,2.4209280014038086,6.684086561203003,4.196749210357666,,,,,,
8789940000.0,105.4,8.199999809265137,6391222784.0,2429.4978617463066,870.0,0.064697265625,14270464.0,29666.99316430092,0.0008098204853013158,0.00238037109375,2.223508358001709,-0.02247268334031105,0.5302076935768127,-0.02223508246243,-0.0002375999465584755,0.0,-0.011264225468039513,1.027768850326538,0.7840437611137141,6.262138366699219,1.9554228782653809,6.2508745193481445,2.211630344390869,6.7437803745269775,4.188754081726074,,,,,,
8789940000.0,126.55,7.5,6391222784.0,2399.3602379825948,871.0,0.045166015625,14286848.0,29673.82165122032,0.001175634446553886,0.007568359375,2.234555959701538,-0.021721789613366127,0.510733962059021,-0.022345559671521187,0.000623767264187336,0.0,0.030323298647999763,1.0086455345153809,0.7475380348820494,5.839644432067871,1.7959357500076294,5.869968414306641,2.007432699203491,6.828486919403076,4.201741933822632,,,,,,
8789940000.0,134.58,7.900000095367432,6391222784.0,2420.780030300844,872.0,0.0408935546875,14303232.0,29680.58971762657,0.0010365673806518316,0.00506591796875,2.2918901443481445,-0.023245681077241898,0.3295294940471649,-0.022918900474905968,-0.00032677873969078064,0.0,-0.026546301320195198,0.8172354698181152,0.8181873862683802,5.76500129699707,1.7399790287017822,5.738454818725586,1.9166151285171509,6.76806640625,4.185052871704102,,,,,,
8789940000.0,197.17,7.400000095367432,6391222784.0,2416.2020922317633,873.0,0.03173828125,14319616.0,29687.3706073761,0.0007176953949965537,0.0028076171875,2.291372776031494,-0.02310021035373211,0.36182016134262085,-0.022913726046681404,-0.00018648523837327957,0.0,-0.07776230573654175,0.8495071530342102,0.7715154198585452,5.603398323059082,1.5519651174545288,5.525636672973633,1.7772098779678345,6.7808897495269775,4.212161064147949,,,,,,
8789940000.0,162.39,6.900000095367432,6391222784.0,2448.2705995198403,874.0,0.04638671875,14336000.0,29694.06267809868,0.0012013446539640427,0.0078125,2.239701747894287,-0.022311024367809296,0.4731214642524719,-0.022397015243768692,8.599087595939636e-05,0.0,-0.09777962416410446,0.9704128503799438,0.7779768160019531,5.725671768188477,1.7504847049713135,5.627892017364502,2.059478998184204,6.692070722579956,4.189392805099487,,,,,,
8789940000.0,201.48,7.5,6391222784.0,2448.50857135955,875.0,0.045166015625,14352384.0,29700.754098415375,0.0008642683969810605,0.00347900390625,2.2556869983673096,-0.023175310343503952,0.4183487296104431,-0.02255687117576599,-0.0006184354424476624,0.0,-0.021291915327310562,0.9155526161193848,0.7880377237619988,5.751687526702881,1.7377246618270874,5.730395317077637,1.9886304140090942,6.691420316696167,4.19856333732605,,,,,,
8789940000.0,191.95,7.099999904632568,6391222784.0,2434.9466809585047,876.0,0.0439453125,14368768.0,29707.48278784752,0.001757277175784111,0.01263427734375,2.232811450958252,-0.022682800889015198,0.5546302795410156,-0.02232811413705349,-0.0003546809311956167,0.0,-0.008508938364684582,1.04912531375885,0.7725409085807206,5.780211448669434,1.9537620544433594,5.771702766418457,2.1997625827789307,6.728689432144165,4.2027435302734375,,,,,,
8789940000.0,136.45,8.300000190734863,6391222784.0,2434.057654098151,877.0,0.0482177734375,14385152.0,29714.213934898376,0.001598641276359558,0.01263427734375,2.1904234886169434,-0.02171008288860321,0.4283755421638489,-0.0219042357057333,0.0001941518858075142,0.0,0.0713895857334137,0.9259862303733826,0.7897326623670314,5.859870910644531,1.873494267463684,5.93126106262207,2.019383430480957,6.731147050857544,4.198941230773926,,,,,,
8789940000.0,150.62,7.699999809265137,6391222784.0,2429.383458862451,878.0,0.0537109375,14401536.0,29720.95803284645,0.0012673181481659412,0.0081787109375,2.0775339603424072,-0.01997794210910797,0.6324982643127441,-0.020775338634848595,0.0007973937317728996,0.0,-0.006672108545899391,1.1251096725463867,0.7308773764705782,5.994068145751953,1.9145532846450806,5.987396240234375,2.168802499771118,6.744097948074341,4.200528860092163,,,,,,
8789940000.0,144.87,8.399999618530273,6391222784.0,2415.3780593147135,879.0,0.0677490234375,14417920.0,29727.74123597145,0.0010743438033387065,0.0069580078125,2.0908849239349365,-0.021200312301516533,0.5517942309379578,-0.02090884931385517,-0.0002914629876613617,0.0,0.050048843026161194,1.0518394708633423,0.7673345401862413,6.259413719177246,1.9668635129928589,6.309462547302246,2.180638074874878,6.783203125,4.189884662628174,,,,,,
8789940000.0,108.86,7.900000095367432,6391222784.0,2432.025458602379,880.0,0.0750732421875,14434304.0,29734.478007555008,0.0013703431468456984,0.009033203125,2.136340379714966,-0.02088947221636772,0.6891071200370789,-0.021363401785492897,0.0004739314317703247,0.0,-0.040196917951107025,1.1773688793182373,0.7482507544385348,6.382209777832031,2.056043863296509,6.342012882232666,2.346543788909912,6.736771583557129,4.190274953842163,,,,,,
8789940000.0,111.72,7.699999809265137,6391222784.0,2433.7867111117093,881.0,0.0653076171875,14450688.0,29741.20990395546,0.0012731201713904738,0.00909423828125,2.1037888526916504,-0.020577939227223396,0.6849477291107178,-0.021037889644503593,0.0004599522799253464,0.0,0.01740635558962822,1.1710991859436035,0.7242999650112885,6.125049591064453,1.914374589920044,6.1424560546875,2.2303621768951416,6.73189640045166,4.194947719573975,,,,,,
8789940000.0,101.4,8.0,6391222784.0,2422.321707146337,882.0,0.0799560546875,14467072.0,29747.97366285324,0.0012651159195229411,0.0084228515625,2.1098852157592773,-0.020932428538799286,0.6246166229248047,-0.021098852157592773,0.00016642455011606216,0.0,0.05531544238328934,1.1161158084869385,0.7776570066780039,6.271977424621582,2.0637495517730713,6.327293395996094,2.366997480392456,6.763758897781372,4.212227821350098,,,,,,
8789940000.0,122.68,8.300000190734863,6391222784.0,2410.7193612583433,883.0,0.0732421875,14483456.0,29754.76997447014,0.000802327529527247,0.00384521484375,2.0365681648254395,-0.02037256956100464,0.6499777436256409,-0.020365681499242783,-6.888061761856079e-06,0.0,0.11870001256465912,1.138340711593628,0.7434851357115964,6.1731085777282715,1.9937753677368164,6.291808605194092,2.247584819793701,6.796311616897583,4.209808111190796,,,,,,
8789940000.0,97.39,7.0,6391222784.0,2417.566467788179,884.0,0.0811767578125,14499840.0,29761.547037363052,0.0016950737917795777,0.0140380859375,2.056385040283203,-0.02060290053486824,0.810110867023468,-0.020563852041959763,-3.9052218198776245e-05,0.0,-0.05773227661848068,1.274368405342102,0.7341273838556388,6.501798629760742,2.112795114517212,6.444066047668457,2.4714853763580322,6.777062892913818,4.197112560272217,,,,,,
8789940000.0,94.02,7.800000190734863,6391222784.0,2421.6279784453736,885.0,0.064697265625,14516224.0,29768.312733888626,0.002307536080479622,0.02178955078125,2.114943027496338,-0.020094048231840134,0.6310930252075195,-0.02114943042397499,0.001055380329489708,0.0,0.0032888073474168777,1.1177408695220947,0.7574453359621826,6.228670120239258,1.955568552017212,6.231959342956543,2.2695322036743164,6.7656965255737305,4.208395004272461,,,,,,
8789940000.0,121.15,7.699999809265137,6391222784.0,2440.0771064555656,886.0,0.0579833984375,14532608.0,29775.027275800705,0.0017293081618845463,0.01141357421875,2.1437737941741943,-0.02078220620751381,0.599147617816925,-0.021437736228108406,0.0006555309519171715,0.0,-0.013835994526743889,1.0937268733978271,0.7478043152822467,6.036592483520508,1.92521333694458,6.022756576538086,2.1779119968414307,6.714541912078857,4.184184551239014,,,,,,
8789940000.0,135.48,7.699999809265137,6391222784.0,2446.475090496593,887.0,0.0592041015625,14548992.0,29781.724257946014,0.0013791372766718268,0.01019287109375,2.1037967205047607,-0.021271497011184692,0.6114298105239868,-0.02103796787559986,-0.00023352541029453278,0.0,0.0034423796460032463,1.102279782295227,0.7331541806966038,6.197944641113281,1.8982163667678833,6.201386451721191,2.133838176727295,6.696982145309448,4.1895973682403564,,,,,,
8789940000.0,168.63,6.800000190734863,6391222784.0,2381.3286312592654,888.0,0.0433349609375,14565376.0,29788.604450702667,0.0025711231864988804,0.02520751953125,2.1598381996154785,-0.02019192837178707,0.5528452396392822,-0.02159837819635868,0.001406453549861908,0.0,-0.07705315947532654,1.0405724048614502,0.7383447096871821,5.979565620422363,1.7432974576950073,5.902512073516846,2.03426456451416,6.880192756652832,4.198165416717529,,,,,,
8789940000.0,126.86,8.5,6391222784.0,2427.820603041031,889.0,0.05859375,14581760.0,29795.35289001465,0.0021145164500921965,0.0189208984375,2.1661059856414795,-0.019975004717707634,0.4476829767227173,-0.0216610599309206,0.0016860514879226685,0.0,0.034858837723731995,0.9382398128509521,0.79192239924128,6.019623756408691,1.7972995042800903,6.054482460021973,2.0568442344665527,6.748439311981201,4.202666759490967,,,,,,
8789940000.0,135.59,7.699999809265137,6391222784.0,2446.3971414244047,890.0,0.052490234375,14598144.0,29802.050085544586,0.0023191533982753754,0.0220947265625,2.2230756282806396,-0.021012622863054276,0.49299290776252747,-0.022230759263038635,0.0012181354686617851,0.0,-0.022437190636992455,0.991269052028656,0.7737904317142422,5.959896087646484,1.8454240560531616,5.9374589920043945,2.0841851234436035,6.697195529937744,4.215879678726196,,,,,,
8789940000.0,157.98,7.5,6391222784.0,2427.4712119221113,891.0,0.0543212890625,14614528.0,29808.79949617386,0.0027990597300231457,0.02435302734375,2.182851791381836,-0.021498151123523712,0.48483598232269287,-0.02182851918041706,0.0003303675912320614,0.0,-0.015250714495778084,0.9892367720603943,0.7891303993262017,5.877973556518555,1.8998931646347046,5.862722396850586,2.154236078262329,6.749410629272461,4.191248655319214,,,,,,
8789940000.0,75.19,8.399999618530273,6391222784.0,2416.0620952375193,892.0,0.064697265625,14630912.0,29815.580778837204,0.0035827308893203735,0.0355224609375,2.1267077922821045,-0.019452093169093132,0.533889889717102,-0.021267078816890717,0.001814989373087883,0.0,0.0572611428797245,1.0289711952209473,0.7862674770619407,6.151914596557617,1.9870256185531616,6.2091755867004395,2.2257068157196045,6.781282663345337,4.1924004554748535,,,,,,
8789940000.0,146.75,7.0,6391222784.0,2423.723607628608,893.0,0.06103515625,14647296.0,29822.34062552452,0.0020699435845017433,0.0191650390625,2.094731569290161,-0.019932957366108894,0.6622253060340881,-0.02094731666147709,0.001014363020658493,0.0,-0.10820790380239487,1.1523278951644897,0.7366823714807962,6.097373008728027,1.9518071413040161,5.989165306091309,2.245617389678955,6.7598466873168945,4.190571546554565,,,,,,
8789940000.0,148.62,7.300000190734863,6391222784.0,2359.3816291077396,894.0,0.06103515625,14663680.0,29829.284817934036,0.0019456719746813178,0.015625,2.079185962677002,-0.020149610936641693,0.6565861701965332,-0.020791858434677124,0.0006422502920031548,0.0,-0.026853792369365692,1.1418383121490479,0.739798875010691,6.017026901245117,1.9902962446212769,5.99017333984375,2.238463878631592,6.944192409515381,4.188360214233398,,,,,,
8789940000.0,124.67,7.599999904632568,6391222784.0,2467.8864986223793,895.0,0.059814453125,14680064.0,29835.92369699478,0.0010789266088977456,0.0069580078125,2.0948283672332764,-0.020385611802339554,0.6261624097824097,-0.02094828337430954,0.0005626706406474113,0.0,0.009526527486741543,1.1159011125564575,0.7509022324628934,6.043787479400635,1.9586464166641235,6.053314208984375,2.2358405590057373,6.638879060745239,4.186836004257202,,,,,,
,,,,,,,,,,,,,,,,,,,,,,,,,,0.023079240694642067,0.6180236339569092,0.5680339336395264,0.023079240694642067,0.6180236339569092,0.5680339336395264
,,,,,,,,,,,,,,,,,,,,,,,,,,0.021969590336084366,0.5638335943222046,0.5331689715385437,0.021969590336084366,0.5638335943222046,0.5331689715385437
,,,,,,,,,,,,,,,,,,,,,,,,,,0.020942650735378265,0.5370467305183411,0.5057694315910339,0.020942650735378265,0.5370467305183411,0.5057694315910339
,,,,,,,,,,,,,,,,,,,,,,,,,,0.020893102511763573,0.5120927691459656,0.48153984546661377,0.020893102511763573,0.5120927691459656,0.48153984546661377
,,,,,,,,,,,,,,,,,,,,,,,,,,0.021167395636439323,0.496364027261734,0.46202757954597473,0.021167395636439323,0.496364027261734,0.46202757954597473
,,,,,,,,,,,,,,,,,,,,,,,,,,0.020893894135951996,0.47732439637184143,0.44348281621932983,0.020893894135951996,0.47732439637184143,0.44348281621932983
8789940000.0,107.65,7.300000190734863,6188634112.0,18.54170594930475,896.0,0.0689697265625,14696448.0,30719.553285598755,0.0018012893851846457,0.01312255859375,2.102642774581909,-0.02138185314834118,0.7142511606216431,-0.021026425063610077,-0.00035543087869882584,0.0,-0.05774669721722603,1.180934190750122,0.7497447813680373,6.226558208465576,2.0687246322631836,6.168811798095703,2.3606653213500977,883.6295886039734,4.235692501068115,,,,,,
8789940000.0,122.39,7.699999809265137,6391222784.0,2424.915673762234,897.0,0.0665283203125,14712832.0,30726.309809207916,0.001984283095225692,0.015380859375,2.0835113525390625,-0.02089383453130722,0.6160761713981628,-0.020835116505622864,-5.8724544942379e-05,0.0,0.0052148448303341866,1.1107209920883179,0.7726576564247746,6.087470054626465,2.0784335136413574,6.092685222625732,2.3295114040374756,6.756523609161377,4.205277442932129,,,,,,
8789940000.0,125.59,6.800000190734863,6391222784.0,2403.5262690598165,898.0,0.06103515625,14729216.0,30733.126460313797,0.001149164978414774,0.00531005859375,2.0679337978363037,-0.020463451743125916,0.7026410698890686,-0.02067933976650238,0.00021588802337646484,0.0,-0.1331179440021515,1.1797820329666138,0.7418673668304413,6.0300493240356445,2.0019054412841797,5.8969316482543945,2.3220975399017334,6.816651105880737,4.208812713623047,,,,,,
8789940000.0,105.43,8.399999618530273,6391222784.0,2447.6330665207765,899.0,0.06103515625,14745600.0,30739.82027411461,0.0013270429335534573,0.00994873046875,2.1141598224639893,-0.021131809800863266,0.4949534237384796,-0.021141598001122475,9.78820025920868e-06,0.0,0.09251340478658676,0.9927217960357666,0.7844225091235704,5.997270584106445,1.9093165397644043,6.089783668518066,2.138089418411255,6.693813800811768,4.198017358779907,,,,,,
8789940000.0,125.09,7.599999904632568,6391222784.0,2449.0022836264884,900.0,0.054931640625,14761984.0,30746.510345458984,0.0013029801193624735,0.00592041015625,2.132420778274536,-0.020582910627126694,0.5960966348648071,-0.02132420614361763,0.0007412983104586601,0.0,-0.07375915348529816,1.0945316553115845,0.7287692891468724,5.99600887298584,1.9002456665039062,5.9222493171691895,2.101641893386841,6.69007134437561,4.188986301422119,,,,,,
8789940000.0,145.87,7.599999904632568,6391222784.0,2422.1405328037763,901.0,0.040283203125,14778368.0,30753.27461028099,0.0007929118000902236,0.00408935546875,2.1614465713500977,-0.02115449868142605,0.4653218388557434,-0.02161446213722229,0.000459965318441391,0.0,0.03146210312843323,0.9703166484832764,0.7423215701786748,5.715991020202637,1.6817148923873901,5.747452735900879,1.9114996194839478,6.764264822006226,4.205755710601807,,,,,,
8789940000.0,206.13,6.599999904632568,6391222784.0,2416.542043228581,902.0,0.0396728515625,14794752.0,30760.054546117783,0.0013748094206675887,0.00897216796875,2.1476786136627197,-0.021410368382930756,0.5564365386962891,-0.021476786583662033,6.642099469900131e-05,0.0,-0.07638576626777649,1.050894021987915,0.708999819725688,5.812222957611084,1.6605144739151,5.735836982727051,1.948103666305542,6.779935836791992,4.196840524673462,,,,,,
8789940000.0,137.22,8.100000381469727,6391222784.0,2395.832667524785,903.0,0.0628662109375,14811136.0,30766.893087148666,0.0015396358212456107,0.010498046875,2.124138355255127,-0.021081358194351196,0.5523901581764221,-0.021241381764411926,0.0001600254327058792,0.0,0.07268141210079193,1.046748399734497,0.7659730951189543,5.965086460113525,1.89730966091156,6.0377678871154785,2.163761854171753,6.838541030883789,4.1895692348480225,,,,,,
8789940000.0,170.62,7.699999809265137,6391222784.0,2383.1768605359275,904.0,0.0518798828125,14827520.0,30773.76794409752,0.0020809341222047806,0.014892578125,2.116954803466797,-0.020107800140976906,0.49710145592689514,-0.021169545128941536,0.0010617468506097794,0.0,-0.0009484873153269291,0.992694079875946,0.7757379324281296,5.8963727951049805,1.8388009071350098,5.895423889160156,2.0962233543395996,6.874856948852539,4.187688112258911,,,,,,
8789940000.0,137.46,8.100000381469727,6391222784.0,2386.812218029176,905.0,0.0592041015625,14843904.0,30780.632329940796,0.003256656229496002,0.03155517578125,2.0994014739990234,-0.01961885206401348,0.4989655017852783,-0.020994015038013458,0.0013751629739999771,0.0,0.06378575414419174,0.9935494065284729,0.7794884108478576,5.919430255889893,1.8616043329238892,5.983216285705566,2.1157968044281006,6.8643858432769775,4.1852641105651855,,,,,,
8789940000.0,161.01,6.900000095367432,6391222784.0,2381.4303826740334,906.0,0.0390625,14860288.0,30787.51222872734,0.001885905279777944,0.01446533203125,2.1688485145568848,-0.020835917443037033,0.5841367244720459,-0.02168848365545273,0.0008525662124156952,0.0,-0.09506136924028397,1.0761234760284424,0.7062916608856289,5.8209428787231445,1.7541409730911255,5.725882053375244,1.9856560230255127,6.8798987865448,4.18740439414978,,,,,,
8789940000.0,139.55,7.699999809265137,6391222784.0,2438.8334783264945,907.0,0.05126953125,14876672.0,30794.230194568634,0.0018033661181107163,0.0159912109375,2.2272133827209473,-0.021657519042491913,0.45303094387054443,-0.022272132337093353,0.0006146131781861186,0.0,-0.03292766213417053,0.9500522613525391,0.7923013580347142,5.812585830688477,1.823095440864563,5.779658317565918,2.08463978767395,6.717965841293335,4.184993028640747,,,,,,
8789940000.0,135.42,8.300000190734863,6391222784.0,2427.7821771026884,908.0,0.0506591796875,14893056.0,30800.97874069214,0.001970012905076146,0.01312255859375,2.2685821056365967,-0.022531237453222275,0.35149049758911133,-0.022685818374156952,0.00015458313282579184,0.0,0.055872704833745956,0.8385085463523865,0.8316970049459935,5.812587738037109,1.8202688694000244,5.868460178375244,2.043910026550293,6.748546123504639,4.200965166091919,,,,,,
8789940000.0,170.13,7.599999904632568,6391222784.0,2423.4309447404166,909.0,0.0323486328125,14909440.0,30807.73940372467,0.002080302918329835,0.01776123046875,2.3092422485351562,-0.02256343513727188,0.3928864002227783,-0.023092424497008324,0.0005289874970912933,0.0,-0.07709001004695892,0.883808434009552,0.7750642604898738,5.579671382904053,1.6618505716323853,5.502581596374512,1.8634984493255615,6.760663032531738,4.197519063949585,,,,,,
8789940000.0,223.37,7.5,6391222784.0,2387.434298971933,910.0,0.030517578125,14925824.0,30814.602000951767,0.0022913627326488495,0.0169677734375,2.2838048934936523,-0.021630117669701576,0.37084564566612244,-0.0228380486369133,0.0012079300358891487,0.0,-0.027102850377559662,0.8596468567848206,0.7811357811047837,5.506769180297852,1.6276531219482422,5.479666709899902,1.8375244140625,6.862597227096558,4.193618535995483,,,,,,
8789940000.0,273.42,6.400000095367432,6391222784.0,2417.455566990167,911.0,0.0262451171875,14942208.0,30821.379374742508,0.0017155270325019956,0.01409912109375,2.3098602294921875,-0.023852508515119553,0.38484716415405273,-0.023098604753613472,-0.0007539074867963791,0.0,-0.051435213536024094,0.8769005537033081,0.7567016700659357,5.51434326171875,1.5638058185577393,5.4629082679748535,1.7777918577194214,6.777373790740967,4.2020111083984375,,,,,,
8789940000.0,213.22,7.800000190734863,6391222784.0,2450.936990716506,912.0,0.040283203125,14958592.0,30828.064165115356,0.001823717961087823,0.01116943359375,2.30372953414917,-0.02304081618785858,0.4320406913757324,-0.023037292063236237,-3.5262200981378555e-06,0.0,0.036017946898937225,0.9270309805870056,0.7763340468186406,5.588159561157227,1.718998670578003,5.624177932739258,1.9601726531982422,6.684790372848511,4.215861797332764,,,,,,
8789940000.0,183.89,7.5,6391222784.0,2466.8701779222124,913.0,0.048828125,14974976.0,30834.70577931404,0.0029477335046976805,0.030517578125,2.2687506675720215,-0.02263648435473442,0.4724411368370056,-0.022687505930662155,5.102111026644707e-05,0.0,-0.020736150443553925,0.9692841172218323,0.7900395831948878,5.729859828948975,1.8788224458694458,5.709123611450195,2.1153512001037598,6.641614198684692,4.193525552749634,,,,,,
8789940000.0,150.0,7.599999904632568,6391222784.0,2348.4630619352383,914.0,0.0518798828125,14991360.0,30841.682256937027,0.0012016062391921878,0.0064697265625,2.213836669921875,-0.022647399455308914,0.587658703327179,-0.02213836833834648,-0.0005090329796075821,0.0,0.03115144371986389,1.0846115350723267,0.759260417285391,5.970770835876465,1.9636815786361694,6.001922130584717,2.210550546646118,6.97647762298584,4.200140953063965,,,,,,
8789940000.0,154.47,8.100000381469727,6391222784.0,2341.301487211344,915.0,0.0457763671875,15007744.0,30848.680074214935,0.001974764047190547,0.01544189453125,2.1839890480041504,-0.02139083854854107,0.4027251601219177,-0.021839888766407967,0.00044904928654432297,0.0,0.024323662742972374,0.8961464762687683,0.8024367146009437,5.799952507019043,1.8275562524795532,5.824276447296143,2.016164541244507,6.997817277908325,4.2032294273376465,,,,,,
8789940000.0,165.12,7.900000095367432,6391222784.0,2373.928618753039,916.0,0.045166015625,15024128.0,30855.58171391487,0.001206018729135394,0.0067138671875,2.1800155639648438,-0.021862756460905075,0.4919767677783966,-0.02180015668272972,-6.2599778175354e-05,0.0,0.032345935702323914,0.9891860485076904,0.775501843102043,5.796586513519287,1.8584786653518677,5.828932285308838,2.0877156257629395,6.901639699935913,4.185657024383545,,,,,,
8789940000.0,128.05,7.699999809265137,6391222784.0,2372.876514386364,917.0,0.052490234375,15040512.0,30862.48641371727,0.001711165765300393,0.01361083984375,2.155874490737915,-0.02156851254403591,0.5515753030776978,-0.021558744832873344,-9.76957380771637e-06,0.0,0.04283703491091728,1.04735267162323,0.7591485296829662,5.872345924377441,1.8942474126815796,5.915182590484619,2.1341166496276855,6.904699802398682,4.267053604125977,,,,,,
8789940000.0,183.1,7.400000095367432,6391222784.0,2430.1638798017366,918.0,0.064697265625,15056896.0,30869.22834587097,0.0022088801488280296,0.01751708984375,2.1058971881866455,-0.02120533399283886,0.6137897372245789,-0.02105897106230259,-0.00014636293053627014,0.0,0.008626528084278107,1.109744906425476,0.7748793933150929,6.16218900680542,2.046175479888916,6.170815944671631,2.3389217853546143,6.741932153701782,4.18892765045166,,,,,,
8789940000.0,118.9,7.800000190734863,6391222784.0,2470.9069964667056,919.0,0.084228515625,15073280.0,30875.859109401703,0.002165502402931452,0.01739501953125,2.014902114868164,-0.019909286871552467,0.7308717966079712,-0.020149020478129387,0.0002397354692220688,0.0,0.048312071710824966,1.2076969146728516,0.7463172743014981,6.489254474639893,2.1022958755493164,6.537566184997559,2.397796392440796,6.630763530731201,4.208266019821167,,,,,,
8789940000.0,75.51,8.100000381469727,6391222784.0,2481.5955081912593,920.0,0.0909423828125,15089664.0,30882.4613134861,0.0018863447476178408,0.015869140625,2.013637065887451,-0.019529011100530624,0.7227112650871277,-0.02013637125492096,0.0006073620170354843,0.0,0.06446807086467743,1.1991381645202637,0.7403614543557333,6.5951385498046875,2.0644893646240234,6.659605979919434,2.353339433670044,6.602204084396362,4.198325157165527,,,,,,
8789940000.0,99.09,6.800000190734863,6391222784.0,2391.201811314368,921.0,0.0579833984375,15106048.0,30889.313098192215,0.0015405940357595682,0.0107421875,2.097111940383911,-0.020263168960809708,0.7589244246482849,-0.020971117541193962,0.0007079504430294037,0.0,-0.03589867800474167,1.2340012788772583,0.6729281381007918,6.049704074859619,1.852654218673706,6.013805389404297,2.157715320587158,6.851784706115723,4.199443101882935,,,,,,
8789940000.0,101.42,7.800000190734863,6391222784.0,2443.3663834812382,922.0,0.07080078125,15122432.0,30896.018600940704,0.0015166699886322021,0.0108642578125,2.1011879444122314,-0.02064090594649315,0.6128884553909302,-0.021011877804994583,0.00037097372114658356,0.0,0.017174391075968742,1.1052534580230713,0.7609113541841397,6.162840843200684,1.9568264484405518,6.180015563964844,2.260385274887085,6.70550274848938,4.2038304805755615,,,,,,
8789940000.0,110.46,7.300000190734863,6391222784.0,2435.8180533560935,923.0,0.0653076171875,15138816.0,30902.744883298874,0.0014441985404118896,0.00872802734375,2.1061747074127197,-0.020775016397237778,0.7273800373077393,-0.021061746403574944,0.00028673186898231506,0.0,-0.06434248387813568,1.2027965784072876,0.728811283368051,6.360060691833496,1.9986977577209473,6.295718193054199,2.3097050189971924,6.726282358169556,4.223333835601807,,,,,,
8789940000.0,115.49,6.599999904632568,6391222784.0,2394.619366952182,924.0,0.0592041015625,15155200.0,30909.586889266968,0.0035969670861959457,0.02789306640625,2.1518394947052,-0.020836282521486282,0.7194170951843262,-0.021518392488360405,0.0006821127608418465,0.0,-0.09079509973526001,1.1960341930389404,0.7340158163676933,6.094351768493652,1.997029423713684,6.003556251525879,2.319079637527466,6.842005968093872,4.303840160369873,,,,,,
8789940000.0,100.21,7.5,6391222784.0,2432.661000090411,925.0,0.069580078125,15171584.0,30916.321900844574,0.0019000410102307796,0.01751708984375,2.1202237606048584,-0.020142152905464172,0.7172806859016418,-0.02120223641395569,0.0010600816458463669,0.0,0.02013983391225338,1.1952275037765503,0.7382933674966315,6.108153343200684,2.0009841918945312,6.128293514251709,2.3363771438598633,6.735011577606201,4.223464488983154,,,,,,
8789940000.0,92.71,7.699999809265137,6391222784.0,2454.455668735683,926.0,0.0665283203125,15187968.0,30922.997107982635,0.0008627662900835276,0.0047607421875,2.1624374389648438,-0.020998124033212662,0.5820249319076538,-0.021624373272061348,0.0006262501701712608,0.0,0.03639958053827286,1.0781745910644531,0.7751333894451709,6.080436706542969,1.9895890951156616,6.1168365478515625,2.2736661434173584,6.675207138061523,4.187774658203125,,,,,,
8789940000.0,92.06,7.400000095367432,6391222784.0,2353.361201606887,927.0,0.0634765625,15204352.0,30929.9590651989,0.001246824860572815,0.00701904296875,2.1745951175689697,-0.0215031486004591,0.6780407428741455,-0.021745949983596802,0.0002428041771054268,0.0,-0.023887060582637787,1.168404459953308,0.739927617820044,6.1866021156311035,2.0141279697418213,6.162714958190918,2.2911105155944824,6.961957216262817,4.230048418045044,,,,,,
,,,,,,,,,,,,,,,,,,,,,,,,,,0.018827900290489197,0.5959080457687378,0.5549595952033997,0.018827900290489197,0.5959080457687378,0.5549595952033997
,,,,,,,,,,,,,,,,,,,,,,,,,,0.017711052671074867,0.546296238899231,0.5197311639785767,0.017711052671074867,0.546296238899231,0.5197311639785767
,,,,,,,,,,,,,,,,,,,,,,,,,,0.017414405941963196,0.5176916718482971,0.4856433570384979,0.017414405941963196,0.5176916718482971,0.4856433570384979
,,,,,,,,,,,,,,,,,,,,,,,,,,0.017165599390864372,0.49695834517478943,0.4631861746311188,0.017165599390864372,0.49695834517478943,0.4631861746311188
,,,,,,,,,,,,,,,,,,,,,,,,,,0.017804471775889397,0.4763548672199249,0.44268837571144104,0.017804471775889397,0.4763548672199249,0.44268837571144104
,,,,,,,,,,,,,,,,,,,,,,,,,,0.017522573471069336,0.4603257179260254,0.4237102270126343,0.017522573471069336,0.4603257179260254,0.4237102270126343
8789940000.0,117.95,7.199999809265137,6188634112.0,18.544307388298137,928.0,0.0616455078125,15220736.0,31813.4646961689,0.0005963161820545793,0.00189208984375,2.1288554668426514,-0.021453965455293655,0.6814173460006714,-0.02128855511546135,-0.00016541359946131706,0.0,0.028084365651011467,1.163182020187378,0.7388853722020541,5.898960113525391,1.9910047054290771,5.92704439163208,2.276313543319702,883.5056309700012,4.2804856300354,,,,,,
8789940000.0,121.24,8.300000190734863,6391222784.0,2390.2976251384425,929.0,0.0732421875,15237120.0,31820.31907272339,0.0007575724739581347,0.00213623046875,2.0688891410827637,-0.021303940564393997,0.6431185603141785,-0.020688891410827637,-0.0006150498520582914,0.0,0.15033257007598877,1.1387661695480347,0.7685402301513267,6.218479156494141,2.1634693145751953,6.36881160736084,2.366990804672241,6.854376554489136,4.187099456787109,,,,,,
8789940000.0,93.09,8.600000381469727,6391222784.0,2416.9329223906448,930.0,0.08544921875,15253504.0,31827.097912073135,0.0010833418928086758,0.0047607421875,2.03371000289917,-0.020448628813028336,0.6866378784179688,-0.020337101072072983,-0.00011152960360050201,0.0,0.08615937829017639,1.175428867340088,0.7538805750930384,6.584075927734375,2.1537489891052246,6.670235633850098,2.369318723678589,6.778839349746704,4.191105127334595,,,,,,
8789940000.0,102.46,7.900000095367432,6391222784.0,2437.5503927476225,931.0,0.069580078125,15269888.0,31833.819414138794,0.000815254170447588,0.00140380859375,2.0095794200897217,-0.019724257290363312,0.7335092425346375,-0.020095795392990112,0.00037153810262680054,0.0,-0.010985998436808586,1.2115625143051147,0.7250077982361391,6.607351779937744,2.06204891204834,6.596365928649902,2.310391664505005,6.721502065658569,4.201852321624756,,,,,,
8789940000.0,83.34,7.5,6391222784.0,2358.7386177123535,932.0,0.0750732421875,15286272.0,31840.765499591827,0.0009052885579876602,0.00396728515625,1.9874199628829956,-0.01997809298336506,0.7517420053482056,-0.019874200224876404,-0.00010389508679509163,0.0,-0.06464262306690216,1.2310190200805664,0.7088853122376806,6.531327247619629,1.941610336303711,6.466684341430664,2.281564712524414,6.946085453033447,4.2086193561553955,,,,,,
8789940000.0,123.17,7.599999904632568,6391222784.0,2290.789879031906,933.0,0.059814453125,15302656.0,31847.91761779785,0.0011158568086102605,0.00567626953125,2.003070831298828,-0.019703518599271774,0.6966875195503235,-0.020030708983540535,0.000327184796333313,0.0,0.0016673710197210312,1.1802834272384644,0.6956583851890079,6.2613654136657715,1.8446524143218994,6.26303243637085,2.1394667625427246,7.15211820602417,4.207016706466675,,,,,,
8789940000.0,115.88,8.0,6391222784.0,2331.0207952925502,934.0,0.078125,15319040.0,31854.946298122406,0.0010329800425097346,0.00604248046875,1.971937656402588,-0.019081462174654007,0.6865811347961426,-0.019719377160072327,0.0006379131227731705,0.0,-0.009320871904492378,1.1747490167617798,0.7358170775810067,6.579622268676758,1.9448678493499756,6.570301532745361,2.2855594158172607,7.028680324554443,4.2115724086761475,,,,,,
8789940000.0,109.42,7.400000095367432,6391222784.0,2417.9713760958625,935.0,0.064697265625,15335424.0,31861.722226142883,0.001329991384409368,0.0084228515625,2.0254018306732178,-0.0200724545866251,0.6899595260620117,-0.020254019647836685,0.00018156133592128754,0.0,-0.020693689584732056,1.1690305471420288,0.7223968186694265,6.333315849304199,1.8972434997558594,6.312622547149658,2.218775987625122,6.775928020477295,4.190438985824585,,,,,,
8789940000.0,111.13,8.100000381469727,6391222784.0,2407.6709406304535,936.0,0.067138671875,15351808.0,31868.527142763138,0.0013554126489907503,0.00848388671875,2.057338237762451,-0.020428292453289032,0.5675338506698608,-0.02057337947189808,0.00014508888125419617,0.0,0.023067183792591095,1.0571467876434326,0.7595336249959721,6.304713249206543,1.9012115001678467,6.327780723571777,2.1557984352111816,6.804916620254517,4.207192420959473,,,,,,
8789940000.0,98.62,8.300000190734863,6391222784.0,2439.893266496602,937.0,0.074462890625,15368192.0,31875.24219059944,0.001301053911447525,0.00579833984375,2.031919002532959,-0.021412333473563194,0.6513909101486206,-0.020319193601608276,-0.0010931435972452164,0.0,0.03222040459513664,1.136944055557251,0.737759987183062,6.516552925109863,1.9705533981323242,6.548773765563965,2.2201879024505615,6.715047836303711,4.1938560009002686,,,,,,
8789940000.0,107.83,7.699999809265137,6391222784.0,2429.418585929034,938.0,0.076904296875,15384576.0,31881.986191034317,0.0015296582132577896,0.00909423828125,1.996524691581726,-0.019661787897348404,0.6847255825996399,-0.019965246319770813,0.0003034565597772598,0.0,0.003772621974349022,1.1698839664459229,0.7287921502536188,6.405299186706543,1.926194190979004,6.409071445465088,2.2464237213134766,6.744000434875488,4.196945667266846,,,,,,
8789940000.0,100.46,7.699999809265137,6391222784.0,2418.0277848005035,939.0,0.076904296875,15400960.0,31888.761960983276,0.001021930598653853,0.00518798828125,1.9925600290298462,-0.01956436038017273,0.8099727034568787,-0.01992560178041458,0.0003612409345805645,0.0,0.01149534061551094,1.2726105451583862,0.6831427460792145,6.6371660232543945,1.9440360069274902,6.6486616134643555,2.260808229446411,6.775769948959351,4.191765785217285,,,,,,
8789940000.0,103.6,7.800000190734863,6391222784.0,2392.6867882294514,940.0,0.0653076171875,15417344.0,31895.609493255615,0.0011571391951292753,0.00653076171875,2.0267751216888428,-0.020313285291194916,0.6412708163261414,-0.020267747342586517,-4.553701728582382e-05,0.0,0.0016495566815137863,1.1300076246261597,0.7028457590090889,6.451028347015381,1.7909502983093262,6.4526777267456055,2.0729572772979736,6.847532272338867,4.1892969608306885,,,,,,
8789940000.0,116.04,8.100000381469727,6391222784.0,2387.4877158617837,941.0,0.0665283203125,15433728.0,31902.471936941147,0.001461970852687955,0.00885009765625,2.1455647945404053,-0.021169517189264297,0.5029516220092773,-0.02145564928650856,0.0002861339598894119,0.0,-0.021176517009735107,1.0006405115127563,0.7745454701463046,6.422155380249023,1.8681142330169678,6.400979042053223,2.1074090003967285,6.862443685531616,4.196662902832031,,,,,,
8789940000.0,131.7,7.5,6391222784.0,2385.392564460935,942.0,0.0433349609375,15450112.0,31909.340408086777,0.00119868665933609,0.00811767578125,2.1906509399414062,-0.02179138734936714,0.4639008641242981,-0.02190650999546051,0.00011512450873851776,0.0,-0.04468391835689545,0.962005615234375,0.7336082158590715,6.063529968261719,1.6148120164871216,6.018846035003662,1.8638759851455688,6.868471145629883,4.202332496643066,,,,,,
8789940000.0,152.24,7.300000190734863,6391222784.0,2401.1217130945884,943.0,0.0469970703125,15466496.0,31916.163885593414,0.0010663779685273767,0.006591796875,2.1672520637512207,-0.020984329283237457,0.5415081977844238,-0.02167251892387867,0.0006881933659315109,0.0,-0.07404978573322296,1.0397108793258667,0.7252661776392888,5.999777793884277,1.6798781156539917,5.9257283210754395,1.9836113452911377,6.823477506637573,4.206454277038574,,,,,,
8789940000.0,129.58,7.699999809265137,6391222784.0,2421.926949235186,944.0,0.0677490234375,15482880.0,31922.928746938705,0.0018666393589228392,0.01312255859375,2.1627092361450195,-0.02047131396830082,0.596057653427124,-0.021627092733979225,0.0011557750403881073,0.0,0.005744709633290768,1.0907450914382935,0.7582638458662104,6.3730854988098145,1.879320740699768,6.3788299560546875,2.2184641361236572,6.764861345291138,4.2000086307525635,,,,,,
8789940000.0,125.93,8.100000381469727,6391222784.0,2388.397995078931,945.0,0.06103515625,15499264.0,31929.788575172424,0.0017207144992426038,0.01092529296875,2.173243284225464,-0.021359644830226898,0.5121400356292725,-0.021732432767748833,0.0003727874718606472,0.0,0.0630214586853981,1.0140407085418701,0.7588911272578416,6.21421480178833,1.8222987651824951,6.277235984802246,2.0651347637176514,6.859828233718872,4.3132569789886475,,,,,,
8789940000.0,112.71,7.900000095367432,6391222784.0,2382.5300670511197,946.0,0.068359375,15515648.0,31936.665298461914,0.002118112286552787,0.0189208984375,2.1529526710510254,-0.020190393552184105,0.6268489360809326,-0.021529527381062508,0.0013391333632171154,0.0,0.0072268033400177956,1.117352843284607,0.7442233281320073,6.443482398986816,1.9301338195800781,6.450708866119385,2.2093257904052734,6.876723289489746,4.186593055725098,,,,,,
8789940000.0,117.06,8.5,6391222784.0,2397.0745399584066,947.0,0.0677490234375,15532032.0,31943.500296592712,0.003763464279472828,0.0355224609375,2.134664297103882,-0.01954512670636177,0.5925569534301758,-0.021346645429730415,0.0018015140667557716,0.0,0.06801678240299225,1.0874320268630981,0.7578096448651963,6.502089500427246,1.9806017875671387,6.570106029510498,2.2096498012542725,6.83499813079834,4.203999280929565,,,,,,
8789940000.0,115.89,7.800000190734863,6391222784.0,2380.482607587756,948.0,0.0579833984375,15548416.0,31950.382934570312,0.001660826033912599,0.01190185546875,2.1844077110290527,-0.02113226242363453,0.5243204236030579,-0.021844075992703438,0.0007118126377463341,0.0,-0.04907061904668808,1.0216691493988037,0.7691022576719279,6.440570831298828,1.8862522840499878,6.391499996185303,2.1261820793151855,6.882637977600098,4.195080995559692,,,,,,
8789940000.0,126.18,8.5,6391222784.0,2423.682917786582,949.0,0.0701904296875,15564800.0,31957.142894744873,0.0008903887937776744,0.0042724609375,2.136171579360962,-0.020936286076903343,0.6312942504882812,-0.021361716091632843,0.0004254337400197983,0.0,0.044651128351688385,1.1195780038833618,0.7323599979688796,6.668618202209473,1.8984582424163818,6.713268756866455,2.164107084274292,6.759960174560547,4.1902830600738525,,,,,,
8789940000.0,118.51,8.399999618530273,6391222784.0,2419.3323850736197,950.0,0.079345703125,15581184.0,31963.915010929108,0.0014442421961575747,0.01025390625,2.145397901535034,-0.02129104919731617,0.5101779699325562,-0.02145398035645485,0.00016293046064674854,0.0,0.05350130796432495,1.0071663856506348,0.785501913117651,6.744002342224121,1.944980502128601,6.797503471374512,2.1746509075164795,6.772116184234619,4.200736999511719,,,,,,
8789940000.0,115.07,7.199999809265137,6391222784.0,2379.1071237144433,951.0,0.0567626953125,15597568.0,31970.801628112793,0.0015731672756373882,0.01275634765625,2.1547093391418457,-0.02070002444088459,0.6596364378929138,-0.021547093987464905,0.0008470714092254639,0.0,-0.09602202475070953,1.140855073928833,0.7274837584362208,6.493291854858398,1.8750195503234863,6.397270202636719,2.1854164600372314,6.886617183685303,4.307146787643433,,,,,,
8789940000.0,146.52,8.100000381469727,6391222784.0,2363.2387007906905,952.0,0.059814453125,15613952.0,31977.734486818314,0.0014133292715996504,0.01214599609375,2.1888692378997803,-0.021758807823061943,0.46210867166519165,-0.021888690069317818,0.0001298855058848858,0.0,0.013541774824261665,0.9599047899246216,0.7828256304957089,6.331972122192383,1.7923530340194702,6.345513343811035,2.0597939491271973,6.93285870552063,4.21959662437439,,,,,,
8789940000.0,110.8,8.300000190734863,6391222784.0,2416.640367309626,953.0,0.0689697265625,15630336.0,31984.51414680481,0.0008449770975857973,0.0054931640625,2.132296562194824,-0.02165394276380539,0.584321141242981,-0.02132296748459339,-0.00033097853884100914,0.0,0.024737462401390076,1.0763407945632935,0.7591230565301378,6.436150074005127,1.871201753616333,6.460887432098389,2.1930689811706543,6.779659986495972,4.211724281311035,,,,,,
8789940000.0,115.64,7.599999904632568,6391222784.0,2423.6656506614872,954.0,0.062255859375,15646720.0,31991.274155139923,0.000952980830334127,0.00531005859375,2.1232552528381348,-0.020815303549170494,0.5913692712783813,-0.02123255282640457,0.00041725020855665207,0.0,-0.026680484414100647,1.084511399269104,0.7413099749320384,6.508488178253174,1.82253098487854,6.481807708740234,2.132279872894287,6.760008335113525,4.2068047523498535,,,,,,
8789940000.0,91.86,8.100000381469727,6391222784.0,2426.734852690917,955.0,0.0848388671875,15663104.0,31998.02561378479,0.0011000285157933831,0.00628662109375,2.082873821258545,-0.020662860944867134,0.7883202433586121,-0.020828738808631897,0.00016587600111961365,0.0,-0.032249707728624344,1.248856782913208,0.7067920084139152,6.681635856628418,1.9517146348953247,6.649386405944824,2.306347608566284,6.751458644866943,4.192927598953247,,,,,,
8789940000.0,94.74,7.699999809265137,6391222784.0,2436.1657060483485,956.0,0.0787353515625,15679488.0,32004.75093626976,0.0013255400117486715,0.0086669921875,2.121305465698242,-0.021072661504149437,0.73429274559021,-0.021213052794337273,0.000140391755849123,0.0,-0.022584594786167145,1.21103036403656,0.7269581137524026,6.5849504470825195,2.001866102218628,6.562365531921387,2.3176093101501465,6.725322484970093,4.198676824569702,,,,,,
8789940000.0,102.86,7.400000095367432,6391222784.0,2370.044776529149,957.0,0.0714111328125,15695872.0,32011.663885831833,0.0012228505220264196,0.00897216796875,2.0684564113616943,-0.020561153069138527,0.694894552230835,-0.020684562623500824,0.00012341048568487167,0.0,-0.021473437547683716,1.1762025356292725,0.7087989421682421,6.451472759246826,1.8274180889129639,6.429999351501465,2.179644823074341,6.912949562072754,4.354640245437622,,,,,,
8789940000.0,93.27,7.800000190734863,6391222784.0,2450.879385786118,958.0,0.0738525390625,15712256.0,32018.348833322525,0.0011759402696043253,0.00628662109375,2.0698440074920654,-0.02069600485265255,0.7230432629585266,-0.020698439329862595,2.4349428713321686e-06,0.0,-0.0492609441280365,1.2008593082427979,0.7319263930255695,6.496222496032715,1.9352185726165771,6.446961879730225,2.319343328475952,6.684947490692139,4.188737630844116,,,,,,
8789940000.0,111.51,7.400000095367432,6391222784.0,2350.6189195957354,959.0,0.062255859375,15728640.0,32025.318912506104,0.000907261623069644,0.003662109375,2.082156181335449,-0.020832251757383347,0.5386882424354553,-0.02082156017422676,-1.0691583156585693e-05,0.0,-0.023163175210356712,1.0378836393356323,0.7745445788551097,6.174373626708984,1.8749794960021973,6.151210784912109,2.185840606689453,6.970079183578491,4.289935350418091,,,,,,
,,,,,,,,,,,,,,,,,,,,,,,,,,0.021469783037900925,0.6611035466194153,0.6158424615859985,0.021469783037900925,0.6611035466194153,0.6158424615859985
,,,,,,,,,,,,,,,,,,,,,,,,,,0.019165774807333946,0.6081343293190002,0.5795900225639343,0.019165774807333946,0.6081343293190002,0.5795900225639343
,,,,,,,,,,,,,,,,,,,,,,,,,,0.018312593922019005,0.5788480043411255,0.5476129651069641,0.018312593922019005,0.5788480043411255,0.5476129651069641
,,,,,,,,,,,,,,,,,,,,,,,,,,0.01772031933069229,0.555500328540802,0.5234885215759277,0.01772031933069229,0.555500328540802,0.5234885215759277
,,,,,,,,,,,,,,,,,,,,,,,,,,0.018266165629029274,0.5380807518959045,0.5042927265167236,0.018266165629029274,0.5380807518959045,0.5042927265167236
,,,,,,,,,,,,,,,,,,,,,,,,,,0.01808597706258297,0.5207987427711487,0.48261696100234985,0.01808597706258297,0.5207987427711487,0.48261696100234985
8789940000.0,133.86,7.199999809265137,6188634112.0,18.54178857713419,960.0,0.0469970703125,15745024.0,32908.944563388824,0.0008941373671405017,0.00238037109375,2.141549587249756,-0.020801430568099022,0.5644298791885376,-0.02141549624502659,0.0006140649784356356,0.0,-0.07441416382789612,1.0575889348983765,0.7298062342012682,5.947245121002197,1.7886402606964111,5.872830867767334,2.0346004962921143,883.625650882721,4.187280893325806,,,,,,
8789940000.0,132.98,7.099999904632568,6391222784.0,2419.2723383145776,961.0,0.0457763671875,15761408.0,32915.71684765816,0.0010314210085198283,0.004150390625,2.1928229331970215,-0.02200101688504219,0.5698442459106445,-0.02192823216319084,-7.278658449649811e-05,0.0,-0.05318009853363037,1.0687227249145508,0.7311356055828827,5.837886333465576,1.7877564430236816,5.784706115722656,2.0610971450805664,6.772284269332886,4.192278623580933,,,,,,
8789940000.0,135.94,8.0,6391222784.0,2446.382858557482,962.0,0.057373046875,15777792.0,32922.41408228874,0.0014558472903445363,0.00787353515625,2.1863484382629395,-0.0213218592107296,0.47620996832847595,-0.021863482892513275,0.0005416236817836761,0.0,0.01463286392390728,0.9745450019836426,0.796422131053075,6.079851150512695,1.8884923458099365,6.094484329223633,2.1599159240722656,6.697234630584717,4.191654682159424,,,,,,
8789940000.0,143.02,8.199999809265137,6391222784.0,2456.0904102627906,963.0,0.0482177734375,15794176.0,32929.08484649658,0.0007496981415897608,0.0023193359375,2.1999716758728027,-0.021389145404100418,0.4465309679508209,-0.021999716758728027,0.00061056949198246,0.0,0.01237148605287075,0.9381481409072876,0.7728047843219285,5.98998498916626,1.756775140762329,6.00235652923584,1.9682122468948364,6.670764207839966,4.206777572631836,,,,,,
8789940000.0,154.73,7.800000190734863,6391222784.0,2453.186222527104,964.0,0.052490234375,15810560.0,32935.76350784302,0.0030027590692043304,0.02618408203125,2.179525852203369,-0.022307265549898148,0.49924448132514954,-0.021795257925987244,-0.0005120038986206055,0.0,0.005082771182060242,0.9937565922737122,0.7632685849030765,6.153234481811523,1.7916839122772217,6.1583170890808105,2.042452812194824,6.678661346435547,4.186140298843384,,,,,,
8789940000.0,187.12,7.300000190734863,6391222784.0,2416.570596329204,965.0,0.0341796875,15826944.0,32942.54336357117,0.0012251727748662233,0.00689697265625,2.185211658477783,-0.02246258035302162,0.3941762149333954,-0.021852118894457817,-0.0006104619242250919,0.0,-0.0170871764421463,0.890895664691925,0.7665716870801271,5.800235748291016,1.6255834102630615,5.783148765563965,1.84395432472229,6.779855728149414,4.201341152191162,,,,,,
8789940000.0,179.75,7.0,6391222784.0,2407.696922465507,966.0,0.03662109375,15843328.0,32949.3482067585,0.0015580728650093079,0.008056640625,2.245900869369507,-0.02285592071712017,0.4532122015953064,-0.022459007799625397,-0.00039691012352705,0.0,-0.08225499838590622,0.9520525336265564,0.7391074823682202,5.679571151733398,1.636461615562439,5.597316741943359,1.8639328479766846,6.804843187332153,4.200527667999268,,,,,,
8789940000.0,167.81,6.900000095367432,6391222784.0,2456.998945863628,967.0,0.035400390625,15859712.0,32956.01650428772,0.000944686122238636,0.0042724609375,2.2769227027893066,-0.02268459089100361,0.3932614028453827,-0.022769225761294365,8.463859558105469e-05,0.0,-0.07232730090618134,0.8888705968856812,0.7690730277136125,5.651850700378418,1.6212886571884155,5.579523086547852,1.8496980667114258,6.668297529220581,4.184638500213623,,,,,,
8789940000.0,205.95,7.300000190734863,6391222784.0,2413.9721411723576,968.0,0.0360107421875,15876096.0,32962.803658008575,0.0014257499715313315,0.01055908203125,2.2875583171844482,-0.021848788484930992,0.3920890986919403,-0.022875582799315453,0.0010267943143844604,0.0,-0.1023031622171402,0.8788347244262695,0.7656369452553649,5.42191743850708,1.5901739597320557,5.319614410400391,1.8153594732284546,6.787153720855713,4.190957069396973,,,,,,
8789940000.0,230.58,7.199999809265137,6391222784.0,2423.188764950663,969.0,0.0262451171875,15892480.0,32969.56499671936,0.001512399991042912,0.01123046875,2.2576050758361816,-0.022481001913547516,0.2645394206047058,-0.022576050832867622,9.504519402980804e-05,0.0,-0.007550232112407684,0.7294985055923462,0.8100083588503636,5.096323013305664,1.455833077430725,5.088772773742676,1.6736202239990234,6.761338710784912,4.198592901229858,,,,,,
8789940000.0,237.05,7.099999904632568,6391222784.0,2410.2314097912817,970.0,0.03173828125,15908864.0,32976.36268424988,0.0015111214015632868,0.0101318359375,2.200669765472412,-0.021652618423104286,0.3989422023296356,-0.022006699815392494,0.0003540823236107826,0.0,0.0036504073068499565,0.8998014330863953,0.7665995468587902,5.166965484619141,1.5682005882263184,5.170615196228027,1.862497091293335,6.797687530517578,4.184034824371338,,,,,,
8789940000.0,177.39,7.099999904632568,6391222784.0,2388.621397497365,971.0,0.047607421875,15925248.0,32983.2218708992,0.0012232728768140078,0.0089111328125,2.1733317375183105,-0.020748304203152657,0.4880584478378296,-0.021733315661549568,0.0009850133210420609,0.0,-0.03468061238527298,0.9870668649673462,0.7838051822521883,5.445644378662109,1.8454033136367798,5.410963535308838,2.122872829437256,6.85918664932251,4.193950891494751,,,,,,
8789940000.0,211.53,6.900000095367432,6391222784.0,2433.7472341590783,972.0,0.048828125,15941632.0,32989.95387649536,0.0010120877996087074,0.00634765625,2.1384050846099854,-0.02108074352145195,0.6192193627357483,-0.02138405106961727,0.0003033038228750229,0.0,-0.025667618960142136,1.1096436977386475,0.7468697952330027,5.538207054138184,1.9246846437454224,5.512539386749268,2.2055230140686035,6.732005596160889,4.193888187408447,,,,,,
8789940000.0,122.1,7.599999904632568,6391222784.0,2447.2249616567638,973.0,0.052490234375,15958016.0,32996.64880657196,0.0009919148869812489,0.00482177734375,2.2065045833587646,-0.021687887609004974,0.499109148979187,-0.022065045312047005,0.00037715910002589226,0.0,0.021730978041887283,1.0008573532104492,0.8062020952649566,5.456515789031982,2.0178887844085693,5.478246688842773,2.2735133171081543,6.694930076599121,4.216898679733276,,,,,,
8789940000.0,119.85,8.0,6391222784.0,2427.813655404062,974.0,0.05615234375,15974400.0,33003.39726519585,0.0011913563357666135,0.00567626953125,2.2316300868988037,-0.021936215460300446,0.44653791189193726,-0.022316301241517067,0.00038008997216820717,0.0,0.05403279513120651,0.9450331926345825,0.8341687031780953,5.4932861328125,2.0928409099578857,5.547319412231445,2.3206725120544434,6.748458623886108,4.234321594238281,,,,,,
8789940000.0,144.45,7.599999904632568,6391222784.0,2379.223924483578,975.0,0.057373046875,15990784.0,33010.28354430199,0.00112343009095639,0.006591796875,2.158013343811035,-0.021452955901622772,0.5792808532714844,-0.021580131724476814,0.00012717768549919128,0.0,0.0005438653752207756,1.0763908624649048,0.7915369498123872,5.6839447021484375,2.0905561447143555,5.684488773345947,2.3575198650360107,6.886279106140137,4.212970495223999,,,,,,
8789940000.0,150.16,7.599999904632568,6391222784.0,2400.2844573901207,976.0,0.05615234375,16007168.0,33017.1094019413,0.0011647712672129273,0.00653076171875,2.1544981002807617,-0.02178221195936203,0.5189776420593262,-0.021544981747865677,-0.00023723673075437546,0.0,-0.047123149037361145,1.0182161331176758,0.8083693777254782,5.594540119171143,2.0894250869750977,5.547416687011719,2.3259880542755127,6.825857639312744,4.232966661453247,,,,,,
8789940000.0,101.52,8.0,6391222784.0,2366.0606242233293,977.0,0.0537109375,16023552.0,33024.03399205208,0.0009356546797789633,0.00433349609375,2.1274454593658447,-0.021015679463744164,0.5650390982627869,-0.02127445675432682,0.0002587735652923584,0.0,0.012222742661833763,1.0556354522705078,0.7848974046957489,5.66263484954834,2.0485825538635254,5.6748576164245605,2.27609920501709,6.924590110778809,4.2012388706207275,,,,,,
8789940000.0,166.48,7.300000190734863,6391222784.0,2391.8291797724614,978.0,0.054931640625,16039936.0,33030.883979558945,0.0008293319842778146,0.003173828125,2.14847993850708,-0.020804332569241524,0.587640643119812,-0.021484797820448875,0.0006804652512073517,0.0,-0.03706489875912666,1.0803548097610474,0.7585942456377017,5.574189186096191,1.9786051511764526,5.537124156951904,2.198836088180542,6.849987506866455,4.197214126586914,,,,,,
8789940000.0,138.1,7.800000190734863,6391222784.0,2338.0161059643783,979.0,0.0543212890625,16056320.0,33037.89163017273,0.0015415010275319219,0.01080322265625,2.1869430541992188,-0.021503577008843422,0.5107077360153198,-0.02186943218111992,0.0003658514469861984,0.0,0.04843372106552124,1.0115708112716675,0.7933766140498435,5.471292018890381,1.9575326442718506,5.519725799560547,2.2253921031951904,7.00765061378479,4.213457822799683,,,,,,
8789940000.0,102.65,8.5,6391222784.0,2354.506421046926,980.0,0.068359375,16072704.0,33044.85020112991,0.0007927035912871361,0.003173828125,2.164475917816162,-0.021741166710853577,0.5755631327629089,-0.02164476178586483,-9.64081846177578e-05,0.0,0.08197031915187836,1.0691680908203125,0.7986698450867553,5.9848551750183105,2.1729249954223633,6.0668253898620605,2.382822036743164,6.958570957183838,4.202633619308472,,,,,,
8789940000.0,128.48,7.900000095367432,6391222784.0,2391.800708858278,981.0,0.0604248046875,16089088.0,33051.700270175934,0.0016895532608032227,0.01385498046875,2.1768836975097656,-0.020481500774621964,0.5885995030403137,-0.021768834441900253,0.0012873318046331406,0.0,0.039976567029953,1.0847525596618652,0.7773945107042632,5.971478462219238,2.0711653232574463,6.011455535888672,2.299126386642456,6.850069046020508,4.317553281784058,,,,,,
8789940000.0,157.74,7.400000095367432,6391222784.0,2412.0353031713134,982.0,0.0579833984375,16105472.0,33058.49287390709,0.0012242135126143694,0.00421142578125,2.1848978996276855,-0.021137557923793793,0.5655679702758789,-0.021848978474736214,0.0007114196196198463,0.0,0.022723231464624405,1.0664218664169312,0.7793789229861073,5.94926643371582,2.018714427947998,5.971989631652832,2.2704153060913086,6.7926037311553955,4.192587614059448,,,,,,
8789940000.0,109.96,7.699999809265137,6391222784.0,2335.035128954588,983.0,0.07080078125,16121856.0,33065.50947070122,0.0020005670376122,0.0179443359375,2.1626968383789062,-0.021394791081547737,0.6238313913345337,-0.021626969799399376,0.00023217778652906418,0.0,-0.028175313025712967,1.115333080291748,0.7891457627173248,6.211909770965576,2.1567137241363525,6.183733940124512,2.428920269012451,7.016596794128418,4.225464105606079,,,,,,
8789940000.0,131.51,7.199999809265137,6391222784.0,2323.867673530357,984.0,0.0628662109375,16138240.0,33072.559786081314,0.001029845792800188,0.00579833984375,2.1946120262145996,-0.021940266713500023,0.6992003321647644,-0.021946119144558907,5.8516161516308784e-06,0.0,-0.04111655429005623,1.1818269491195679,0.7364884866949393,5.92222785949707,2.0056371688842773,5.881111145019531,2.3022584915161133,7.0503153800964355,4.269179821014404,,,,,,
8789940000.0,109.33,7.900000095367432,6391222784.0,2408.246130796516,985.0,0.0634765625,16154624.0,33079.363077402115,0.0012312731705605984,0.0062255859375,2.205876350402832,-0.022013211622834206,0.5804879665374756,-0.02205876260995865,4.5552849769592285e-05,0.0,0.04442787170410156,1.0746500492095947,0.7841202542893488,6.07335901260376,2.069882392883301,6.1177873611450195,2.3129234313964844,6.803291320800781,4.188366889953613,,,,,,
8789940000.0,131.48,7.199999809265137,6391222784.0,2374.103226324445,986.0,0.0543212890625,16171008.0,33086.264209508896,0.001075083389878273,0.00628662109375,2.202446699142456,-0.022118492051959038,0.6601685285568237,-0.02202446572482586,-9.402632713317871e-05,0.0,-0.028634503483772278,1.139369249343872,0.7371667818160745,5.9522905349731445,1.9572559595108032,5.923656463623047,2.222411870956421,6.901132106781006,4.192867279052734,,,,,,
8789940000.0,116.06,7.699999809265137,6391222784.0,2351.2975752948732,987.0,0.0579833984375,16187392.0,33093.232276916504,0.0011176781263202429,0.00555419921875,2.1889736652374268,-0.021010946482419968,0.636459469795227,-0.021889738738536835,0.0008787922561168671,0.0,0.01420439314097166,1.115621566772461,0.750819393862189,5.896941184997559,1.9583752155303955,5.911145210266113,2.2349090576171875,6.968067407608032,4.213070869445801,,,,,,
8789940000.0,128.82,6.5,6391222784.0,2355.949064761323,988.0,0.050048828125,16203776.0,33100.18658685684,0.0022891024127602577,0.019287109375,2.1817116737365723,-0.022510329261422157,0.6524840593338013,-0.021817117929458618,-0.0006932113319635391,0.0,-0.06182803958654404,1.1384546756744385,0.7416572342505392,5.845869541168213,1.927384614944458,5.784041404724121,2.2398428916931152,6.954309940338135,4.196044683456421,,,,,,
8789940000.0,136.04,7.699999809265137,6391222784.0,2347.7665500097046,989.0,0.062255859375,16220160.0,33107.16513419151,0.002597741549834609,0.02276611328125,2.141228199005127,-0.01998809538781643,0.603514552116394,-0.021412281319499016,0.0014241859316825867,0.0,-0.0007301522418856621,1.0946704149246216,0.7535742091272334,5.907644271850586,1.8897464275360107,5.906914234161377,2.20516037940979,6.9785473346710205,4.206745386123657,,,,,,
8789940000.0,120.77,7.400000095367432,6391222784.0,2412.1735638085843,990.0,0.06103515625,16236544.0,33113.95734858513,0.0008280317997559905,0.00299072265625,2.1754891872406006,-0.02118096686899662,0.6090841293334961,-0.02175489254295826,0.0005739249754697084,0.0,-0.0018491130322217941,1.1058330535888672,0.7743219094433156,5.8937530517578125,2.0222256183624268,5.891903400421143,2.3277950286865234,6.792214393615723,4.191133499145508,,,,,,
8789940000.0,103.76,8.0,6391222784.0,2350.621733784178,991.0,0.064697265625,16252928.0,33120.92741942406,0.0014376507606357336,0.01068115234375,2.160320281982422,-0.021032271906733513,0.5822102427482605,-0.02160320244729519,0.000570930540561676,0.0,-0.011390851810574532,1.0799869298934937,0.7867544437285997,6.010969161987305,2.069516658782959,5.999578475952148,2.338721990585327,6.970070838928223,4.31713604927063,,,,,,
,,,,,,,,,,,,,,,,,,,,,,,,,,0.025422431528568268,0.5727068185806274,0.5281987190246582,0.025422431528568268,0.5727068185806274,0.5281987190246582
,,,,,,,,,,,,,,,,,,,,,,,,,,0.02323771081864834,0.5233168005943298,0.49496161937713623,0.02323771081864834,0.5233168005943298,0.49496161937713623
,,,,,,,,,,,,,,,,,,,,,,,,,,0.021254198625683784,0.494132936000824,0.46360325813293457,0.021254198625683784,0.494132936000824,0.46360325813293457
,,,,,,,,,,,,,,,,,,,,,,,,,,0.020925816148519516,0.47501999139785767,0.4440138041973114,0.020925816148519516,0.47501999139785767,0.4440138041973114
,,,,,,,,,,,,,,,,,,,,,,,,,,0.020722121000289917,0.45827147364616394,0.4282785952091217,0.020722121000289917,0.45827147364616394,0.4282785952091217
,,,,,,,,,,,,,,,,,,,,,,,,,,0.020515209063887596,0.436397522687912,0.40570858120918274,0.020515209063887596,0.436397522687912,0.40570858120918274
8789940000.0,107.1,7.5,6188634112.0,18.376587692173413,992.0,0.0537109375,16269312.0,34012.49664187431,0.001570159918628633,0.0108642578125,2.2073607444763184,-0.022044837474822998,0.6369932293891907,-0.02207360789179802,2.8774142265319824e-05,0.0,-0.028266489505767822,1.125430941581726,0.7478674278949824,5.762363433837891,1.968410849571228,5.734096527099609,2.2413222789764404,891.5692224502563,4.185914754867554,,,,,,
8789940000.0,166.46,7.099999904632568,6391222784.0,2386.3101958796387,993.0,0.0543212890625,16285696.0,34019.362471818924,0.0006284953560680151,0.00164794921875,2.217374801635742,-0.02240980789065361,0.5519639253616333,-0.022173747420310974,-0.0002360600046813488,0.0,0.005636976100504398,1.054279088973999,0.7774530641137758,5.515645503997803,1.9325330257415771,5.52128267288208,2.2348320484161377,6.865829944610596,4.210047006607056,,,,,,
8789940000.0,148.16,7.599999904632568,6391222784.0,2411.1751075572283,994.0,0.0567626953125,16302080.0,34026.15749883652,0.0009383275173604488,0.0045166015625,2.191824436187744,-0.022266555577516556,0.5676847696304321,-0.021918244659900665,-0.00034830905497074127,0.0,0.0575854629278183,1.05951988697052,0.7826405901292937,5.704924583435059,2.0192041397094727,5.762510299682617,2.2725839614868164,6.795027017593384,4.1794209480285645,,,,,,
8789940000.0,133.91,7.800000190734863,6391222784.0,2407.2682938807943,995.0,0.0604248046875,16318464.0,34032.96355366707,0.000759419403038919,0.00152587890625,2.184206008911133,-0.02184193581342697,0.551612913608551,-0.02184205874800682,1.2293457984924316e-07,0.0,0.022905023768544197,1.0452829599380493,0.7948238286863332,5.75758171081543,2.073134422302246,5.780486583709717,2.307652711868286,6.8060548305511475,4.19412899017334,,,,,,
8789940000.0,139.38,7.599999904632568,6391222784.0,2411.7772816220295,996.0,0.0592041015625,16334848.0,34039.75688409805,0.00141256267670542,0.00726318359375,2.168745756149292,-0.021673452109098434,0.5902369618415833,-0.021687457337975502,1.4003366231918335e-05,0.0,0.04362233355641365,1.0837262868881226,0.7824003800386192,5.903975486755371,2.102919340133667,5.947597503662109,2.3232204914093018,6.793330430984497,4.184858322143555,,,,,,
8789940000.0,125.5,7.099999904632568,6391222784.0,2372.429478323573,997.0,0.0543212890625,16351232.0,34046.66288495064,0.0008470342727378011,0.00323486328125,2.150987148284912,-0.02106376737356186,0.6331840753555298,-0.021509869024157524,0.00044610060285776854,0.0,0.002277834340929985,1.1169116497039795,0.7374398689723731,5.747096061706543,1.9119932651519775,5.749373912811279,2.1797380447387695,6.906000852584839,4.197595834732056,,,,,,
8789940000.0,124.95,7.599999904632568,6391222784.0,2372.557337848868,998.0,0.05859375,16367616.0,34053.56851363182,0.0012628110125660896,0.00616455078125,2.1452574729919434,-0.021336233243346214,0.6539703607559204,-0.02145257405936718,0.00011634454131126404,0.0,0.05231233313679695,1.1411099433898926,0.7395650394560942,5.893359184265137,1.957669973373413,5.945671558380127,2.2360315322875977,6.905628681182861,4.202577829360962,,,,,,
8789940000.0,131.9,7.199999809265137,6391222784.0,2372.9182201278936,999.0,0.052490234375,16384000.0,34060.47309207916,0.001337455352768302,0.01080322265625,2.1534225940704346,-0.02120829187333584,0.5828314423561096,-0.021534224972128868,0.00032593589276075363,0.0,-0.011543113738298416,1.0765419006347656,0.7488422286265369,5.727020263671875,1.815676212310791,5.715476989746094,2.148115634918213,6.904578447341919,4.205010652542114,,,,,,
8789940000.0,124.45,7.0,6391222784.0,2329.4483611399223,1000.0,0.064697265625,16400384.0,34067.50651693344,0.0014254613779485226,0.00921630859375,2.065512180328369,-0.020692957565188408,0.7064017057418823,-0.02065511979162693,-3.7834979593753815e-05,0.0,-0.013089809566736221,1.1874827146530151,0.7547461939545792,6.120419025421143,2.060948133468628,6.107329368591309,2.397836208343506,7.0334248542785645,4.1863720417022705,,,,,,
8789940000.0,115.31,8.0,6391222784.0,2318.1382487863666,1001.0,0.0689697265625,16416768.0,34074.57425761223,0.0013363314792513847,0.009765625,2.0603973865509033,-0.019956866279244423,0.5815114974975586,-0.020603973418474197,0.0006471071392297745,0.0,0.07557827979326248,1.0722763538360596,0.7845562989900912,6.1189165115356445,2.055628538131714,6.19449520111084,2.3101489543914795,7.0677406787872314,4.188139200210571,,,,,,
8789940000.0,114.59,8.199999809265137,6391222784.0,2343.623873605956,1002.0,0.067138671875,16433152.0,34081.56514048576,0.0008029565215110779,0.00531005859375,2.0094943046569824,-0.019858602434396744,0.6721770763397217,-0.020094942301511765,0.0002363421954214573,0.0,0.06978559494018555,1.159422755241394,0.7342674139265797,6.179445266723633,1.9980155229568481,6.249231338500977,2.2491562366485596,6.990882873535156,4.209566354751587,,,,,,
8789940000.0,141.83,7.699999809265137,6391222784.0,2384.9233360694916,1003.0,0.064697265625,16449536.0,34088.4349629879,0.001057193847373128,0.0078125,2.065032482147217,-0.01962875947356224,0.6013632416725159,-0.02065032534301281,0.001021568663418293,0.0,0.0008085295557975769,1.0971944332122803,0.7619168761561355,6.128941535949707,2.0279719829559326,6.129749774932861,2.2486367225646973,6.8698225021362305,4.209005117416382,,,,,,
8789940000.0,108.57,7.5,6391222784.0,2363.054230134831,1004.0,0.0701904296875,16465920.0,34095.368362903595,0.0009193009464070201,0.00543212890625,2.040856122970581,-0.019823171198368073,0.7493880391120911,-0.02040855959057808,0.0005853883922100067,0.0,-0.057095546275377274,1.2236950397491455,0.7272820303216361,6.397612571716309,2.0347900390625,6.340517520904541,2.34323787689209,6.93339991569519,4.201540946960449,,,,,,
8789940000.0,105.07,7.900000095367432,6391222784.0,2396.2433625436415,1005.0,0.0677490234375,16482304.0,34102.205731868744,0.001554219052195549,0.0123291015625,2.0851516723632812,-0.020663047209382057,0.6123866438865662,-0.020851517096161842,0.00018847128376364708,0.0,0.007043615914881229,1.1065895557403564,0.7523981748767744,6.340055465698242,1.9427834749221802,6.3470988273620605,2.2238705158233643,6.837368965148926,4.196730852127075,,,,,,
8789940000.0,87.66,8.5,6391222784.0,2395.3603251691543,1006.0,0.0750732421875,16498688.0,34109.04562139511,0.00197516568005085,0.0135498046875,2.089062213897705,-0.021271875128149986,0.5843979120254517,-0.020890619605779648,-0.0003812588984146714,0.0,0.02365894429385662,1.0796043872833252,0.7785989236027678,6.285553932189941,2.022218942642212,6.309212684631348,2.2944300174713135,6.8398895263671875,4.2161500453948975,,,,,,
8789940000.0,112.83,7.599999904632568,6391222784.0,2346.0086154340274,1007.0,0.0677490234375,16515072.0,34116.02939796448,0.0012492656242102385,0.0064697265625,2.093170404434204,-0.02071523852646351,0.6679873466491699,-0.020931705832481384,0.00021647149696946144,0.0,-0.08692984282970428,1.1551405191421509,0.7642197103463667,6.251096248626709,2.0717577934265137,6.164166450500488,2.378927230834961,6.983776569366455,4.192036867141724,,,,,,
8789940000.0,137.84,7.400000095367432,6391222784.0,2282.855176484951,1008.0,0.057373046875,16531456.0,34123.20637536049,0.0011847015703096986,0.00555419921875,2.146601676940918,-0.021368518471717834,0.5959405899047852,-0.02146601676940918,9.750202298164368e-05,0.0,-0.04891044646501541,1.0800774097442627,0.7710219003615165,6.079246520996094,1.9952235221862793,6.030336380004883,2.2571375370025635,7.1769773960113525,4.182599067687988,,,,,,
8789940000.0,139.62,7.900000095367432,6391222784.0,2304.741412249103,1009.0,0.059814453125,16547840.0,34130.315198898315,0.001185563043691218,0.00567626953125,2.1716058254241943,-0.02076084539294243,0.5292699337005615,-0.021716060116887093,0.0009552091360092163,0.0,0.01894642785191536,1.0360088348388672,0.7844279645296054,5.906691551208496,1.9531753063201904,5.925638198852539,2.231348752975464,7.108823537826538,4.186954736709595,,,,,,
8789940000.0,149.23,7.5,6391222784.0,2370.5775941800357,1010.0,0.0543212890625,16564224.0,34137.22659468651,0.0019739209674298763,0.01593017578125,2.1858091354370117,-0.02200799435377121,0.5591360330581665,-0.0218580923974514,-0.0001499038189649582,0.0,-0.025636114180088043,1.053669810295105,0.7585553166186675,5.961277961730957,1.911931037902832,5.935641288757324,2.1443495750427246,6.911395788192749,4.219934463500977,,,,,,
8789940000.0,122.24,8.399999618530273,6391222784.0,2343.7638349370604,1011.0,0.0518798828125,16580608.0,34144.21706008911,0.002434337977319956,0.02191162109375,2.210742950439453,-0.020880958065390587,0.39216476678848267,-0.022107427939772606,0.001226469874382019,0.0,0.025518443435430527,0.8834586143493652,0.8247499904640494,5.982359886169434,1.9187508821487427,6.007878303527832,2.110363483428955,6.990465402603149,4.279194593429565,,,,,,
8789940000.0,146.87,8.100000381469727,6391222784.0,2337.8981460653135,1012.0,0.0396728515625,16596992.0,34151.22506427765,0.0020696765277534723,0.0167236328125,2.229194164276123,-0.02151499316096306,0.38199594616889954,-0.022291943430900574,0.000776948407292366,0.0,-0.011734480038285255,0.8739606738090515,0.7885285603016213,5.913507461547852,1.7348954677581787,5.901772975921631,1.9004933834075928,7.008004188537598,4.202127933502197,,,,,,
8789940000.0,208.19,7.800000190734863,6391222784.0,2373.829147389521,1013.0,0.0445556640625,16613376.0,34158.12699317932,0.0008163330494426191,0.00384521484375,2.2200732231140137,-0.02208961360156536,0.41847243905067444,-0.022200731560587883,0.00011111889034509659,0.0,-0.029700135812163353,0.9112436771392822,0.8062945172821165,6.044092178344727,1.8586996793746948,6.014391899108887,2.070444107055664,6.901928901672363,4.207704305648804,,,,,,
8789940000.0,135.77,7.400000095367432,6391222784.0,2367.954329835049,1014.0,0.0537109375,16629760.0,34165.04604554176,0.0007371661486104131,0.00299072265625,2.186439037322998,-0.021112782880663872,0.5295571088790894,-0.02186439000070095,0.0007516071200370789,0.0,0.0007866848027333617,1.0244406461715698,0.7693972650880108,5.896294593811035,1.850117802619934,5.897080898284912,2.133312702178955,6.919052362442017,4.223824501037598,,,,,,
8789940000.0,195.99,7.199999809265137,6391222784.0,2394.716916517832,1015.0,0.045166015625,16646144.0,34171.88777279854,0.0023147149477154016,0.018798828125,2.225037097930908,-0.02073436975479126,0.5001548528671265,-0.02225036919116974,0.0015159985050559044,0.0,-0.01996476761996746,0.9947471618652344,0.7736419729326975,5.798739433288574,1.8319870233535767,5.778774738311768,2.090810537338257,6.841727256774902,4.216167211532593,,,,,,
8789940000.0,143.17,6.5,6391222784.0,2348.915000691486,1016.0,0.0469970703125,16662528.0,34178.862908124924,0.001134233083575964,0.00714111328125,2.21946382522583,-0.02144867554306984,0.6349056959152222,-0.02219463884830475,0.0007459628395736217,0.0,-0.05569123476743698,1.127381682395935,0.7308129640405898,5.911498069763184,1.8680875301361084,5.855807304382324,2.172921895980835,6.975135326385498,4.21626353263855,,,,,,
8789940000.0,131.32,8.199999809265137,6391222784.0,2321.977264385176,1017.0,0.0555419921875,16678912.0,34185.91896343231,0.0020851516164839268,0.017822265625,2.1978952884674072,-0.021524060517549515,0.467050701379776,-0.02197895385324955,0.0004548924043774605,0.0,0.02295042760670185,0.966289758682251,0.79668890950832,5.927581310272217,1.9032227993011475,5.950531959533691,2.14302396774292,7.056055307388306,4.288344383239746,,,,,,
8789940000.0,179.0,7.599999904632568,6391222784.0,2314.596892670429,1018.0,0.045166015625,16695296.0,34192.99751782417,0.002388367895036936,0.01983642578125,2.2218520641326904,-0.021510355174541473,0.47587335109710693,-0.022218521684408188,0.0007081641815602779,0.0,-0.01810508407652378,0.977310836315155,0.7757077211009356,5.7334136962890625,1.8272954225540161,5.715308666229248,2.0635995864868164,7.078554391860962,4.200682163238525,,,,,,
8789940000.0,131.87,8.100000381469727,6391222784.0,2293.1557966961755,1019.0,0.0506591796875,16711680.0,34200.142256975174,0.0018610120750963688,0.01397705078125,2.182766914367676,-0.02159932442009449,0.4608038365840912,-0.02182766981422901,0.0002283471403643489,0.0,0.03880562260746956,0.9589841365814209,0.7908091909121525,5.7679548263549805,1.8615813255310059,5.806760311126709,2.0967178344726562,7.144739151000977,4.208341598510742,,,,,,
8789940000.0,147.56,7.900000095367432,6391222784.0,2303.540991693345,1020.0,0.052490234375,16728064.0,34207.25478506088,0.001959586050361395,0.0135498046875,2.2076475620269775,-0.02061537280678749,0.4731571078300476,-0.022076472640037537,0.0014611007645726204,0.0,0.005467087030410767,0.972593367099762,0.8043157000633948,5.8253631591796875,1.9293464422225952,5.830829620361328,2.1986353397369385,7.112528085708618,4.1890623569488525,,,,,,
8789940000.0,157.83,7.5,6391222784.0,2291.057872889261,1021.0,0.045166015625,16744448.0,34214.40606665611,0.0011496745282784104,0.00653076171875,2.1835174560546875,-0.02121308073401451,0.4847099781036377,-0.021835174411535263,0.0006220955401659012,0.0,0.0006711445748806,0.9837284684181213,0.7721948432919303,5.869317054748535,1.843875765800476,5.869988441467285,2.0610735416412354,7.1512815952301025,4.21717381477356,,,,,,
8789940000.0,137.64,7.699999809265137,6391222784.0,2261.6280882919737,1022.0,0.0518798828125,16760832.0,34221.65040540695,0.0018803265411406755,0.01483154296875,2.215686798095703,-0.021576983854174614,0.462178498506546,-0.022156868129968643,0.0005798834608867764,0.0,-0.023941660299897194,0.9631529450416565,0.7946196133566645,5.7897539138793945,1.9122847318649292,5.765812397003174,2.125277280807495,7.244338750839233,4.211432695388794,,,,,,
8789940000.0,194.37,7.800000190734863,6391222784.0,2273.619962588212,1023.0,0.0439453125,16777216.0,34228.856534957886,0.0020012622699141502,0.0147705078125,2.208265542984009,-0.021132566034793854,0.408108115196228,-0.022082654759287834,0.0009500905871391296,0.0,0.010921860113739967,0.9036355018615723,0.8039291783777245,5.752054214477539,1.81936776638031,5.762976169586182,2.040735960006714,7.206129550933838,4.196911811828613,,,,,,
,,,,,,,,,,,,,,,,,,,,,,,,,,0.02661154791712761,0.5846509337425232,0.5423198342323303,0.02661154791712761,0.5846509337425232,0.5423198342323303
,,,,,,,,,,,,,,,,,,,,,,,,,,0.024411946535110474,0.5269469022750854,0.5028817653656006,0.024411946535110474,0.5269469022750854,0.5028817653656006
,,,,,,,,,,,,,,,,,,,,,,,,,,0.02311844751238823,0.49935653805732727,0.4744996130466461,0.02311844751238823,0.49935653805732727,0.4744996130466461
,,,,,,,,,,,,,,,,,,,,,,,,,,0.022980136796832085,0.4773332178592682,0.4527096152305603,0.022980136796832085,0.4773332178592682,0.4527096152305603
,,,,,,,,,,,,,,,,,,,,,,,,,,0.022613676264882088,0.461646169424057,0.43178775906562805,0.022613676264882088,0.461646169424057,0.43178775906562805
,,,,,,,,,,,,,,,,,,,,,,,,,,0.022247565910220146,0.4455353617668152,0.41444578766822815,0.022247565910220146,0.4455353617668152,0.41444578766822815
8789940000.0,130.27,8.399999618530273,6188634112.0,18.440006969012554,1024.0,0.0518798828125,16793600.0,35117.359452962875,0.000776906032115221,0.0035400390625,2.1553714275360107,-0.02131146378815174,0.3962133228778839,-0.02155371382832527,0.0002422519028186798,0.0,0.026902390643954277,0.8901692032814026,0.825862704974611,6.026986122131348,1.966209053993225,6.053888320922852,2.133176326751709,888.5029180049896,4.372830867767334,,,,,,
8789940000.0,200.59,7.599999904632568,6391222784.0,2380.0586670918847,1025.0,0.042724609375,16809984.0,35124.24331688881,0.0019565639086067677,0.0174560546875,2.127770185470581,-0.02046957239508629,0.5091452598571777,-0.02127770148217678,0.0008081283885985613,0.0,-0.007047693245112896,1.0093376636505127,0.7477521752476691,5.905323505401611,1.7885130643844604,5.898275852203369,2.0096616744995117,6.883863925933838,4.197254657745361,,,,,,
8789940000.0,142.84,7.900000095367432,6391222784.0,2434.6908078916185,1026.0,0.05859375,16826368.0,35130.97271347046,0.001460945000872016,0.01104736328125,2.063429117202759,-0.02057000994682312,0.5579794645309448,-0.02063428983092308,6.427895277738571e-05,0.0,0.02466806396842003,1.0534485578536987,0.7697098260417184,6.200998306274414,1.9502142667770386,6.225666046142578,2.1952064037323,6.72939658164978,4.18580436706543,,,,,,
8789940000.0,144.62,7.900000095367432,6391222784.0,2350.3358466704735,1027.0,0.050048828125,16842752.0,35137.943632125854,0.0014364385278895497,0.01025390625,2.0886147022247314,-0.020674116909503937,0.44395580887794495,-0.020886149257421494,0.0002120290882885456,0.0,-0.014119740575551987,0.9425092935562134,0.7792352947416135,5.986660003662109,1.7930641174316406,5.972540855407715,2.0059542655944824,6.970918655395508,4.210985422134399,,,,,,
8789940000.0,163.97,6.699999809265137,6391222784.0,2433.4689493619658,1028.0,0.0390625,16859136.0,35144.67640757561,0.003056811634451151,0.034912109375,2.095796585083008,-0.020450977608561516,0.5786677002906799,-0.02095796726644039,0.000506991520524025,0.0,-0.057372987270355225,1.0762461423873901,0.7283626360940356,5.903000831604004,1.8070178031921387,5.845627307891846,2.064983367919922,6.732775449752808,4.185474157333374,,,,,,
8789940000.0,168.54,7.900000095367432,6391222784.0,2425.560603174311,1029.0,0.0531005859375,16875520.0,35151.431134700775,0.0013492814032360911,0.00994873046875,2.0772042274475098,-0.020566709339618683,0.5089050531387329,-0.020772041752934456,0.000205332413315773,0.0,0.03510667011141777,1.005715250968933,0.7680028422811463,6.092283248901367,1.8359426259994507,6.127389907836914,2.08801531791687,6.754727125167847,4.208490610122681,,,,,,
8789940000.0,139.2,7.699999809265137,6391222784.0,2388.9810378053216,1030.0,0.0634765625,16891904.0,35158.28928875923,0.0008764750091359019,0.00384521484375,2.1142477989196777,-0.021074768155813217,0.5676735043525696,-0.02114247903227806,6.770715117454529e-05,0.0,-0.0020667300559580326,1.0664249658584595,0.7696018883153581,6.097072124481201,1.9818581342697144,6.095005512237549,2.221728801727295,6.858154058456421,4.1872522830963135,,,,,,
8789940000.0,126.6,7.800000190734863,6391222784.0,2431.7153846553983,1031.0,0.067138671875,16908288.0,35165.02691936493,0.002175112720578909,0.01531982421875,2.0633931159973145,-0.020470507442951202,0.6539629697799683,-0.02063393034040928,0.00016342196613550186,0.0,0.00022043962962925434,1.1433333158493042,0.7637688175997538,6.250945091247559,2.007824659347534,6.251165390014648,2.352363348007202,6.737630605697632,4.19128155708313,,,,,,
8789940000.0,113.3,7.300000190734863,6391222784.0,2445.872877921291,1032.0,0.0750732421875,16924672.0,35171.72555041313,0.0016816311981528997,0.01123046875,2.0168845653533936,-0.02001432701945305,0.6908931732177734,-0.020168844610452652,0.00015451875515282154,0.0,-0.044084444642066956,1.1738582849502563,0.7550753779582455,6.577558517456055,2.0634024143218994,6.533473968505859,2.3719165325164795,6.698631048202515,4.1996142864227295,,,,,,
8789940000.0,121.59,7.699999809265137,6391222784.0,2382.0349637005543,1033.0,0.0762939453125,16941056.0,35178.603703022,0.0010624313727021217,0.00555419921875,2.0331058502197266,-0.020024528726935387,0.7005460262298584,-0.02033105678856373,0.0003065280616283417,0.0,0.01746574230492115,1.1827508211135864,0.7452495272559221,6.478207588195801,2.0684337615966797,6.495673179626465,2.3433423042297363,6.87815260887146,4.2051331996917725,,,,,,
8789940000.0,91.13,8.199999809265137,6391222784.0,2399.0749364722074,1034.0,0.0799560546875,16957440.0,35185.43300199509,0.0009532456751912832,0.004150390625,2.013103485107422,-0.020290140062570572,0.6620276570320129,-0.020131034776568413,-0.00015910528600215912,0.0,0.08946140110492706,1.148089051246643,0.7584863489728325,6.473708152770996,2.085420608520508,6.563169479370117,2.336172580718994,6.829298973083496,4.199044227600098,,,,,,
8789940000.0,99.47,8.300000190734863,6391222784.0,2391.873885470345,1035.0,0.078125,16973824.0,35192.282861471176,0.0011573083465918899,0.005615234375,2.0637073516845703,-0.02084042690694332,0.5372691750526428,-0.02063707448542118,-0.00020335055887699127,0.0,0.05146544426679611,1.032823920249939,0.7868919913340071,6.472555637359619,2.0130531787872314,6.524021148681641,2.2373108863830566,6.8498594760894775,4.206588983535767,,,,,,
8789940000.0,125.72,7.099999904632568,6391222784.0,2406.7337763386918,1036.0,0.0640869140625,16990208.0,35199.09042787552,0.0015074536204338074,0.0096435546875,2.066950798034668,-0.020329119637608528,0.6464465260505676,-0.02066950500011444,0.000340387225151062,0.0,-0.08551308512687683,1.135379433631897,0.752502548997597,6.289608955383301,1.9977930784225464,6.204095840454102,2.282209634780884,6.807566404342651,4.198902368545532,,,,,,
8789940000.0,90.64,7.699999809265137,6391222784.0,2430.0334311070906,1037.0,0.069580078125,17006592.0,35205.832721948624,0.0012579649919643998,0.00653076171875,2.0343923568725586,-0.020193852484226227,0.6279869079589844,-0.020343923941254616,0.00015007704496383667,0.0,-0.03882148861885071,1.1168491840362549,0.7630650016685775,6.255298137664795,1.9436922073364258,6.2164764404296875,2.294457197189331,6.742294073104858,4.201678514480591,,,,,,
8789940000.0,119.14,7.400000095367432,6391222784.0,2325.327846347988,1038.0,0.0628662109375,17022976.0,35212.878610134125,0.0015985127538442612,0.01043701171875,2.0943944454193115,-0.019946223124861717,0.6696764826774597,-0.02094394341111183,0.0009977207519114017,0.0,-0.006458864081650972,1.1556240320205688,0.7342127766940043,6.16783332824707,1.9607107639312744,6.161374568939209,2.2415549755096436,7.045888185501099,4.203832149505615,,,,,,
8789940000.0,101.71,7.099999904632568,6391222784.0,2344.8474020926624,1039.0,0.0726318359375,17039360.0,35219.8658452034,0.0012486603809520602,0.00946044921875,2.0810928344726562,-0.020471561700105667,0.7551855444908142,-0.02081092819571495,0.0003393711522221565,0.0,0.02150522731244564,1.2291808128356934,0.7341498199512109,6.3115644454956055,2.1174798011779785,6.333069324493408,2.383951425552368,6.987235069274902,4.204943418502808,,,,,,
8789940000.0,134.08,7.5,6391222784.0,2415.8925574931086,1040.0,0.078125,17055744.0,35226.64760375023,0.001627167221158743,0.0123291015625,2.094118118286133,-0.02118547260761261,0.6715235710144043,-0.020941179245710373,-0.00024429429322481155,0.0,0.048788510262966156,1.1572387218475342,0.7473647302789714,6.313849449157715,2.028752088546753,6.362637519836426,2.302372932434082,6.781758546829224,4.198984622955322,,,,,,
8789940000.0,107.35,8.100000381469727,6391222784.0,2407.633149871365,1041.0,0.064697265625,17072128.0,35233.45262718201,0.0016398795414716005,0.01019287109375,2.125692367553711,-0.020679811015725136,0.5498123168945312,-0.02125692367553711,0.0005771126598119736,0.0,0.09052668511867523,1.0482468605041504,0.7676983413278997,6.247466564178467,1.9533703327178955,6.337993144989014,2.1748898029327393,6.805023431777954,4.216965198516846,,,,,,
8789940000.0,114.78,8.399999618530273,6391222784.0,2396.176435384947,1042.0,0.068359375,17088512.0,35240.29018712044,0.0014360725181177258,0.01043701171875,2.1405932903289795,-0.02060484141111374,0.49030524492263794,-0.021405931562185287,0.0008010901510715485,0.0,0.011881373822689056,0.9947496056556702,0.7833229285137221,6.334784030914307,1.9487119913101196,6.346665382385254,2.1370131969451904,6.837559938430786,4.224100112915039,,,,,,
8789940000.0,120.49,7.900000095367432,6391222784.0,2342.6947657180012,1043.0,0.0518798828125,17104896.0,35247.28384256363,0.0017075430369004607,0.0140380859375,2.1334497928619385,-0.02118854969739914,0.5061567425727844,-0.02133449912071228,0.00014595035463571548,0.0,-0.016272664070129395,1.0043443441390991,0.766643513884176,6.214329719543457,1.8507190942764282,6.198056697845459,2.079087257385254,6.993655443191528,4.333150148391724,,,,,,
8789940000.0,141.03,7.300000190734863,6391222784.0,2427.6511263546217,1044.0,0.047607421875,17121280.0,35254.03275299072,0.0019415946444496512,0.01617431640625,2.2090559005737305,-0.021889520809054375,0.48475897312164307,-0.02209055796265602,0.0002010413445532322,0.0,-0.07315173745155334,0.9786654710769653,0.7551761927035369,6.128339767456055,1.7005321979522705,6.055188179016113,1.9779157638549805,6.748910427093506,4.205027103424072,,,,,,
8789940000.0,168.28,7.099999904632568,6391222784.0,2407.5759598626846,1045.0,0.04638671875,17137664.0,35260.8379380703,0.0011698395246639848,0.007568359375,2.2140464782714844,-0.022041818127036095,0.5154164433479309,-0.022140461951494217,9.864429011940956e-05,0.0,-0.12334883958101273,1.008867621421814,0.7432253799748736,6.014693260192871,1.7213318347930908,5.8913445472717285,1.9909396171569824,6.805185079574585,4.201853036880493,,,,,,
8789940000.0,139.43,8.300000190734863,6391222784.0,2345.9797833174853,1046.0,0.0518798828125,17154048.0,35267.82180047035,0.0016502339858561754,0.0120849609375,2.169773578643799,-0.0211004801094532,0.42375272512435913,-0.02169773355126381,0.0005972478538751602,0.0,0.036165863275527954,0.9157557487487793,0.7943210204474755,6.045553207397461,1.782286286354065,6.081719398498535,2.0192251205444336,6.983862400054932,4.197919845581055,,,,,,
8789940000.0,169.59,7.300000190734863,6391222784.0,2393.996205319903,1047.0,0.0408935546875,17170432.0,35274.66558742523,0.001843000529333949,0.01544189453125,2.2393088340759277,-0.022423766553401947,0.4289289116859436,-0.022393086925148964,-3.068055957555771e-05,0.0,-0.07488596439361572,0.9251939058303833,0.7569941581433941,5.926810264587402,1.6526050567626953,5.851923942565918,1.8768272399902344,6.843786954879761,4.223817825317383,,,,,,
8789940000.0,164.02,8.399999618530273,6391222784.0,2421.498785823356,1048.0,0.045166015625,17186816.0,35281.431644916534,0.0025063613429665565,0.02044677734375,2.249555826187134,-0.02145599201321602,0.31817370653152466,-0.022495556622743607,0.0010395627468824387,0.0,0.02420336753129959,0.7975521683692932,0.8214351336718201,5.809638977050781,1.6651217937469482,5.8338422775268555,1.887387752532959,6.76605749130249,4.3095433712005615,,,,,,
8789940000.0,220.36,7.300000190734863,6391222784.0,2357.8647977266332,1049.0,0.0335693359375,17203200.0,35288.38030457497,0.0018640327034518123,0.012939453125,2.2481627464294434,-0.022845197468996048,0.3916768431663513,-0.022481625899672508,-0.00036357203498482704,0.0,-0.07735751569271088,0.8805645704269409,0.7679299788637248,5.627495288848877,1.6051291227340698,5.550137996673584,1.8278964757919312,6.948659658432007,4.201625347137451,,,,,,
8789940000.0,204.07,7.5,6391222784.0,2374.4675326928004,1050.0,0.03173828125,17219584.0,35295.28037786484,0.0015896160621196032,0.01092529296875,2.248939037322998,-0.022885695099830627,0.3380846381187439,-0.022489389404654503,-0.0003963066264986992,0.0,-0.006505913566797972,0.8246375918388367,0.7856732021097548,5.616397857666016,1.5916060209274292,5.609891414642334,1.7812491655349731,6.900073289871216,4.192864418029785,,,,,,
8789940000.0,173.09,7.900000095367432,6391222784.0,2405.192424944177,1051.0,0.0469970703125,17235968.0,35302.09230685234,0.002805613912642002,0.0286865234375,2.2186479568481445,-0.02199406921863556,0.3920691907405853,-0.02218647673726082,0.0001924079842865467,0.0,-0.02317761816084385,0.8841179609298706,0.7989664672729517,5.694767475128174,1.7531994581222534,5.6715898513793945,1.9718600511550903,6.811928987503052,4.2551844120025635,,,,,,
8789940000.0,222.48,7.5,6391222784.0,2359.9653398400005,1052.0,0.028076171875,17252352.0,35309.03478169441,0.0016071434365585446,0.01275634765625,2.1902294158935547,-0.02103297971189022,0.3324458599090576,-0.02190229296684265,0.0008693160489201546,0.0,-0.0406440868973732,0.8183988928794861,0.7750572912847893,5.448148250579834,1.5074101686477661,5.407504558563232,1.7255566120147705,6.942474842071533,4.306940793991089,,,,,,
8789940000.0,285.12,6.5,6391222784.0,2415.3151525591375,1053.0,0.02197265625,17268736.0,35315.81816148758,0.003597648348659277,0.03680419921875,2.173099994659424,-0.021630963310599327,0.33197343349456787,-0.021731002256274223,0.00010003941133618355,0.0,-0.10794511437416077,0.8160472512245178,0.7631650670674309,5.302380084991455,1.4880142211914062,5.194435119628906,1.6768434047698975,6.783379793167114,4.176077842712402,,,,,,
8789940000.0,232.85,7.099999904632568,6391222784.0,2407.439828207261,1054.0,0.0274658203125,17285120.0,35322.62373137474,0.003874469082802534,0.0364990234375,2.1972994804382324,-0.0210706926882267,0.2509441077709198,-0.02197299338877201,0.0009023034945130348,0.0,-0.011848235502839088,0.7079015970230103,0.8306891541468486,5.079686164855957,1.511299967765808,5.067837715148926,1.7204035520553589,6.805569887161255,4.217858552932739,,,,,,
8789940000.0,245.41,7.599999904632568,6391222784.0,2357.0702058294987,1055.0,0.028076171875,17301504.0,35329.57473349571,0.0019869841635227203,0.01708984375,2.1811556816101074,-0.021535567939281464,0.2634418308734894,-0.021811557933688164,0.0002759881317615509,0.0,-0.04216379672288895,0.7276240587234497,0.8253462791167558,5.120593070983887,1.5301352739334106,5.078429222106934,1.741078495979309,6.95100212097168,4.3168699741363525,,,,,,
,,,,,,,,,,,,,,,,,,,,,,,,,,0.025683807209134102,0.5516539216041565,0.5100377798080444,0.025683807209134102,0.5516539216041565,0.5100377798080444
,,,,,,,,,,,,,,,,,,,,,,,,,,0.02262331359088421,0.4974915087223053,0.4742825925350189,0.02262331359088421,0.4974915087223053,0.4742825925350189
,,,,,,,,,,,,,,,,,,,,,,,,,,0.022151919081807137,0.47110873460769653,0.446050226688385,0.022151919081807137,0.47110873460769653,0.446050226688385
,,,,,,,,,,,,,,,,,,,,,,,,,,0.021390730515122414,0.4465881586074829,0.4204397201538086,0.021390730515122414,0.4465881586074829,0.4204397201538086
,,,,,,,,,,,,,,,,,,,,,,,,,,0.02160985954105854,0.4294680953025818,0.4011409878730774,0.02160985954105854,0.4294680953025818,0.4011409878730774
,,,,,,,,,,,,,,,,,,,,,,,,,,0.02173343487083912,0.41246357560157776,0.3845725655555725,0.02173343487083912,0.41246357560157776,0.3845725655555725
8789940000.0,275.78,6.900000095367432,6188634112.0,18.45278366954319,1056.0,0.0201416015625,17317888.0,36217.46245241165,0.0008044407004490495,0.00360107421875,2.213547706604004,-0.021316174417734146,0.304018497467041,-0.022135473787784576,0.000819298904389143,0.0,-0.12299887835979462,0.7767894268035889,0.7746704782692647,5.338405609130859,1.4679737091064453,5.215406894683838,1.636418342590332,887.8877189159393,4.187041759490967,,,,,,
8789940000.0,292.25,6.400000095367432,6391222784.0,2420.9530692630715,1057.0,0.0225830078125,17334272.0,36224.230035066605,0.0028371047228574753,0.02996826171875,2.2198657989501953,-0.021975019946694374,0.3596597909927368,-0.02219865843653679,0.00022363848984241486,0.0,-0.047835953533649445,0.849090039730072,0.7389502628572078,5.24675178527832,1.435840129852295,5.198915958404541,1.6618506908416748,6.767582654953003,4.192425966262817,,,,,,
8789940000.0,225.06,7.199999809265137,6391222784.0,2401.9760085789503,1058.0,0.042724609375,17350656.0,36231.051085710526,0.0011010841699317098,0.00689697265625,2.1399950981140137,-0.021290427073836327,0.4286142587661743,-0.021399950608611107,0.00010952446609735489,0.0,-0.03112287074327469,0.9282068014144897,0.7962647866672936,5.59815788269043,1.7959119081497192,5.567034721374512,2.056420087814331,6.821050643920898,4.193853855133057,,,,,,
8789940000.0,193.69,7.300000190734863,6391222784.0,2399.1968053571486,1059.0,0.0335693359375,17367040.0,36237.88003778458,0.001718292012810707,0.0125732421875,2.220127820968628,-0.021575462073087692,0.4195901155471802,-0.022201277315616608,0.0006258140783756971,0.0,-0.05184844881296158,0.9190545082092285,0.7538416030976489,5.506750583648682,1.6571252346038818,5.454902648925781,1.8523972034454346,6.828952074050903,4.197307109832764,,,,,,
8789940000.0,168.89,7.900000095367432,6391222784.0,2403.6242093810474,1060.0,0.0439453125,17383424.0,36244.69641113281,0.0021289761643856764,0.01873779296875,2.263772964477539,-0.02340688742697239,0.36604008078575134,-0.02263772487640381,-0.0007691597566008568,0.0,0.016949709504842758,0.8567062020301819,0.819478259678919,5.514418601989746,1.797522783279419,5.531368255615234,2.0163562297821045,6.816373348236084,4.19084358215332,,,,,,
8789940000.0,191.79,7.199999809265137,6391222784.0,2395.1345752437674,1061.0,0.045166015625,17399808.0,36251.53694534302,0.001759059028699994,0.00885009765625,2.2256453037261963,-0.022858528420329094,0.5436170101165771,-0.022256450727581978,-0.0006020814180374146,0.0,-0.005703895352780819,1.0407158136367798,0.7566570057555526,5.626602649688721,1.875207543373108,5.620898246765137,2.109708786010742,6.840534210205078,4.191941499710083,,,,,,
8789940000.0,174.4,7.699999809265137,6391222784.0,2377.6882271324043,1062.0,0.0494384765625,17416192.0,36258.42767214775,0.0008831217419356108,0.00421142578125,2.1978487968444824,-0.022048231214284897,0.48852500319480896,-0.021978486329317093,-6.974395364522934e-05,0.0,-0.008681927807629108,0.989273190498352,0.7812014025158545,5.576816082000732,1.8746302127838135,5.568134307861328,2.114919662475586,6.890726804733276,4.191216468811035,,,,,,
8789940000.0,138.5,7.5,6391222784.0,2327.762369422698,1063.0,0.0396728515625,17432576.0,36265.46619129181,0.001873683650046587,0.0140380859375,2.182015895843506,-0.02200656570494175,0.4476841688156128,-0.02182016149163246,-0.00018641119822859764,0.0,-0.01492941565811634,0.9387965798377991,0.7720927153495378,5.330638885498047,1.7303987741470337,5.315709590911865,1.966492772102356,7.0385191440582275,4.193214178085327,,,,,,
8789940000.0,153.33,7.5,6391222784.0,2286.393864485881,1064.0,0.047607421875,17448960.0,36272.63206076622,0.0007783483597449958,0.00384521484375,2.1870598793029785,-0.02146383374929428,0.478458434343338,-0.021870598196983337,0.00040676258504390717,0.0,-0.011258303187787533,0.9775722622871399,0.7871880309769568,5.55549430847168,1.8567891120910645,5.544235706329346,2.119096517562866,7.165869474411011,4.206610918045044,,,,,,
8789940000.0,135.26,7.400000095367432,6391222784.0,2371.922107721497,1065.0,0.0579833984375,17465344.0,36279.53953886032,0.001499515725299716,0.01080322265625,2.153226137161255,-0.021014660596847534,0.6015716791152954,-0.02153226174414158,0.0005176011472940445,0.0,-0.022831512615084648,1.0940250158309937,0.7780907783267336,5.6478118896484375,2.0177533626556396,5.6249799728393555,2.3224127292633057,6.907478094100952,4.2090301513671875,,,,,,
8789940000.0,129.05,8.0,6391222784.0,2383.972200285718,1066.0,0.0518798828125,17481728.0,36286.41210222244,0.000953560636844486,0.0052490234375,2.1662983894348145,-0.021359674632549286,0.5188371539115906,-0.021662985906004906,0.0003033112734556198,0.0,0.07171785086393356,1.0137255191802979,0.7848225275952045,5.562589645385742,1.9743497371673584,5.634307384490967,2.185354709625244,6.872563362121582,4.184091806411743,,,,,,
8789940000.0,156.19,7.599999904632568,6391222784.0,2414.48027182083,1067.0,0.0579833984375,17498112.0,36293.19782757759,0.0016411191318184137,0.00970458984375,2.1495094299316406,-0.021405529230833054,0.5692814588546753,-0.021495092660188675,8.956505917012691e-05,0.0,0.010946128517389297,1.0663130283355713,0.774860417707997,5.688120365142822,2.013991355895996,5.699066638946533,2.2472877502441406,6.785725355148315,4.174920558929443,,,,,,
8789940000.0,144.32,7.400000095367432,6391222784.0,2387.3871049820477,1068.0,0.06103515625,17514496.0,36300.06056046486,0.0012423824518918991,0.007568359375,2.1535658836364746,-0.02164951153099537,0.6427247524261475,-0.021535657346248627,-0.00011385045945644379,0.0,-0.0062382761389017105,1.1330152750015259,0.755737434977344,5.8257036209106445,1.977396011352539,5.819465160369873,2.2924885749816895,6.862732887268066,4.231592893600464,,,,,,
8789940000.0,101.47,8.0,6391222784.0,2405.1018484041424,1069.0,0.069580078125,17530880.0,36306.87274599075,0.002014060504734516,0.0164794921875,2.1194522380828857,-0.0209359060972929,0.631769061088562,-0.021194519475102425,0.0002586115151643753,0.0,0.07075344771146774,1.1213164329528809,0.773897168196694,6.026506423950195,2.1179158687591553,6.097260475158691,2.358171224594116,6.812185525894165,4.178627967834473,,,,,,
8789940000.0,134.24,7.599999904632568,6391222784.0,2346.4008827068906,1070.0,0.0634765625,17547264.0,36313.85535502434,0.0018821140984073281,0.01239013671875,2.1421144008636475,-0.021057717502117157,0.7028181552886963,-0.021421143785119057,0.000363426748663187,0.0,0.03876713290810585,1.1820822954177856,0.7445231621615903,5.9053120613098145,2.0758352279663086,5.9440789222717285,2.338685989379883,6.982609033584595,4.240045547485352,,,,,,
8789940000.0,102.23,7.0,6391222784.0,2335.5932001908186,1071.0,0.0701904296875,17563648.0,36320.87027525902,0.0023984978906810284,0.02081298828125,2.101853132247925,-0.020380649715662003,0.7647963166236877,-0.021018531173467636,0.0006378833204507828,0.0,-0.03923493251204491,1.2354257106781006,0.7238706463114176,5.998908042907715,2.0275142192840576,5.959672927856445,2.3510425090789795,7.014920234680176,4.348703861236572,,,,,,
8789940000.0,101.6,7.5,6391222784.0,2405.1111077745422,1072.0,0.0738525390625,17580032.0,36327.68243455887,0.0016191527247428894,0.010498046875,2.126556158065796,-0.02159118838608265,0.6847653388977051,-0.021265560761094093,-0.0003256276249885559,0.0,0.0654885545372963,1.1682733297348022,0.7761175257415522,6.091170310974121,2.158323287963867,6.15665864944458,2.4690756797790527,6.812159299850464,4.215861558914185,,,,,,
8789940000.0,106.44,7.300000190734863,6391222784.0,2421.4696041938255,1073.0,0.0726318359375,17596416.0,36334.448573589325,0.0014582385774701834,0.00811767578125,2.1070313453674316,-0.020672693848609924,0.7033572196960449,-0.021070310845971107,0.0003976188600063324,0.0,0.03902053087949753,1.1886556148529053,0.7586954821759393,6.081927299499512,2.130584478378296,6.12094783782959,2.419764757156372,6.766139030456543,4.188704490661621,,,,,,
8789940000.0,123.47,7.599999904632568,6391222784.0,2326.503985607254,1074.0,0.0750732421875,17612800.0,36341.490899801254,0.0024864934384822845,0.01947021484375,2.058502197265625,-0.01943756639957428,0.7237804532051086,-0.020585021004080772,0.0011474480852484703,0.0,0.08952882140874863,1.203407883644104,0.7456864741171023,6.227858543395996,2.086963653564453,6.317387580871582,2.386317253112793,7.042326211929321,4.351320743560791,,,,,,
8789940000.0,81.04,7.699999809265137,6391222784.0,2342.44920936965,1075.0,0.0750732421875,17629184.0,36348.48528838158,0.0011700059985741973,0.0069580078125,2.053799629211426,-0.019747745245695114,0.874165952205658,-0.020537998527288437,0.0007902532815933228,0.0,-0.017316192388534546,1.3225505352020264,0.7019302635993381,6.64394998550415,2.1234893798828125,6.626633644104004,2.422441244125366,6.994388580322266,4.210226535797119,,,,,,
8789940000.0,131.24,7.599999904632568,6391222784.0,2412.5637932082864,1076.0,0.0848388671875,17645568.0,36355.27640414238,0.0020842370577156544,0.01837158203125,2.0710861682891846,-0.019637273624539375,0.7827998399734497,-0.020710865035653114,0.0010735951364040375,0.0,0.027169400826096535,1.2531490325927734,0.7337016072020893,6.41884708404541,2.124030351638794,6.446016311645508,2.4283900260925293,6.791115760803223,4.181717157363892,,,,,,
8789940000.0,109.04,8.0,6391222784.0,2408.1824978887944,1077.0,0.0897216796875,17661952.0,36362.07987523079,0.001561828888952732,0.01092529296875,2.0177574157714844,-0.019960571080446243,0.731559157371521,-0.0201775711029768,0.00021699955686926842,0.0,0.09413331001996994,1.2107996940612793,0.7576573433337703,6.686931610107422,2.1597402095794678,6.781064987182617,2.4595587253570557,6.803471088409424,4.39465594291687,,,,,,
8789940000.0,78.94,7.599999904632568,6391222784.0,2413.0015965540165,1078.0,0.0933837890625,17678336.0,36368.869758844376,0.0019406072096899152,0.01495361328125,2.0201964378356934,-0.019744539633393288,0.8199877142906189,-0.02020196244120598,0.00045742292422801256,0.0,0.03756655007600784,1.2784943580627441,0.7329166024163567,6.710057258605957,2.2078115940093994,6.747623443603516,2.4738612174987793,6.789883613586426,4.199659109115601,,,,,,
8789940000.0,94.62,8.199999809265137,6391222784.0,2402.4569272237045,1079.0,0.086669921875,17694720.0,36375.689444065094,0.0011374435853213072,0.00543212890625,1.9994065761566162,-0.019670238718390465,0.824518084526062,-0.019994065165519714,0.00032382458448410034,0.0,0.012050308287143707,1.2824575901031494,0.7158025416991963,6.716206073760986,2.14371395111084,6.7282562255859375,2.4056529998779297,6.819685220718384,4.238623142242432,,,,,,
8789940000.0,95.54,7.599999904632568,6391222784.0,2397.6508681833598,1080.0,0.091552734375,17711104.0,36382.522799253464,0.0007960959919728339,0.00445556640625,1.9998332262039185,-0.019742213189601898,0.7897638082504272,-0.01999833434820175,0.0002561192959547043,0.0,-0.020178979262709618,1.2593106031417847,0.7198681500923237,6.767761707305908,2.0636703968048096,6.74758243560791,2.3793118000030518,6.833355188369751,4.240753173828125,,,,,,
8789940000.0,92.92,7.199999809265137,6391222784.0,2350.967528211141,1081.0,0.0732421875,17727488.0,36389.4918448925,0.001294703222811222,0.00860595703125,1.979853630065918,-0.018668685108423233,0.7646753787994385,-0.019798535853624344,0.001129846554249525,0.0,-0.0437411367893219,1.240348219871521,0.6991729002048597,6.441425800323486,1.876112461090088,6.3976850509643555,2.2614407539367676,6.969045639038086,4.182405948638916,,,,,,
8789940000.0,95.56,8.600000381469727,6391222784.0,2393.180495834417,1082.0,0.0811767578125,17743872.0,36396.33796453476,0.001293929759413004,0.00848388671875,1.9948338270187378,-0.019520778208971024,0.578161895275116,-0.019948337227106094,0.0004275580868124962,0.0,0.08899880945682526,1.0699344873428345,0.7667433958902355,6.433489799499512,1.912654161453247,6.522488117218018,2.215338706970215,6.84611964225769,4.196832180023193,,,,,,
8789940000.0,106.17,7.5,6391222784.0,2359.6232943977648,1083.0,0.0634765625,17760256.0,36403.28144574165,0.0010456927120685577,0.0059814453125,1.9923704862594604,-0.019283825531601906,0.6669014692306519,-0.019923703745007515,0.0006398819386959076,0.0,-0.056200943887233734,1.1477137804031372,0.7286652926215932,6.420759201049805,1.9281550645828247,6.364558219909668,2.203336477279663,6.943481206893921,4.2030720710754395,,,,,,
8789940000.0,110.21,7.400000095367432,6391222784.0,2375.7504262087923,1084.0,0.0738525390625,17776640.0,36410.17779302597,0.0009237007470801473,0.00396728515625,1.9635089635849,-0.01954781636595726,0.7389532327651978,-0.019635086879134178,8.728029206395149e-05,0.0,-0.0713726133108139,1.2208951711654663,0.7281654536643727,6.425568103790283,1.9824724197387695,6.354195594787598,2.341671943664551,6.896347284317017,4.2658531665802,,,,,,
8789940000.0,111.2,7.5,6391222784.0,2365.5485636325875,1085.0,0.0726318359375,17793024.0,36417.103882074356,0.0020102900452911854,0.0145263671875,2.0203440189361572,-0.020062049850821495,0.665071427822113,-0.02020343951880932,0.00014138873666524887,0.0,0.03622887656092644,1.1456849575042725,0.7338827922019795,6.2717485427856445,1.8986077308654785,6.307977676391602,2.2208991050720215,6.92608904838562,4.204174995422363,,,,,,
8789940000.0,111.91,7.699999809265137,6391222784.0,2398.629696818507,1086.0,0.0830078125,17809408.0,36423.934448719025,0.0018032914958894253,0.0101318359375,2.015164852142334,-0.019711166620254517,0.7386565804481506,-0.020151646807789803,0.00044048018753528595,0.0,0.03026297688484192,1.207195520401001,0.7248955282653932,6.621419906616211,2.003948211669922,6.651682376861572,2.3015942573547363,6.830566644668579,4.211823463439941,,,,,,
8789940000.0,84.5,8.5,6391222784.0,2359.535874386034,1087.0,0.1025390625,17825792.0,36430.878187179565,0.0017110896296799183,0.0118408203125,1.9965815544128418,-0.01992691680788994,0.6867758631706238,-0.01996581256389618,3.8899946957826614e-05,0.0,0.11218331009149551,1.1655997037887573,0.7333885732930989,6.910572528839111,2.0128111839294434,7.0227556228637695,2.257408380508423,6.9437384605407715,4.220731496810913,,,,,,
,,,,,,,,,,,,,,,,,,,,,,,,,,0.020165950059890747,0.6880062818527222,0.6468649506568909,0.020165950059890747,0.6880062818527222,0.6468649506568909
,,,,,,,,,,,,,,,,,,,,,,,,,,0.019659781828522682,0.6304088830947876,0.599062442779541,0.019659781828522682,0.6304088830947876,0.599062442779541
,,,,,,,,,,,,,,,,,,,,,,,,,,0.019475450739264488,0.6007717251777649,0.5662030577659607,0.019475450739264488,0.6007717251777649,0.5662030577659607
,,,,,,,,,,,,,,,,,,,,,,,,,,0.01889137364923954,0.5704774260520935,0.5375905632972717,0.01889137364923954,0.5704774260520935,0.5375905632972717
,,,,,,,,,,,,,,,,,,,,,,,,,,0.019010696560144424,0.5512099266052246,0.5149317383766174,0.019010696560144424,0.5512099266052246,0.5149317383766174
,,,,,,,,,,,,,,,,,,,,,,,,,,0.019283518195152283,0.5321895480155945,0.49210891127586365,0.019283518195152283,0.5321895480155945,0.49210891127586365
8789940000.0,84.09,8.0,6188634112.0,18.384098024919727,1088.0,0.087890625,17842176.0,37322.08318281174,0.0006838275585323572,0.00146484375,2.0335147380828857,-0.020075447857379913,0.7653325200080872,-0.02033514901995659,0.0002596992999315262,0.0,0.08645962178707123,1.2431076765060425,0.7351672747330237,6.480534553527832,2.1721127033233643,6.566993713378906,2.415588140487671,891.2049956321716,4.202966690063477,,,,,,
8789940000.0,79.85,8.600000381469727,6391222784.0,2417.3244382245784,1089.0,0.093994140625,17858560.0,37328.86092424393,0.0010457311291247606,0.002685546875,2.069705009460449,-0.02040175534784794,0.6710501909255981,-0.02069704979658127,0.0002953018993139267,0.0,0.1339503973722458,1.1533758640289307,0.764029769874507,6.565934181213379,2.160794734954834,6.699884414672852,2.374336004257202,6.777741432189941,4.1953444480896,,,,,,
8789940000.0,103.63,8.199999809265137,6391222784.0,2380.6949643795506,1090.0,0.0653076171875,17874944.0,37335.742948293686,0.0013283146545290947,0.00836181640625,2.1247665882110596,-0.020742645487189293,0.633953869342804,-0.02124766632914543,0.0005050189793109894,0.0,0.05063840374350548,1.1284157037734985,0.7228074605588586,6.443805694580078,1.9258732795715332,6.494444370269775,2.143277406692505,6.882024049758911,4.196910381317139,,,,,,
8789940000.0,119.83,8.300000190734863,6391222784.0,2415.1514066149925,1091.0,0.0640869140625,17891328.0,37342.52678799629,0.0008039764361456037,0.00408935546875,2.1506845951080322,-0.021012380719184875,0.5416615009307861,-0.021506845951080322,0.000494467094540596,0.0,0.05373118072748184,1.0384833812713623,0.7581291968540287,6.485955238342285,1.8975080251693726,6.539686679840088,2.1115806102752686,6.783839702606201,4.189664602279663,,,,,,
8789940000.0,106.55,7.699999809265137,6391222784.0,2460.908402837873,1092.0,0.0616455078125,17907712.0,37349.184492111206,0.0007854101131670177,0.00537109375,2.1596741676330566,-0.02124537155032158,0.649040699005127,-0.021596740931272507,0.0003513689152896404,0.0,-0.057531777769327164,1.14153254032135,0.7066354945441327,6.476229667663574,1.8474469184875488,6.418698310852051,2.1075830459594727,6.65770411491394,4.1972386837005615,,,,,,
8789940000.0,157.04,8.100000381469727,6391222784.0,2455.7482810256515,1093.0,0.0726318359375,17924096.0,37355.85618567467,0.0012834235094487667,0.006591796875,2.1264233589172363,-0.02119608409702778,0.672286868095398,-0.02126423455774784,6.815337110310793e-05,0.0,0.006730430759489536,1.1607457399368286,0.7158341825903385,6.601571559906006,1.8601146936416626,6.608302116394043,2.177464246749878,6.671693563461304,4.2018866539001465,,,,,,
8789940000.0,89.58,8.100000381469727,6391222784.0,2386.670218081221,1094.0,0.0653076171875,17940480.0,37362.72097992897,0.0019051622366532683,0.017578125,2.1446480751037598,-0.020129472017288208,0.6521617770195007,-0.021446479484438896,0.0013170130550861359,0.0,-0.0003084423951804638,1.133445143699646,0.7049685134654743,6.490844249725342,1.8137414455413818,6.490535736083984,2.0867292881011963,6.8647942543029785,4.2070581912994385,,,,,,
8789940000.0,105.34,8.0,6391222784.0,2417.0229470501226,1095.0,0.0714111328125,17956864.0,37369.49956679344,0.0013000988401472569,0.0079345703125,2.1579604148864746,-0.021041499450802803,0.6082605123519897,-0.021579604595899582,0.0005381014198064804,0.0,0.03593045473098755,1.0950711965560913,0.7314638674465039,6.587803363800049,1.8292665481567383,6.6237335205078125,2.113201141357422,6.7785868644714355,4.179294109344482,,,,,,
8789940000.0,111.19,7.599999904632568,6391222784.0,2406.2992553546605,1096.0,0.0726318359375,17973248.0,37376.30836248398,0.0024966103956103325,0.0205078125,2.1612532138824463,-0.021220695227384567,0.676956057548523,-0.021612530574202538,0.0003918353468179703,0.0,0.0018222546204924583,1.16151762008667,0.7308255198468618,6.601742267608643,1.914469599723816,6.603564262390137,2.2387661933898926,6.808795690536499,4.195706605911255,,,,,,
8789940000.0,123.62,7.199999809265137,6391222784.0,2411.0404296175557,1097.0,0.07568359375,17989632.0,37383.10376906395,0.0007379667367786169,0.00177001953125,2.171952486038208,-0.021385375410318375,0.760436475276947,-0.021719524636864662,0.00033414922654628754,0.0,-0.04959053918719292,1.231982707977295,0.7147217729361047,6.607541084289551,1.9706745147705078,6.557950973510742,2.3065900802612305,6.7954065799713135,4.17821478843689,,,,,,
8789940000.0,98.59,7.400000095367432,6391222784.0,2394.0133858835816,1098.0,0.0689697265625,18006016.0,37389.9475069046,0.0010949590941891074,0.00396728515625,2.1393792629241943,-0.020883701741695404,0.7681454420089722,-0.0213937908411026,0.000510089099407196,0.0,-0.08600102365016937,1.236841082572937,0.6985206350897387,6.5357160568237305,1.855947732925415,6.449715614318848,2.25260591506958,6.843737840652466,4.221264600753784,,,,,,
8789940000.0,112.82,7.800000190734863,6391222784.0,2401.183127562742,1099.0,0.0689697265625,18022400.0,37396.77080988884,0.0009012390510179102,0.001953125,2.1519830226898193,-0.021534690633416176,0.6386482119560242,-0.021519828587770462,-1.4858320355415344e-05,0.0,0.03268374502658844,1.12981379032135,0.7201687266093834,6.508999824523926,1.8352984189987183,6.541683673858643,2.1357908248901367,6.823302984237671,4.183478832244873,,,,,,
8789940000.0,97.78,8.100000381469727,6391222784.0,2386.159970118605,1100.0,0.08056640625,18038784.0,37403.637072086334,0.0006259107030928135,0.00091552734375,2.156226396560669,-0.021409399807453156,0.6203250288963318,-0.02156226336956024,0.00015286356210708618,0.0,-0.0031289923936128616,1.108911395072937,0.7540779581395665,6.7556471824646,1.945302963256836,6.752518653869629,2.2361371517181396,6.866262197494507,4.206700086593628,,,,,,
8789940000.0,103.37,7.800000190734863,6391222784.0,2405.743017778338,1101.0,0.0775146484375,18055168.0,37410.44744205475,0.0009728005388751626,0.00531005859375,2.139551877975464,-0.021409323439002037,0.6772555112838745,-0.021395517513155937,-1.380452886223793e-05,0.0,0.08363336324691772,1.1615349054336548,0.7373841139364552,6.5474677085876465,1.9914945363998413,6.631101608276367,2.266585350036621,6.810369968414307,4.250699996948242,,,,,,
8789940000.0,101.91,7.800000190734863,6391222784.0,2383.381349399499,1102.0,0.084228515625,18071552.0,37417.32170915604,0.001057189074344933,0.0045166015625,2.1181068420410156,-0.020659757778048515,0.6296276450157166,-0.021181069314479828,0.0005213115364313126,0.0,-0.01887950859963894,1.1244040727615356,0.760428581075884,6.7491374015808105,1.9996591806411743,6.730257987976074,2.297232151031494,6.874267101287842,4.211390018463135,,,,,,
8789940000.0,89.53,8.600000381469727,6391222784.0,2405.659642217716,1103.0,0.074462890625,18087936.0,37424.132315158844,0.0010628828313201666,0.00537109375,2.0874555110931396,-0.020302411168813705,0.569811999797821,-0.02087455242872238,0.000572138698771596,0.0,0.043871693313121796,1.0646255016326904,0.762570053700606,6.635329246520996,1.9538594484329224,6.679201126098633,2.1848883628845215,6.810606002807617,4.205463171005249,,,,,,
8789940000.0,114.82,8.100000381469727,6391222784.0,2402.52773349919,1104.0,0.0732421875,18104320.0,37430.9517993927,0.0007833871059119701,0.00341796875,2.1397716999053955,-0.021154124289751053,0.6917204856872559,-0.02139771729707718,0.0002435930073261261,0.0,-0.029401704668998718,1.1719636917114258,0.7180304016810863,6.702764511108398,1.9007453918457031,6.673363208770752,2.2070553302764893,6.819484233856201,4.2973551750183105,,,,,,
8789940000.0,107.99,8.199999809265137,6391222784.0,2394.3726495893266,1105.0,0.0701904296875,18120704.0,37437.79451036453,0.0009744863491505384,0.00494384765625,2.156681537628174,-0.02139756642282009,0.6271324753761292,-0.021566813811659813,0.00016924552619457245,0.0,-0.040448207408189774,1.1156466007232666,0.7270714775286382,6.661249160766602,1.850077509880066,6.6208014488220215,2.1355128288269043,6.842710971832275,4.200556039810181,,,,,,
8789940000.0,127.04,7.599999904632568,6391222784.0,2389.965516207616,1106.0,0.0689697265625,18137088.0,37444.649839401245,0.0006908690556883812,0.00250244140625,2.11094069480896,-0.02092697098851204,0.6287084817886353,-0.021109404042363167,0.00018243677914142609,0.0,-0.030071118846535683,1.1209031343460083,0.7266749473949519,6.487893581390381,1.7932250499725342,6.457822799682617,2.1440176963806152,6.8553290367126465,4.18698525428772,,,,,,
8789940000.0,89.18,7.599999904632568,6391222784.0,2395.0756401456492,1107.0,0.0830078125,18153472.0,37451.49054193497,0.0010247364407405257,0.0067138671875,2.0942447185516357,-0.02064092829823494,0.629077136516571,-0.0209424439817667,0.00030151475220918655,0.0,0.031046593561768532,1.120682716369629,0.7543111647297084,6.500148773193359,1.9353415966033936,6.531195163726807,2.2609448432922363,6.840702533721924,4.191409587860107,,,,,,
8789940000.0,116.22,6.599999904632568,6391222784.0,2377.5478865213217,1108.0,0.0714111328125,18169856.0,37458.381675481796,0.0014291417319327593,0.0087890625,2.143602132797241,-0.02114030160009861,0.7707944512367249,-0.021436022594571114,0.0002957228571176529,0.0,-0.13109001517295837,1.2401647567749023,0.7217937938073453,6.541177749633789,2.0078959465026855,6.410087585449219,2.351234197616577,6.891133546829224,4.330436944961548,,,,,,
8789940000.0,95.66,7.699999809265137,6391222784.0,2429.7965452782173,1109.0,0.0726318359375,18186240.0,37465.124626874924,0.0021643054205924273,0.0177001953125,2.114179849624634,-0.020952079445123672,0.6648850440979004,-0.02114179916679859,0.0001897178590297699,0.0,0.029529763385653496,1.1571013927459717,0.7414863141660188,6.383936882019043,1.9474636316299438,6.413466930389404,2.2757768630981445,6.742951393127441,4.190991163253784,,,,,,
8789940000.0,103.01,8.100000381469727,6391222784.0,2409.291829202487,1110.0,0.081787109375,18202624.0,37471.92496538162,0.000980484182946384,0.0045166015625,2.088059425354004,-0.02059153839945793,0.6743297576904297,-0.02088059112429619,0.00028905458748340607,0.0,0.028445623815059662,1.160507082939148,0.7549408679287551,6.643231391906738,2.066384792327881,6.671677112579346,2.344294786453247,6.800338506698608,4.199563980102539,,,,,,
8789940000.0,89.34,7.699999809265137,6391222784.0,2320.1927805868613,1111.0,0.06591796875,18219008.0,37478.98644757271,0.002983705373480916,0.027587890625,2.1399893760681152,-0.02079015225172043,0.5958279967308044,-0.02139989472925663,0.0006097418954595923,0.0,-0.03304615616798401,1.0888468027114868,0.7517291473868649,6.462935924530029,1.8908140659332275,6.429889678955078,2.1852641105651855,7.061482191085815,4.210008144378662,,,,,,
8789940000.0,148.95,8.199999809265137,6391222784.0,2403.1550930542517,1112.0,0.0543212890625,18235392.0,37485.804151535034,0.0010298463748767972,0.00628662109375,2.1827621459960938,-0.021216684952378273,0.44623690843582153,-0.021827619522809982,0.0006109345704317093,0.0,-0.002153010107576847,0.9435977339744568,0.7763246559176644,6.199489593505859,1.7615454196929932,6.197336196899414,1.99515962600708,6.81770396232605,4.19923996925354,,,,,,
8789940000.0,143.53,7.900000095367432,6391222784.0,2421.7413106682184,1113.0,0.045166015625,18251776.0,37492.569531440735,0.0015947476495057344,0.0123291015625,2.220911979675293,-0.021835623309016228,0.4749985337257385,-0.02220912091434002,0.00037350133061408997,0.0,0.01848071813583374,0.9726494550704956,0.7457736124815768,6.105806350708008,1.7184118032455444,6.124287128448486,1.9290612936019897,6.765379905700684,4.204220294952393,,,,,,
8789940000.0,153.53,7.900000095367432,6391222784.0,2385.3708705816066,1114.0,0.0457763671875,18268160.0,37499.43806505203,0.0012967900838702917,0.00982666015625,2.258277177810669,-0.022061364725232124,0.4423970878124237,-0.022582771256566048,0.0005214083939790726,0.0,-0.0027011625934392214,0.9405621290206909,0.7762037902491867,5.963109493255615,1.7659547328948975,5.9604082107543945,1.9882047176361084,6.868533611297607,4.217206716537476,,,,,,
8789940000.0,224.13,6.800000190734863,6391222784.0,2415.436554501145,1115.0,0.0384521484375,18284544.0,37506.22110390663,0.0017854348989203572,0.01409912109375,2.2829031944274902,-0.021999238058924675,0.5122769474983215,-0.02282903343439102,0.0008297953754663467,0.0,-0.08207632601261139,1.0086514949798584,0.7460505594956817,5.962613105773926,1.7569530010223389,5.880537033081055,2.0015549659729004,6.783038854598999,4.205796003341675,,,,,,
8789940000.0,164.49,7.199999809265137,6391222784.0,2325.9330867414815,1116.0,0.0433349609375,18300928.0,37513.26515865326,0.0020797576289623976,0.01885986328125,2.2475979328155518,-0.02193571999669075,0.43412771821022034,-0.02247598208487034,0.0005402602255344391,0.0,-0.0632794052362442,0.929663896560669,0.7827804912990186,5.924527168273926,1.7253623008728027,5.861248016357422,1.9946963787078857,7.044054746627808,4.266507863998413,,,,,,
8789940000.0,153.53,7.300000190734863,6391222784.0,2342.47963160614,1117.0,0.0439453125,18317312.0,37520.2594563961,0.0015623210929334164,0.01171875,2.2216262817382812,-0.02180410735309124,0.47686269879341125,-0.02221626043319702,0.0004121554084122181,0.0,-0.04692966863512993,0.9761419892311096,0.7648729910232197,5.890470504760742,1.7221240997314453,5.843541145324707,2.0130839347839355,6.994297742843628,4.212268590927124,,,,,,
8789940000.0,157.84,8.0,6391222784.0,2350.1488035131024,1118.0,0.040283203125,18333696.0,37527.23092985153,0.0014464552514255047,0.00933837890625,2.1908810138702393,-0.021002287045121193,0.3386136591434479,-0.02190880849957466,0.0009065247140824795,0.0,-0.04068819433450699,0.818599283695221,0.8188802720641138,5.711591720581055,1.7065600156784058,5.67090368270874,1.9234833717346191,6.971473455429077,4.178768873214722,,,,,,
8789940000.0,186.57,8.100000381469727,6391222784.0,2332.939586894768,1119.0,0.0341796875,18350080.0,37534.2538292408,0.0019223360577598214,0.019287109375,2.2436585426330566,-0.02199859544634819,0.342584490776062,-0.022436587139964104,0.00043798983097076416,0.0,0.00458677439019084,0.8289902210235596,0.7903379732813394,5.459009170532227,1.6303848028182983,5.463595390319824,1.8104621171951294,7.022899389266968,4.1935200691223145,,,,,,
,,,,,,,,,,,,,,,,,,,,,,,,,,0.02791713736951351,0.6557156443595886,0.6011388301849365,0.02791713736951351,0.6557156443595886,0.6011388301849365
,,,,,,,,,,,,,,,,,,,,,,,,,,0.02472558245062828,0.5931168794631958,0.5605529546737671,0.02472558245062828,0.5931168794631958,0.5605529546737671
,,,,,,,,,,,,,,,,,,,,,,,,,,0.022767353802919388,0.5602673888206482,0.5282773971557617,0.022767353802919388,0.5602673888206482,0.5282773971557617
,,,,,,,,,,,,,,,,,,,,,,,,,,0.02285400964319706,0.5390578508377075,0.5053675770759583,0.02285400964319706,0.5390578508377075,0.5053675770759583
,,,,,,,,,,,,,,,,,,,,,,,,,,0.022724324837327003,0.5222891569137573,0.4855331778526306,0.022724324837327003,0.5222891569137573,0.4855331778526306
,,,,,,,,,,,,,,,,,,,,,,,,,,0.02261250838637352,0.4983002543449402,0.4616684913635254,0.02261250838637352,0.4983002543449402,0.4616684913635254
8789940000.0,217.31,7.0,6188634112.0,18.393393231703183,1120.0,0.0439453125,18366464.0,38425.008449316025,0.0010062013752758503,0.00433349609375,2.19387149810791,-0.021705787628889084,0.5694206357002258,-0.021938713267445564,0.00023292610421776772,0.0,-0.09316222369670868,1.0667320489883423,0.7099229503895712,6.2707743644714355,1.7159643173217773,6.1776123046875,1.9806090593338013,890.7546200752258,4.192072153091431,,,,,,
8789940000.0,162.81,8.199999809265137,6391222784.0,2402.312723789614,1121.0,0.0482177734375,18382848.0,38431.82854390144,0.0007516531040892005,0.00152587890625,2.155588150024414,-0.02155730500817299,0.45007020235061646,-0.021555880084633827,-1.4249235391616821e-06,0.0,0.029162824153900146,0.9485889673233032,0.7383908687843782,6.1248779296875,1.6443309783935547,6.154041290283203,1.8546065092086792,6.820094585418701,4.191638946533203,,,,,,
8789940000.0,153.72,7.800000190734863,6391222784.0,2423.4167578569977,1122.0,0.050048828125,18399232.0,38438.58924651146,0.0008467936422675848,0.0015869140625,2.1826579570770264,-0.0219095628708601,0.4680366516113281,-0.02182658016681671,-8.298410102725029e-05,0.0,0.010829858481884003,0.9656366109848022,0.7666767144495483,6.194060325622559,1.7474591732025146,6.204890251159668,1.9990997314453125,6.760702610015869,4.18859601020813,,,,,,
8789940000.0,157.14,7.199999809265137,6391222784.0,2413.7375284214313,1123.0,0.0408935546875,18415616.0,38445.37705993652,0.0020929877646267414,0.02069091796875,2.1557552814483643,-0.02114701271057129,0.4860003590583801,-0.021557550877332687,0.0004105381667613983,0.0,-0.05342523381114006,0.9857224225997925,0.7298904839875875,5.97450590133667,1.6154465675354004,5.921080589294434,1.896639108657837,6.787813425064087,4.208799839019775,,,,,,
8789940000.0,160.33,7.599999904632568,6391222784.0,2397.55583983912,1124.0,0.057373046875,18432000.0,38452.2106859684,0.0011162071023136377,0.008056640625,2.063646078109741,-0.021081868559122086,0.6013997793197632,-0.020636457949876785,-0.0004454096779227257,0.0,0.008028090000152588,1.095571517944336,0.7299150296746008,6.240276336669922,1.7960551977157593,6.24830436706543,2.108096122741699,6.83362603187561,4.19356632232666,,,,,,
8789940000.0,104.46,7.400000095367432,6391222784.0,2393.3295230624235,1125.0,0.07080078125,18448384.0,38459.05637931824,0.0008784553501754999,0.00445556640625,2.005333185195923,-0.019563693553209305,0.6618234515190125,-0.020053332671523094,0.0004896381869912148,0.0,0.04053860902786255,1.152519702911377,0.7260064030582783,6.405915260314941,1.8672008514404297,6.446454048156738,2.201801300048828,6.845693349838257,4.21160626411438,,,,,,
8789940000.0,116.45,7.800000190734863,6391222784.0,2415.556185554653,1126.0,0.0726318359375,18464768.0,38465.83908224106,0.000747666519600898,0.00201416015625,2.0600781440734863,-0.020831430330872536,0.6855686902999878,-0.020600782707333565,-0.00023064948618412018,0.0,0.03841245919466019,1.1639318466186523,0.716388111281996,6.5528154373168945,1.9218000173568726,6.5912275314331055,2.1855738162994385,6.782702922821045,4.181815147399902,,,,,,
8789940000.0,91.57,8.300000190734863,6391222784.0,2423.1668053803883,1127.0,0.0823974609375,18481152.0,38472.60048222542,0.0015717442147433758,0.0078125,2.0828237533569336,-0.0208980031311512,0.665052592754364,-0.020828235894441605,-6.976909935474396e-05,0.0,0.018742650747299194,1.1542690992355347,0.7220415154836388,6.6829833984375,1.934944987297058,6.701726913452148,2.1893606185913086,6.761399984359741,4.190330743789673,,,,,,
8789940000.0,83.96,7.599999904632568,6391222784.0,2415.163884140276,1128.0,0.0677490234375,18497536.0,38479.38428688049,0.001301262411288917,0.01153564453125,2.061319351196289,-0.02067705988883972,0.6675482988357544,-0.02061319351196289,-6.386637687683105e-05,0.0,-0.07391645759344101,1.1562488079071045,0.7163473482742757,6.621791839599609,1.8652024269104004,6.547875881195068,2.170990467071533,6.783804655075073,4.204798460006714,,,,,,
8789940000.0,146.69,7.599999904632568,6391222784.0,2347.986587400332,1129.0,0.06103515625,18513920.0,38486.362180233,0.0012223009252920747,0.00653076171875,2.007844924926758,-0.020657707005739212,0.6410088539123535,-0.020078446716070175,-0.0005792593583464622,0.0,-0.00017549749463796616,1.1209245920181274,0.6940028634497506,6.457647323608398,1.760575532913208,6.45747184753418,2.026364803314209,6.977893352508545,4.189331531524658,,,,,,
8789940000.0,105.95,7.699999809265137,6391222784.0,2385.4412529243746,1130.0,0.0604248046875,18530304.0,38493.23051118851,0.0015407719183713198,0.01202392578125,2.0692553520202637,-0.020192425698041916,0.5960590839385986,-0.020692553371191025,0.0005001267418265343,0.0,-0.004781943745911121,1.0884886980056763,0.7365826036448225,6.49509334564209,1.831601858139038,6.490311622619629,2.1208107471466064,6.868330955505371,4.191848516464233,,,,,,
8789940000.0,147.0,7.199999809265137,6391222784.0,2387.0693198815347,1131.0,0.0506591796875,18546688.0,38500.09415769577,0.0011203056201338768,0.00836181640625,2.103323459625244,-0.021266993135213852,0.5630342960357666,-0.021033234894275665,-0.00023375963792204857,0.0,-0.07131026685237885,1.0619953870773315,0.7196142595620054,6.23509407043457,1.7042391300201416,6.163783550262451,2.0055999755859375,6.863646507263184,4.201260566711426,,,,,,
8789940000.0,152.37,7.5,6391222784.0,2366.8255848767785,1132.0,0.0592041015625,18563072.0,38507.01650977135,0.0008094537188299,0.00408935546875,2.127993106842041,-0.02039850503206253,0.6133384108543396,-0.02127993106842041,0.0008814260363578796,0.0,0.005096415523439646,1.1119248867034912,0.7280847013041529,6.22845458984375,1.7775319814682007,6.233551025390625,2.1323509216308594,6.922352075576782,4.185999155044556,,,,,,
8789940000.0,127.59,8.399999618530273,6391222784.0,2388.889768097247,1133.0,0.069580078125,18579456.0,38513.87492585182,0.0007904763333499432,0.00372314453125,2.1575047969818115,-0.02086459845304489,0.5523982048034668,-0.021575046703219414,0.0007104473188519478,0.0,0.06373974680900574,1.0467833280563354,0.7644370950644493,6.360809326171875,1.8960976600646973,6.424549102783203,2.1567676067352295,6.8584160804748535,4.177271127700806,,,,,,
8789940000.0,126.38,8.300000190734863,6391222784.0,2380.312666979495,1134.0,0.0579833984375,18595840.0,38520.75805521011,0.0017441653180867434,0.01275634765625,2.129516124725342,-0.02131558209657669,0.5287112593650818,-0.021295160055160522,-2.0421110093593597e-05,0.0,0.051007479429244995,1.0267010927200317,0.7584196118141528,6.224730491638184,1.8435933589935303,6.275737762451172,2.088879346847534,6.883129358291626,4.204690456390381,,,,,,
8789940000.0,117.75,7.300000190734863,6391222784.0,2380.630304940902,1135.0,0.052490234375,18612224.0,38527.64026618004,0.0013062218204140663,0.008544921875,2.1640384197235107,-0.020461643114686012,0.5231033563613892,-0.021640382707118988,0.001178741455078125,0.0,-0.0694112703204155,1.0174778699874878,0.7777744057711944,6.181171417236328,1.8910462856292725,6.111760139465332,2.158378839492798,6.882210969924927,4.1848039627075195,,,,,,
8789940000.0,138.88,8.199999809265137,6391222784.0,2361.9832442959923,1136.0,0.0604248046875,18628608.0,38534.57680988312,0.0008145550382323563,0.00341796875,2.1378819942474365,-0.02066008374094963,0.5031744837760925,-0.02137882076203823,0.0007187351584434509,0.0,0.03853099048137665,0.9968948364257812,0.785542348757388,6.258174896240234,1.9036953449249268,6.296706199645996,2.1526741981506348,6.936543703079224,4.187411308288574,,,,,,
8789940000.0,119.1,7.599999904632568,6391222784.0,2357.18590390724,1137.0,0.0665283203125,18644992.0,38541.5274708271,0.000935771910008043,0.0059814453125,2.056347131729126,-0.020837847143411636,0.6710922122001648,-0.02056347019970417,-0.0002743750810623169,0.0,-0.04691857472062111,1.1553744077682495,0.7514235727234092,6.294467926025391,1.9724005460739136,6.247549533843994,2.3173563480377197,6.950660943984985,4.200715780258179,,,,,,
8789940000.0,105.88,7.800000190734863,6391222784.0,2426.388515496521,1138.0,0.0604248046875,18661376.0,38548.279893159866,0.0009438153938390315,0.00433349609375,2.0448288917541504,-0.020244857296347618,0.653823733329773,-0.020448287948966026,0.0002034297212958336,0.0,0.008394859731197357,1.1364223957061768,0.7260769100428613,6.3318071365356445,1.9072359800338745,6.340202331542969,2.1713287830352783,6.752422332763672,4.175881385803223,,,,,,
8789940000.0,109.48,7.699999809265137,6391222784.0,2374.9989756529303,1139.0,0.0750732421875,18677760.0,38555.17842245102,0.0011084845755249262,0.00628662109375,2.0480399131774902,-0.02050110325217247,0.6564760208129883,-0.020480399951338768,-2.0701438188552856e-05,0.0,0.004038580693304539,1.1385388374328613,0.7546435365109766,6.384042739868164,1.967328429222107,6.3880815505981445,2.298523426055908,6.898529291152954,4.188547849655151,,,,,,
8789940000.0,126.92,7.699999809265137,6391222784.0,2384.353357751629,1140.0,0.06103515625,18694144.0,38562.04988718033,0.0010191703913733363,0.0052490234375,2.0816407203674316,-0.020965248346328735,0.6152451634407043,-0.02081640623509884,-0.00014884304255247116,0.0,0.011192943900823593,1.1098138093948364,0.7228479362908234,6.2813239097595215,1.8389413356781006,6.292516708374023,2.1080985069274902,6.871464729309082,4.190766096115112,,,,,,
8789940000.0,114.81,8.0,6391222784.0,2411.3993221712626,1141.0,0.069580078125,18710528.0,38568.84428238869,0.0010865640360862017,0.006103515625,2.070948362350464,-0.021202649921178818,0.6077113747596741,-0.020709484815597534,-0.0004931683652102947,0.0,0.06980828940868378,1.0999923944473267,0.7356533410515518,6.414445400238037,1.8856778144836426,6.484253883361816,2.1394526958465576,6.794395208358765,4.188246965408325,,,,,,
8789940000.0,109.71,7.699999809265137,6391222784.0,2412.215392255817,1142.0,0.076904296875,18726912.0,38575.636379003525,0.001211234601214528,0.00634765625,2.030519723892212,-0.02031448669731617,0.6045252680778503,-0.020305195823311806,-9.288080036640167e-06,0.0,-0.009012834168970585,1.0972851514816284,0.7626981066004015,6.471243858337402,1.960563063621521,6.462231636047363,2.2525219917297363,6.7920966148376465,4.192525148391724,,,,,,
8789940000.0,116.02,7.800000190734863,6391222784.0,2359.642415856835,1143.0,0.064697265625,18743296.0,38582.579803943634,0.0017874555196613073,0.01104736328125,2.0970234870910645,-0.021135300397872925,0.5714524984359741,-0.020970236510038376,-0.00016506342217326164,0.0,0.015541906468570232,1.0677181482315063,0.7627256954748599,6.310111999511719,1.8820539712905884,6.325654029846191,2.1919541358947754,6.943424940109253,4.210682153701782,,,,,,
8789940000.0,120.99,6.800000190734863,6391222784.0,2336.1526501086396,1144.0,0.0628662109375,18759680.0,38589.593044281006,0.0007025176892057061,0.00250244140625,2.150925397872925,-0.02159903571009636,0.7008038759231567,-0.02150925248861313,-8.97841528058052e-05,0.0,-0.10468430817127228,1.1832926273345947,0.7328775484539679,6.446102142333984,1.9630181789398193,6.34141731262207,2.289479970932007,7.013240337371826,4.198507070541382,,,,,,
8789940000.0,138.79,7.599999904632568,6391222784.0,2351.4139947016133,1145.0,0.0579833984375,18776064.0,38596.56076669693,0.0010008906247094274,0.00543212890625,2.1783149242401123,-0.02189738303422928,0.578425407409668,-0.021783150732517242,-0.0001142304390668869,0.0,0.009250734932720661,1.0735565423965454,0.7421219300315826,6.189696788787842,1.8688969612121582,6.198947429656982,2.1140618324279785,6.967722415924072,4.197359085083008,,,,,,
8789940000.0,144.33,7.800000190734863,6391222784.0,2328.408954941996,1146.0,0.0579833984375,18792448.0,38603.59733128548,0.0014876867644488811,0.01116943359375,2.1485257148742676,-0.021664179861545563,0.5519883036613464,-0.021485257893800735,-0.00017892103642225266,0.0,-0.013235966674983501,1.053734540939331,0.7610794535727265,6.233111381530762,1.8938941955566406,6.219875335693359,2.155780076980591,7.036564588546753,4.180316686630249,,,,,,
8789940000.0,136.03,8.199999809265137,6391222784.0,2363.3047759204096,1147.0,0.0628662109375,18808832.0,38610.52999615669,0.001481676590628922,0.009033203125,2.1183762550354004,-0.020977962762117386,0.5366615056991577,-0.021183760836720467,0.00020580273121595383,0.0,0.028409479185938835,1.0393705368041992,0.7468038351748774,6.345241069793701,1.816754937171936,6.373650550842285,2.0655786991119385,6.93266487121582,4.191952466964722,,,,,,
8789940000.0,125.12,7.099999904632568,6391222784.0,2397.8987636560364,1148.0,0.05126953125,18825216.0,38617.36264491081,0.0013271775096654892,0.00823974609375,2.116227865219116,-0.020798634737730026,0.5804182887077332,-0.021162277087569237,0.0003636423498392105,0.0,-0.03555382788181305,1.0710529088974,0.733668996105074,6.07295036315918,1.7646849155426025,6.0373969078063965,2.0753915309906006,6.832648754119873,4.196788549423218,,,,,,
8789940000.0,128.83,8.100000381469727,6391222784.0,2394.0160547311352,1149.0,0.062255859375,18841600.0,38624.20637512207,0.001140459906309843,0.007568359375,2.106519937515259,-0.020462092012166977,0.538677453994751,-0.02106519788503647,0.0006031058728694916,0.0,0.008487006649374962,1.0351642370224,0.7576402512551149,6.218899250030518,1.8345271348953247,6.227386474609375,2.1027090549468994,6.843730211257935,4.199782371520996,,,,,,
8789940000.0,143.13,7.300000190734863,6391222784.0,2352.4705831446527,1150.0,0.0482177734375,18857984.0,38631.170968055725,0.0010958523489534855,0.00616455078125,2.1288774013519287,-0.020975660532712936,0.5548805594444275,-0.02128877118229866,0.0003131164703518152,0.0,-0.06922271847724915,1.041210651397705,0.7271221645834891,6.069009304046631,1.717238187789917,5.999786853790283,1.9932163953781128,6.964592933654785,4.198369979858398,,,,,,
8789940000.0,151.9,7.5,6391222784.0,2426.562357212826,1151.0,0.054931640625,18874368.0,38637.92290663719,0.0012123666238039732,0.00823974609375,2.1203360557556152,-0.021451663225889206,0.5016524791717529,-0.021203357726335526,-0.0002483036369085312,0.0,0.026761028915643692,0.9979527592658997,0.7697725932047739,5.974810600280762,1.7885684967041016,6.0015716552734375,2.079848527908325,6.751938581466675,4.187409162521362,,,,,,
,,,,,,,,,,,,,,,,,,,,,,,,,,0.01991337351500988,0.6125472187995911,0.5669791102409363,0.01991337351500988,0.6125472187995911,0.5669791102409363
,,,,,,,,,,,,,,,,,,,,,,,,,,0.018652820959687233,0.5592011213302612,0.5281314849853516,0.018652820959687233,0.5592011213302612,0.5281314849853516
,,,,,,,,,,,,,,,,,,,,,,,,,,0.01867002807557583,0.5332443714141846,0.4980924427509308,0.01867002807557583,0.5332443714141846,0.4980924427509308
,,,,,,,,,,,,,,,,,,,,,,,,,,0.018329275771975517,0.5107572078704834,0.4785897433757782,0.018329275771975517,0.5107572078704834,0.4785897433757782
,,,,,,,,,,,,,,,,,,,,,,,,,,0.01826932467520237,0.48918548226356506,0.45430681109428406,0.01826932467520237,0.48918548226356506,0.45430681109428406
,,,,,,,,,,,,,,,,,,,,,,,,,,0.018421409651637077,0.47238102555274963,0.43733882904052734,0.018421409651637077,0.47238102555274963,0.43733882904052734
8789940000.0,103.83,7.800000190734863,6188634112.0,18.37811110698275,1152.0,0.076904296875,18890752.0,39529.41822433472,0.0008543947478756309,0.003173828125,2.065359354019165,-0.02110772766172886,0.7152029275894165,-0.02065359428524971,-0.00045413209591060877,0.0,-0.03737083822488785,1.1968318223953247,0.7246705096586588,6.482804775238037,1.9556257724761963,6.445434093475342,2.2809033393859863,891.495317697525,4.236508369445801,,,,,,
8789940000.0,109.58,8.0,6391222784.0,2369.8245083999227,1153.0,0.0738525390625,18907136.0,39536.33181643486,0.0008610839722678065,0.003662109375,2.025153875350952,-0.019936274737119675,0.7076270580291748,-0.02025154046714306,0.00031526386737823486,0.0,-0.02247828245162964,1.1789135932922363,0.7248661423570193,6.4719038009643555,1.951920509338379,6.44942569732666,2.247554302215576,6.913592100143433,4.236221075057983,,,,,,
8789940000.0,107.7,7.599999904632568,6391222784.0,2391.4936490082587,1154.0,0.074462890625,18923520.0,39543.18276500702,0.001237648306414485,0.006591796875,1.9827282428741455,-0.01979847252368927,0.6363599896430969,-0.019827283918857574,2.8813257813453674e-05,0.0,-0.012265708297491074,1.127767562866211,0.7625460862914877,6.4172186851501465,2.019275426864624,6.4049530029296875,2.3143551349639893,6.8509485721588135,4.187676668167114,,,,,,
8789940000.0,93.65,8.100000381469727,6391222784.0,2414.6200007111797,1155.0,0.0830078125,18939904.0,39549.96809768677,0.0018546576611697674,0.01434326171875,1.942347526550293,-0.020123353227972984,0.8075717687606812,-0.01942347176373005,-0.0006998814642429352,0.0,0.009378962218761444,1.2651362419128418,0.7271779030025589,6.523561000823975,2.085301399230957,6.532939910888672,2.422130823135376,6.785332679748535,4.199484348297119,,,,,,
8789940000.0,122.63,8.300000190734863,6391222784.0,2394.961284277796,1156.0,0.0732421875,18956288.0,39556.80912685394,0.0006399299018085003,0.001953125,2.0068130493164062,-0.01984190195798874,0.5905069708824158,-0.020068131387233734,0.00022622686810791492,0.0,0.04394347593188286,1.0786490440368652,0.7670607458464641,6.354767322540283,1.9965943098068237,6.39871072769165,2.234903573989868,6.841029167175293,4.184303045272827,,,,,,
8789940000.0,112.79,8.199999809265137,6391222784.0,2349.1655283450928,1157.0,0.0726318359375,18972672.0,39563.78351831436,0.0016323362942785025,0.01043701171875,1.9285929203033447,-0.01934759132564068,0.6580061316490173,-0.019285928457975388,-6.166473031044006e-05,0.0,0.02858063206076622,1.1481835842132568,0.721509003260332,6.498434066772461,1.9344862699508667,6.52701473236084,2.1757335662841797,6.974391460418701,4.193359851837158,,,,,,
8789940000.0,114.52,8.0,6391222784.0,2419.4582800111934,1158.0,0.067138671875,18989056.0,39570.555282115936,0.0022164126858115196,0.0211181640625,1.957425832748413,-0.01893303543329239,0.4821133315563202,-0.019574258476495743,0.0006412221118807793,0.0,0.024576958268880844,0.9833271503448486,0.7789609285110898,6.471002101898193,1.8320966958999634,6.495579242706299,2.0915274620056152,6.771763801574707,4.1976025104522705,,,,,,
8789940000.0,137.57,8.100000381469727,6391222784.0,2401.689329264084,1159.0,0.0555419921875,19005440.0,39577.377146959305,0.001065806020051241,0.00628662109375,2.0400772094726562,-0.020214498043060303,0.39352384209632874,-0.020400771871209145,0.00018627475947141647,0.0,-0.0369068868458271,0.8843287229537964,0.8061981891147791,6.428845405578613,1.7785131931304932,6.39193868637085,2.008791446685791,6.82186484336853,4.194868803024292,,,,,,
8789940000.0,120.64,8.399999618530273,6391222784.0,2387.807852556329,1160.0,0.0537109375,19021824.0,39584.23867058754,0.0013190892059355974,0.007080078125,2.0514936447143555,-0.02096863090991974,0.4210868775844574,-0.02051493711769581,-0.0004536965861916542,0.0,0.0017618504352867603,0.9195747375488281,0.7690612633547814,6.364391326904297,1.7221487760543823,6.366152763366699,1.913544774055481,6.861523628234863,4.206982135772705,,,,,,
8789940000.0,173.4,6.699999809265137,6391222784.0,2420.734066987139,1161.0,0.0384521484375,19038208.0,39591.006865501404,0.0012788493186235428,0.00689697265625,2.0918502807617188,-0.020661313086748123,0.5885683298110962,-0.020918501541018486,0.0002571865916252136,0.0,-0.13525032997131348,1.0839600563049316,0.663779392539277,6.055879592895508,1.5749258995056152,5.920628547668457,1.8693941831588745,6.768194913864136,4.211871385574341,,,,,,
8789940000.0,192.76,8.100000381469727,6391222784.0,2420.4740958692564,1162.0,0.0543212890625,19054592.0,39597.775787353516,0.0015355147188529372,0.01275634765625,2.0705013275146484,-0.020152568817138672,0.4618595540523529,-0.02070501074194908,0.0005524419248104095,0.0,0.03952294588088989,0.9574391841888428,0.7760310594776558,6.166766166687012,1.7615748643875122,6.206289291381836,2.0230984687805176,6.768921852111816,4.206136226654053,,,,,,
8789940000.0,130.42,8.199999809265137,6391222784.0,2431.249002692084,1163.0,0.0518798828125,19070976.0,39604.51471042633,0.0016856708098202944,0.0128173828125,2.081263542175293,-0.019939441233873367,0.4034954607486725,-0.020812634378671646,0.0008731894195079803,0.0,-0.005828920751810074,0.895151674747467,0.8020247716553601,6.050867080688477,1.787898063659668,6.045038223266602,2.0118300914764404,6.738923072814941,4.186176300048828,,,,,,
8789940000.0,152.77,7.699999809265137,6391222784.0,2387.4628319200515,1164.0,0.048828125,19087360.0,39611.377225637436,0.0020171809010207653,0.017578125,2.085736036300659,-0.020877111703157425,0.422525554895401,-0.02085736207664013,-1.975148916244507e-05,0.0,-0.03219499811530113,0.9210244417190552,0.7958774814305193,6.126848220825195,1.7942688465118408,6.094653129577637,2.038569927215576,6.862515211105347,4.188274145126343,,,,,,
8789940000.0,167.23,7.300000190734863,6391222784.0,2369.2970121564963,1165.0,0.0555419921875,19103744.0,39618.292356967926,0.001557268900796771,0.010498046875,2.032792091369629,-0.019703511148691177,0.6031715869903564,-0.020327918231487274,0.0006244071992114186,0.0,-0.0323776975274086,1.088476538658142,0.7326896573658748,6.14801549911499,1.7940938472747803,6.11563777923584,2.105286121368408,6.915131330490112,4.18122935295105,,,,,,
8789940000.0,134.12,8.300000190734863,6391222784.0,2389.8590447481215,1166.0,0.0616455078125,19120128.0,39625.14799141884,0.0019386813510209322,0.01513671875,2.045457601547241,-0.019465412944555283,0.566630482673645,-0.02045457437634468,0.000989159569144249,0.0,0.09149135649204254,1.062910556793213,0.745264840190796,6.380918979644775,1.9114922285079956,6.472410202026367,2.1059694290161133,6.855634450912476,4.1877601146698,,,,,,
8789940000.0,119.05,7.800000190734863,6391222784.0,2351.7179302301715,1167.0,0.050048828125,19136512.0,39632.11481332779,0.0009302138350903988,0.0057373046875,2.104417324066162,-0.020455190911889076,0.42191261053085327,-0.02104417234659195,0.0005889781750738621,0.0,-0.042931199073791504,0.9157612919807434,0.7886884087587983,6.095318794250488,1.7792298793792725,6.052387237548828,1.9921430349349976,6.966821908950806,4.182672500610352,,,,,,
8789940000.0,159.33,8.199999809265137,6391222784.0,2369.998839684981,1168.0,0.052490234375,19152896.0,39639.0278968811,0.0018521882593631744,0.015869140625,2.090024709701538,-0.020252063870429993,0.4863395690917969,-0.020900245755910873,0.0006481790915131569,0.0,0.06694689393043518,0.9845325350761414,0.7530933734362746,6.209196090698242,1.7141307592391968,6.276142120361328,1.981359601020813,6.913083553314209,4.199087619781494,,,,,,
8789940000.0,151.16,7.5,6391222784.0,2415.9469157014087,1169.0,0.0506591796875,19169280.0,39645.80950284004,0.003787809982895851,0.04150390625,2.088210105895996,-0.02016386203467846,0.5101918578147888,-0.020882101729512215,0.0007182387635111809,0.0,-0.05264103785157204,1.010055661201477,0.7533532409656173,6.364015579223633,1.767401933670044,6.311374664306641,2.033796548843384,6.781605958938599,4.193609952926636,,,,,,
8789940000.0,150.13,7.800000190734863,6391222784.0,2413.511861612559,1170.0,0.0665283203125,19185664.0,39652.597950935364,0.0026079872623085976,0.0269775390625,2.0492427349090576,-0.01964860036969185,0.5198673009872437,-0.020492427051067352,0.0008438257500529289,0.0,0.0216787438839674,1.0193533897399902,0.7640106667788317,6.252889633178711,1.8206182718276978,6.2745680809021,2.0983529090881348,6.788448095321655,4.203774452209473,,,,,,
8789940000.0,144.06,7.900000095367432,6391222784.0,2393.5175005356896,1171.0,0.0604248046875,19202048.0,39659.443106651306,0.0034927295055240393,0.03497314453125,2.091968536376953,-0.020501907914876938,0.605657160282135,-0.020919684320688248,0.0004177754744887352,0.0,-0.0034530204720795155,1.095381736755371,0.7290081189644215,6.242841720581055,1.8219404220581055,6.239388942718506,2.1042020320892334,6.845155715942383,4.2000648975372314,,,,,,
8789940000.0,131.92,8.100000381469727,6391222784.0,2437.6393658201623,1172.0,0.0628662109375,19218432.0,39666.16436338425,0.0017149222549051046,0.01165771484375,2.0822155475616455,-0.021053044125437737,0.5178444981575012,-0.020822154358029366,-0.0002308838302269578,0.0,0.019264807924628258,1.014025330543518,0.7755576939724204,6.130660057067871,1.876894474029541,6.149925231933594,2.140408992767334,6.721256732940674,4.184427261352539,,,,,,
8789940000.0,109.7,8.100000381469727,6391222784.0,2421.4337680671624,1173.0,0.05859375,19234816.0,39672.93060255051,0.00130885886028409,0.0086669921875,2.0758442878723145,-0.020818758755922318,0.5028041005134583,-0.02075844630599022,-6.031431257724762e-05,0.0,0.029300184920430183,1.0008845329284668,0.7792514682740819,6.128717422485352,1.8618113994598389,6.158017158508301,2.1302716732025146,6.766239166259766,4.202763795852661,,,,,,
8789940000.0,129.28,7.599999904632568,6391222784.0,2430.0806075756996,1174.0,0.0653076171875,19251200.0,39679.67276573181,0.0011381817748770118,0.006591796875,2.0458285808563232,-0.02010948956012726,0.6872113347053528,-0.020458286628127098,0.00034879613667726517,0.0,0.0014683827757835388,1.1691513061523438,0.7163471792683176,6.283221244812012,1.9293338060379028,6.284689426422119,2.195215940475464,6.742163181304932,4.18896222114563,,,,,,
8789940000.0,102.24,7.599999904632568,6391222784.0,2424.7348812024347,1175.0,0.078125,19267584.0,39686.42979311943,0.0015248720301315188,0.01153564453125,2.0642404556274414,-0.02003532648086548,0.7049433588981628,-0.02064240537583828,0.000607077032327652,0.0,-0.020803790539503098,1.1838747262954712,0.7447787338772837,6.515639781951904,1.9950323104858398,6.49483585357666,2.3434057235717773,6.7570273876190186,4.18556809425354,,,,,,
8789940000.0,115.9,7.099999904632568,6391222784.0,2410.829983165108,1176.0,0.0701904296875,19283968.0,39693.22579288483,0.0009764329879544675,0.00567626953125,2.0482447147369385,-0.020302679389715195,0.6818557977676392,-0.020482443273067474,0.00017976388335227966,0.0,-0.003156001679599285,1.1720789670944214,0.7255976291287982,6.379142761230469,1.9285255670547485,6.3759870529174805,2.2375006675720215,6.795999765396118,4.1927149295806885,,,,,,
8789940000.0,102.36,8.100000381469727,6391222784.0,2357.7280007926856,1177.0,0.0604248046875,19300352.0,39700.174855709076,0.0020895858760923147,0.01849365234375,2.1083059310913086,-0.02041996829211712,0.5598695874214172,-0.021083056926727295,0.0006630886346101761,0.0,0.015155702829360962,1.0525190830230713,0.743383420438392,6.235611915588379,1.8577560186386108,6.250767230987549,2.0777218341827393,6.949062824249268,4.201611518859863,,,,,,
8789940000.0,129.58,7.5,6391222784.0,2402.310792236184,1178.0,0.06591796875,19316736.0,39706.99495577812,0.001490577356889844,0.01080322265625,2.06046986579895,-0.01936245523393154,0.6815418004989624,-0.020604699850082397,0.0012422427535057068,0.0,-0.01696716621518135,1.1739916801452637,0.7197094344919319,6.391867637634277,1.8981883525848389,6.374899864196777,2.21748423576355,6.8201000690460205,4.195268630981445,,,,,,
8789940000.0,110.63,7.699999809265137,6391222784.0,2382.953070586021,1179.0,0.06103515625,19333120.0,39713.87045836449,0.00233508856035769,0.02081298828125,2.057170867919922,-0.019297480583190918,0.5289750099182129,-0.02057170867919922,0.0012742280960083008,0.0,-0.0015030759386718273,1.021162986755371,0.7820275549626805,6.230854034423828,1.8930957317352295,6.229351043701172,2.1872293949127197,6.875502586364746,4.190602540969849,,,,,,
8789940000.0,144.3,7.900000095367432,6391222784.0,2371.6052340538877,1180.0,0.0592041015625,19349504.0,39720.77885937691,0.001643156399950385,0.0126953125,2.0450568199157715,-0.019848864525556564,0.5372571349143982,-0.020450565963983536,0.0006016995757818222,0.0,0.025461701676249504,1.0400055646896362,0.7653325536441268,6.13174295425415,1.8763138055801392,6.157204627990723,2.1468865871429443,6.908401012420654,4.181666374206543,,,,,,
8789940000.0,118.16,7.800000190734863,6391222784.0,2421.470116146177,1181.0,0.0634765625,19365888.0,39727.54499697685,0.0024107536301016808,0.02264404296875,2.0610952377319336,-0.01930498704314232,0.55635666847229,-0.020610950887203217,0.0013059619814157486,0.0,-0.04394388198852539,1.0548367500305176,0.7711358612475199,6.396845817565918,1.9644582271575928,6.352901935577393,2.2049384117126465,6.766137599945068,4.1907312870025635,,,,,,
8789940000.0,156.0,7.400000095367432,6391222784.0,2401.6245315931533,1182.0,0.054931640625,19382272.0,39734.367045879364,0.002789073623716831,0.02301025390625,2.0741004943847656,-0.019092276692390442,0.5495021939277649,-0.02074100449681282,0.001648731529712677,0.0,0.02917955443263054,1.0460257530212402,0.7576132454413768,6.17252254486084,1.8367016315460205,6.201702117919922,2.1246535778045654,6.822048902511597,4.172780513763428,,,,,,
8789940000.0,128.14,7.699999809265137,6391222784.0,2432.4051766591956,1183.0,0.064697265625,19398656.0,39741.10276579857,0.002715687733143568,0.0283203125,2.0877065658569336,-0.020848562940955162,0.6999236345291138,-0.020877063274383545,2.8504058718681335e-05,0.0,-0.06639470905065536,1.1849288940429688,0.7013262289511404,6.551522731781006,1.8956528902053833,6.485127925872803,2.1681716442108154,6.735719919204712,4.201190233230591,,,,,,
,,,,,,,,,,,,,,,,,,,,,,,,,,0.041451189666986465,0.6044179797172546,0.5490773916244507,0.041451189666986465,0.6044179797172546,0.5490773916244507
,,,,,,,,,,,,,,,,,,,,,,,,,,0.03397759050130844,0.5412724614143372,0.5140863656997681,0.03397759050130844,0.5412724614143372,0.5140863656997681
,,,,,,,,,,,,,,,,,,,,,,,,,,0.03221723064780235,0.5143042206764221,0.4866974353790283,0.03221723064780235,0.5143042206764221,0.4866974353790283
,,,,,,,,,,,,,,,,,,,,,,,,,,0.03124394826591015,0.4928095042705536,0.46553167700767517,0.03124394826591015,0.4928095042705536,0.46553167700767517
,,,,,,,,,,,,,,,,,,,,,,,,,,0.031021572649478912,0.4753115475177765,0.4445197582244873,0.031021572649478912,0.4753115475177765,0.4445197582244873
,,,,,,,,,,,,,,,,,,,,,,,,,,0.03048505261540413,0.46123048663139343,0.4300598204135895,0.03048505261540413,0.46123048663139343,0.4300598204135895
8789940000.0,119.88,7.0,6188634112.0,18.416071915381316,1184.0,0.06103515625,19415040.0,40630.76045584679,0.0007599154487252235,0.0025634765625,2.106738567352295,-0.020986421033740044,0.7012492418289185,-0.021067382767796516,8.096545934677124e-05,0.0,-0.09059849381446838,1.1873376369476318,0.7283489032364235,6.4370880126953125,2.0244433879852295,6.346489906311035,2.2780776023864746,889.6576900482178,4.202413082122803,,,,,,
8789940000.0,127.42,7.5,6391222784.0,2335.499614174021,1185.0,0.0592041015625,19431424.0,40637.77565717697,0.0006533769192174077,0.0023193359375,2.1537110805511475,-0.021835986524820328,0.6207760572433472,-0.021537110209465027,-0.00029887910932302475,0.0,-0.012670825235545635,1.117400884628296,0.7267966532558596,6.3263983726501465,1.8726654052734375,6.313727378845215,2.137793779373169,7.0152013301849365,4.196046352386475,,,,,,
8789940000.0,102.93,7.099999904632568,6391222784.0,2392.1600581697553,1186.0,0.0469970703125,19447808.0,40644.624697208405,0.0009412324288859963,0.00421142578125,2.165844440460205,-0.021775510162115097,0.5313794612884521,-0.02165844477713108,-0.00011706585064530373,0.0,-0.08736635744571686,1.0273702144622803,0.7343042950982788,6.016629219055176,1.7250046730041504,5.929262638092041,1.993125557899475,6.8490400314331055,4.203723430633545,,,,,,
8789940000.0,160.14,7.199999809265137,6391222784.0,2385.7882571802115,1187.0,0.04150390625,19464192.0,40651.49202919006,0.0008475224021822214,0.00347900390625,2.1897006034851074,-0.021596236154437065,0.4597633481025696,-0.021897006779909134,0.00030076876282691956,0.0,-0.07481344044208527,0.9610387086868286,0.7626444133600988,5.767997741699219,1.6817978620529175,5.6931843757629395,1.9726098775863647,6.8673319816589355,4.208395957946777,,,,,,
8789940000.0,169.89,7.800000190734863,6391222784.0,2437.8565081349,1188.0,0.047607421875,19480576.0,40658.21268725395,0.0011556916870176792,0.005126953125,2.1890227794647217,-0.022013720124959946,0.4420991539955139,-0.021890226751565933,-0.0001234940718859434,0.0,0.015560714527964592,0.9415543079376221,0.7824498055966678,5.895598411560059,1.7909427881240845,5.911159038543701,2.018671989440918,6.72065806388855,4.195877313613892,,,,,,
8789940000.0,143.22,7.5,6391222784.0,2411.40135298472,1189.0,0.0518798828125,19496960.0,40665.007076740265,0.0018376861698925495,0.0135498046875,2.1862502098083496,-0.02162153273820877,0.5120959281921387,-0.02186250314116478,0.00024097226560115814,0.0,0.002707060892134905,1.009998083114624,0.7959192227755713,5.834712505340576,1.9379287958145142,5.837419509887695,2.235731363296509,6.794389486312866,4.184521436691284,,,,,,
8789940000.0,127.94,7.099999904632568,6391222784.0,2421.74882100955,1190.0,0.0640869140625,19513344.0,40671.77243566513,0.0008670702809467912,0.00439453125,2.118152618408203,-0.0210080798715353,0.7465350031852722,-0.02118152566254139,0.00017344672232866287,0.0,-0.014749069698154926,1.2217350006103516,0.7321420335175687,5.9938554763793945,2.011064291000366,5.979106426239014,2.360612154006958,6.765358924865723,4.1977715492248535,,,,,,
8789940000.0,121.78,7.400000095367432,6391222784.0,2387.8090141310586,1191.0,0.0579833984375,19529728.0,40678.633955955505,0.0010810891399160028,0.00640869140625,2.104569435119629,-0.021214958280324936,0.6441296339035034,-0.02104569599032402,-0.00016926415264606476,0.0,0.0487293004989624,1.135068416595459,0.7492230186107285,5.900986671447754,2.006751537322998,5.949716091156006,2.266617774963379,6.861520290374756,4.199151039123535,,,,,,
8789940000.0,123.94,7.599999904632568,6391222784.0,2424.571224297832,1192.0,0.0787353515625,19546112.0,40685.391439437866,0.0019444999052211642,0.01556396484375,2.1149492263793945,-0.02073262259364128,0.6659300923347473,-0.021149490028619766,0.0004168709274381399,0.0,0.06442063301801682,1.1553093194961548,0.7618598974861209,6.238966464996338,2.088839054107666,6.303387641906738,2.367457151412964,6.75748348236084,4.197595119476318,,,,,,
8789940000.0,114.93,7.800000190734863,6391222784.0,2409.0129438106424,1193.0,0.06103515625,19562496.0,40692.19256520271,0.0011911975452676415,0.00823974609375,2.1386213302612305,-0.021390628069639206,0.5780526399612427,-0.02138621360063553,-4.41819429397583e-06,0.0,0.026799339801073074,1.0687333345413208,0.7676581964654524,6.169732570648193,1.9863331317901611,6.196532249450684,2.21720552444458,6.801125764846802,4.190676212310791,,,,,,
8789940000.0,110.37,8.600000381469727,6391222784.0,2364.538043305096,1194.0,0.08056640625,19578880.0,40699.12161421776,0.001983111025765538,0.0177001953125,2.027730941772461,-0.02090112678706646,0.6922674179077148,-0.02027731016278267,-0.0006238208152353764,0.0,0.09601831436157227,1.170947790145874,0.7540931807786198,6.58705997467041,2.1344611644744873,6.683078289031982,2.3613052368164062,6.929049015045166,4.179940223693848,,,,,,
8789940000.0,93.45,7.900000095367432,6391222784.0,2366.107793488864,1195.0,0.0726318359375,19595264.0,40706.04606628418,0.0012703828979283571,0.00543212890625,2.037919521331787,-0.019584186375141144,0.6385250687599182,-0.020379193127155304,0.0007950076833367348,0.0,0.017490481957793236,1.1260614395141602,0.7378389455199306,6.461365699768066,1.9468685388565063,6.478856086730957,2.199268102645874,6.924452066421509,4.188326120376587,,,,,,
8789940000.0,77.74,8.199999809265137,6391222784.0,2382.396918114536,1196.0,0.0823974609375,19611648.0,40712.92317390442,0.001165039837360382,0.00640869140625,1.9815657138824463,-0.019596146419644356,0.6707483530044556,-0.019815655425190926,0.00021950900554656982,0.0,0.01529221422970295,1.1550302505493164,0.7329191849587138,6.578310966491699,1.9326297044754028,6.593602657318115,2.2349698543548584,6.877107620239258,4.196321964263916,,,,,,
8789940000.0,95.85,7.5,6391222784.0,2391.630729960352,1197.0,0.057373046875,19628032.0,40719.77372980118,0.000963035796303302,0.00311279296875,2.051128625869751,-0.020564371719956398,0.5353940725326538,-0.020511284470558167,-5.308631807565689e-05,0.0,-0.06294053047895432,1.0348035097122192,0.7369020574309564,6.232572555541992,1.7547118663787842,6.1696319580078125,2.0174334049224854,6.850555896759033,4.204864501953125,,,,,,
8789940000.0,115.61,8.199999809265137,6391222784.0,2424.4277753338492,1198.0,0.0628662109375,19644416.0,40726.531613111496,0.001465133624151349,0.00823974609375,2.0795211791992188,-0.01994633488357067,0.5053204894065857,-0.02079521119594574,0.0008488725870847702,0.0,0.00041801854968070984,0.9944286346435547,0.778844342739132,6.272402763366699,1.8429110050201416,6.272820472717285,2.11458158493042,6.757883310317993,4.185516119003296,,,,,,
8789940000.0,135.38,8.0,6391222784.0,2407.1868362868245,1199.0,0.059814453125,19660800.0,40733.337898254395,0.0012800259282812476,0.00653076171875,2.050461769104004,-0.02019273117184639,0.6063453555107117,-0.02050461620092392,0.00031189247965812683,0.0,0.044749848544597626,1.0914970636367798,0.7409043139382359,6.2578582763671875,1.9368038177490234,6.302608489990234,2.144334077835083,6.80628514289856,4.183580160140991,,,,,,
8789940000.0,130.88,8.5,6391222784.0,2409.646399090555,1200.0,0.0732421875,19677184.0,40740.13723611832,0.0017066770233213902,0.01202392578125,2.0805599689483643,-0.02056867629289627,0.5476009249687195,-0.020805599167943,0.00023692473769187927,0.0,0.045460350811481476,1.0463119745254517,0.7706985000071339,6.6949615478515625,1.9537181854248047,6.740421295166016,2.185029983520508,6.799337863922119,4.206566333770752,,,,,,
8789940000.0,115.46,8.5,6391222784.0,2405.9370778243247,1201.0,0.064697265625,19693568.0,40746.947056770325,0.001793989329598844,0.01312255859375,2.058438301086426,-0.020313117653131485,0.5296767354011536,-0.020584382116794586,0.0002712639980018139,0.0,0.07191713154315948,1.0337836742401123,0.7492211565265499,6.559806823730469,1.8403956890106201,6.6317243576049805,2.0643560886383057,6.809820652008057,4.193864822387695,,,,,,
8789940000.0,126.87,8.600000381469727,6391222784.0,2421.640693655926,1202.0,0.0738525390625,19709952.0,40753.71271777153,0.0008290641126222908,0.00408935546875,2.0261003971099854,-0.01994314417243004,0.5504907965660095,-0.0202610045671463,0.00031786318868398666,0.0,0.03194905072450638,1.0500966310501099,0.7526637803920178,6.791009902954102,1.891980767250061,6.8229594230651855,2.111471176147461,6.765661001205444,4.198298692703247,,,,,,
8789940000.0,93.77,7.699999809265137,6391222784.0,2374.966882092641,1203.0,0.0714111328125,19726336.0,40760.61134028435,0.0008836811757646501,0.00396728515625,2.041308879852295,-0.020305603742599487,0.6769218444824219,-0.02041308954358101,0.00010748254135251045,0.0,-0.0915132686495781,1.1653976440429688,0.724854514503406,6.7809343338012695,1.8991358280181885,6.689420700073242,2.221738576889038,6.898622512817383,4.179992914199829,,,,,,
8789940000.0,116.43,8.199999809265137,6391222784.0,2410.2103607076324,1204.0,0.0750732421875,19742720.0,40767.40908718109,0.001360835856758058,0.00909423828125,2.060330390930176,-0.020391028374433517,0.5603295564651489,-0.020603306591510773,0.00021227728575468063,0.0,0.010938437655568123,1.0568366050720215,0.7723296441392712,6.686648368835449,1.9068622589111328,6.697587013244629,2.214902400970459,6.797746896743774,4.2120771408081055,,,,,,
8789940000.0,126.39,7.5,6391222784.0,2404.040776088484,1205.0,0.0628662109375,19759104.0,40774.22427940369,0.0009535094723105431,0.005615234375,2.0920894145965576,-0.020069794729351997,0.5436998009681702,-0.020920895040035248,0.0008511021733283997,0.0,-0.09453082084655762,1.041090965270996,0.7626724857732559,6.464123725891113,1.8474011421203613,6.369593143463135,2.1370484828948975,6.815192222595215,4.200928688049316,,,,,,
8789940000.0,118.11,7.699999809265137,6391222784.0,2388.0396090938434,1206.0,0.06591796875,19775488.0,40781.08513712883,0.0020483657717704773,0.0142822265625,2.06508207321167,-0.020046567544341087,0.524206817150116,-0.020650820806622505,0.0006042523309588432,0.0,-0.00423777848482132,1.0239505767822266,0.7807360405776643,6.441787242889404,1.8930827379226685,6.437549591064453,2.1867315769195557,6.860857725143433,4.19787859916687,,,,,,
8789940000.0,114.16,7.400000095367432,6391222784.0,2412.687290525222,1207.0,0.067138671875,19791872.0,40787.875905275345,0.001309440704062581,0.0069580078125,2.1019175052642822,-0.02097613736987114,0.6252012252807617,-0.02101917564868927,4.303641617298126e-05,0.0,-0.07967522740364075,1.118303656578064,0.7524633450108642,6.423809051513672,1.9753749370574951,6.3441338539123535,2.2477080821990967,6.790768146514893,4.208801507949829,,,,,,
8789940000.0,124.4,7.699999809265137,6391222784.0,2435.01786222513,1208.0,0.0628662109375,19808256.0,40794.60439801216,0.0014882878167554736,0.01092529296875,2.1068668365478516,-0.02080683782696724,0.7023364305496216,-0.021068667992949486,0.0002618301659822464,0.0,-0.05367466062307358,1.179842472076416,0.7228918402840259,6.362372398376465,1.9521840810775757,6.30869722366333,2.2412965297698975,6.728492736816406,4.207613468170166,,,,,,
8789940000.0,132.88,7.900000095367432,6391222784.0,2421.186186477995,1209.0,0.0604248046875,19824640.0,40801.37132906914,0.0009431994985789061,0.00482177734375,2.1661627292633057,-0.021161071956157684,0.5140278339385986,-0.021661626175045967,0.0005005523562431335,0.0,-0.0007253978401422501,1.0133676528930664,0.7715491371862407,6.159313201904297,1.8657968044281006,6.15858793258667,2.1201703548431396,6.766931056976318,4.1991167068481445,,,,,,
8789940000.0,142.6,7.800000190734863,6391222784.0,2403.386308120108,1210.0,0.0457763671875,19841024.0,40808.18837714195,0.0007253397488966584,0.0037841796875,2.1621453762054443,-0.021700294688344002,0.4311138391494751,-0.021621452644467354,-7.884809747338295e-05,0.0,0.0074164774268865585,0.9326256513595581,0.7768744915959925,6.027649402618408,1.7115578651428223,6.035065650939941,1.9743884801864624,6.817048072814941,4.188455104827881,,,,,,
8789940000.0,152.82,7.300000190734863,6391222784.0,2417.2058223165022,1211.0,0.0494384765625,19857408.0,40814.96645116806,0.0011413686443120241,0.00653076171875,2.1751089096069336,-0.021956615149974823,0.4977691173553467,-0.02175108902156353,-0.00020552519708871841,0.0,-0.06898436695337296,0.996044933795929,0.7610793857664971,6.037975311279297,1.7759816646575928,5.968991279602051,2.037755250930786,6.778074026107788,4.21008038520813,,,,,,
8789940000.0,131.65,7.900000095367432,6391222784.0,2387.0078790269645,1212.0,0.0537109375,19873792.0,40821.83027434349,0.0012710290029644966,0.00823974609375,2.1429507732391357,-0.021459238603711128,0.5129485726356506,-0.021429507061839104,-2.9731541872024536e-05,0.0,0.016081124544143677,1.0136147737503052,0.7625192674060426,5.935352802276611,1.7977839708328247,5.951434135437012,2.07997727394104,6.863823175430298,4.194275379180908,,,,,,
8789940000.0,144.93,6.900000095367432,6391222784.0,2376.5736096367887,1213.0,0.045166015625,19890176.0,40828.72423291206,0.0011954755755141377,0.007568359375,2.143078327178955,-0.020682036876678467,0.49913737177848816,-0.021430782973766327,0.0007487456314265728,0.0,-0.07397262752056122,0.995164692401886,0.7490915514832066,5.845975875854492,1.6821050643920898,5.772003173828125,1.986722707748413,6.893958568572998,4.202536344528198,,,,,,
8789940000.0,145.75,7.900000095367432,6391222784.0,2365.4318803440337,1214.0,0.0628662109375,19906560.0,40835.65066361427,0.0018224952509626746,0.01507568359375,2.0604465007781982,-0.01996622420847416,0.5863051414489746,-0.020604465156793594,0.0006382390856742859,0.0,0.035115525126457214,1.0836775302886963,0.7604023676050966,6.154215335845947,1.9134608507156372,6.189330577850342,2.21390438079834,6.926430702209473,4.193815469741821,,,,,,
8789940000.0,130.09,7.800000190734863,6391222784.0,2316.6843549830687,1215.0,0.0616455078125,19922944.0,40842.722839832306,0.000882099149748683,0.00537109375,2.097503185272217,-0.020843427628278732,0.5058462619781494,-0.020975032821297646,0.00013160519301891327,0.0,-0.030572056770324707,1.0073155164718628,0.7901748324581176,6.087360858917236,1.9493831396102905,6.056788444519043,2.1990578174591064,7.072176218032837,4.182987689971924,,,,,,
,,,,,,,,,,,,,,,,,,,,,,,,,,0.01824016310274601,0.6164905428886414,0.5698027610778809,0.01824016310274601,0.6164905428886414,0.5698027610778809
,,,,,,,,,,,,,,,,,,,,,,,,,,0.01732020266354084,0.562210738658905,0.5328412652015686,0.01732020266354084,0.562210738658905,0.5328412652015686
,,,,,,,,,,,,,,,,,,,,,,,,,,0.01690816506743431,0.5366929769515991,0.5049357414245605,0.01690816506743431,0.5366929769515991,0.5049357414245605
,,,,,,,,,,,,,,,,,,,,,,,,,,0.016674181446433067,0.5134979486465454,0.48092401027679443,0.016674181446433067,0.5134979486465454,0.48092401027679443
,,,,,,,,,,,,,,,,,,,,,,,,,,0.01662212610244751,0.4954453706741333,0.4608827531337738,0.01662212610244751,0.4954453706741333,0.4608827531337738
,,,,,,,,,,,,,,,,,,,,,,,,,,0.01715049520134926,0.4760800898075104,0.44051384925842285,0.01715049520134926,0.4760800898075104,0.44051384925842285
8789940000.0,129.36,7.800000190734863,6188634112.0,18.414745311631375,1216.0,0.05615234375,19939328.0,41732.44462108612,0.0007253654184751213,0.0025634765625,2.135795831680298,-0.02130824886262417,0.6047645211219788,-0.021357957273721695,4.971306771039963e-05,0.0,-0.01801919937133789,1.101446270942688,0.7253287548709231,6.308973789215088,1.8483504056930542,6.29095458984375,2.101632595062256,889.7217812538147,4.219017744064331,,,,,,
8789940000.0,134.58,7.5,6391222784.0,2353.330334891867,1217.0,0.0592041015625,19955712.0,41739.4066696167,0.0007621545810252428,0.002197265625,2.1777899265289307,-0.02157500386238098,0.6257676482200623,-0.02177789993584156,0.00020289607346057892,0.0,-0.046293940395116806,1.1194242238998413,0.7275124054762518,6.22196102142334,1.9089946746826172,6.1756672859191895,2.144477605819702,6.962048530578613,4.204796075820923,,,,,,
8789940000.0,169.62,7.400000095367432,6391222784.0,2361.6151294080096,1218.0,0.0592041015625,19972096.0,41746.344294548035,0.0008234065608121455,0.003662109375,2.123070001602173,-0.02069786563515663,0.6548507213592529,-0.021230699494481087,0.0005328357219696045,0.0,-0.0459023118019104,1.1464909315109253,0.7161288119604626,6.173519134521484,1.8735685348510742,6.1276164054870605,2.1518397331237793,6.937624931335449,4.195777416229248,,,,,,
8789940000.0,92.42,8.100000381469727,6391222784.0,2367.2452315939254,1219.0,0.06103515625,19988480.0,41753.265419483185,0.0014940107939764857,0.00909423828125,2.166982412338257,-0.021401628851890564,0.5102025270462036,-0.021669823676347733,0.00026819342747330666,0.0,0.006224748212844133,1.0075665712356567,0.7534825052041065,6.037904262542725,1.758040428161621,6.044129371643066,2.0293173789978027,6.9211249351501465,4.198843717575073,,,,,,
8789940000.0,123.05,7.599999904632568,6391222784.0,2355.737223190627,1220.0,0.0567626953125,20004864.0,41760.220354795456,0.0007429117104038596,0.00299072265625,2.1487550735473633,-0.021084418520331383,0.5549217462539673,-0.02148754894733429,0.00040313228964805603,0.0,-0.0069147199392318726,1.0516623258590698,0.7554191928775361,5.963373184204102,1.816256046295166,5.95645809173584,2.1264967918395996,6.954935312271118,4.206402063369751,,,,,,
8789940000.0,121.58,7.900000095367432,6391222784.0,2367.4536834407827,1221.0,0.0604248046875,20021248.0,41767.14087033272,0.0006725534331053495,0.0028076171875,2.1679911613464355,-0.021386321634054184,0.4776141047477722,-0.021679911762475967,0.00029358803294599056,0.0,-0.0016035279259085655,0.973025918006897,0.7884822468300838,6.017324924468994,1.8292162418365479,6.015721321105957,2.1156845092773438,6.920515537261963,4.184203863143921,,,,,,
8789940000.0,137.17,8.0,6391222784.0,2365.0505618070333,1222.0,0.050048828125,20037632.0,41774.06841778755,0.0007322226883843541,0.00250244140625,2.0886764526367188,-0.02038443088531494,0.4660033583641052,-0.02088676393032074,0.0005023302510380745,0.0,0.014031204394996166,0.9634642601013184,0.7525222971082668,5.912474155426025,1.6913913488388062,5.926505088806152,1.9367238283157349,6.927547454833984,4.20131778717041,,,,,,
8789940000.0,163.64,7.199999809265137,6391222784.0,2373.1931541835133,1223.0,0.0555419921875,20054016.0,41780.97219634056,0.0009967710357159376,0.00396728515625,2.101151943206787,-0.02070523239672184,0.5887930393218994,-0.02101151831448078,0.00030628591775894165,0.0,-0.015129577368497849,1.0801866054534912,0.7444302950974686,6.072172164916992,1.84091317653656,6.057042121887207,2.1367013454437256,6.903778553009033,4.207563161849976,,,,,,
8789940000.0,106.64,7.800000190734863,6391222784.0,2381.311549757367,1224.0,0.0567626953125,20070400.0,41787.85243844986,0.0015928939683362842,0.0106201171875,2.1447291374206543,-0.021100711077451706,0.4936147630214691,-0.02144729159772396,0.00034658145159482956,0.0,-0.027303876355290413,0.9938106536865234,0.7854123237455016,6.123584747314453,1.8946589231491089,6.096280574798584,2.1453654766082764,6.880242109298706,4.186805009841919,,,,,,
8789940000.0,143.13,7.900000095367432,6391222784.0,2341.4322361113886,1225.0,0.0653076171875,20086784.0,41794.84986495972,0.0012063552858307958,0.0067138671875,2.1518774032592773,-0.0206887386739254,0.5049566030502319,-0.021518774330615997,0.0008300291374325752,0.0,0.002881034277379513,1.0021700859069824,0.7994583414226641,6.04732608795166,1.9977991580963135,6.050207138061523,2.23789119720459,6.997426509857178,4.190194129943848,,,,,,
8789940000.0,153.56,8.100000381469727,6391222784.0,2272.0786171638065,1226.0,0.0543212890625,20103168.0,41802.0608830452,0.0012457570992410183,0.008544921875,2.135333776473999,-0.020783619955182076,0.4967324733734131,-0.02135333977639675,0.0005697216838598251,0.0,0.014311311766505241,0.9947450757026672,0.7823487994668679,5.921822547912598,1.9086376428604126,5.936134338378906,2.132216691970825,7.211018085479736,4.196836233139038,,,,,,
8789940000.0,113.85,7.599999904632568,6391222784.0,2356.294166227944,1227.0,0.05859375,20119552.0,41809.014174461365,0.001184553373605013,0.00787353515625,2.08018159866333,-0.020384900271892548,0.572627067565918,-0.020801817998290062,0.0004169149324297905,0.0,-0.022154992446303368,1.0711266994476318,0.7463900059425379,5.956085681915283,1.8782446384429932,5.93393087387085,2.126951217651367,6.953291416168213,4.202574253082275,,,,,,
8789940000.0,154.95,7.599999904632568,6391222784.0,2400.5328977688323,1228.0,0.0494384765625,20135936.0,41815.83932566643,0.001659319386817515,0.01446533203125,2.112194538116455,-0.0202821996062994,0.44784295558929443,-0.02112194523215294,0.0008397446945309639,0.0,-0.03093481995165348,0.9456037878990173,0.7902523220697502,5.903336048126221,1.8211320638656616,5.872401237487793,2.064716339111328,6.825151205062866,4.182136535644531,,,,,,
8789940000.0,154.11,7.0,6391222784.0,2410.554800357222,1229.0,0.037841796875,20152320.0,41822.63610124588,0.00207699672318995,0.0174560546875,2.1717302799224854,-0.021013101562857628,0.46923691034317017,-0.02171730250120163,0.000704202800989151,0.0,-0.10955860465765,0.9688403010368347,0.7512604226438871,5.636198997497559,1.697561502456665,5.526639938354492,1.942582607269287,6.796775579452515,4.208010911941528,,,,,,
8789940000.0,171.34,6.900000095367432,6391222784.0,2340.781826947121,1230.0,0.040283203125,20168704.0,41829.63547205925,0.002296474762260914,0.02020263671875,2.210937023162842,-0.021880893036723137,0.4924822151660919,-0.022109370678663254,0.00022847577929496765,0.0,-0.032657451927661896,0.9921569228172302,0.7428480751051328,5.475228309631348,1.667745590209961,5.442570686340332,1.9565234184265137,6.999370813369751,4.20158576965332,,,,,,
8789940000.0,168.42,7.0,6391222784.0,2337.3380189290447,1231.0,0.0335693359375,20185088.0,41836.64515566826,0.001734832301735878,0.0113525390625,2.26692271232605,-0.02228190004825592,0.37802499532699585,-0.022669225931167603,0.0003873240202665329,0.0,-0.06578946113586426,0.8676495552062988,0.7757421150349872,5.361248970031738,1.5763742923736572,5.295459270477295,1.832189679145813,7.009683609008789,4.185230493545532,,,,,,
8789940000.0,178.5,8.100000381469727,6391222784.0,2351.3445600397927,1232.0,0.0506591796875,20201472.0,41843.61308383942,0.0019725854508578777,0.01458740234375,2.2362143993377686,-0.022168651223182678,0.4180109202861786,-0.02236214280128479,0.00019349250942468643,0.0,0.07725955545902252,0.9185680150985718,0.8028050671631927,5.685855865478516,1.7755579948425293,5.763114929199219,2.0685367584228516,6.967928171157837,4.176989555358887,,,,,,
8789940000.0,134.03,8.199999809265137,6391222784.0,2358.5771101162895,1233.0,0.057373046875,20217856.0,41850.559644937515,0.002556850668042898,0.02154541015625,2.1844985485076904,-0.021893808618187904,0.513306200504303,-0.021844984963536263,-4.8821792006492615e-05,0.0,0.02746455930173397,1.0115249156951904,0.7802342940483415,5.829624176025391,1.9568769931793213,5.857088565826416,2.1577277183532715,6.946561098098755,4.198707818984985,,,,,,
8789940000.0,139.61,8.300000190734863,6391222784.0,2392.8850800529226,1234.0,0.0531005859375,20234240.0,41857.406609773636,0.001637110486626625,0.0098876953125,2.16770339012146,-0.021357085555791855,0.422405481338501,-0.021677032113075256,0.00031995028257369995,0.0,0.014633816666901112,0.9150490164756775,0.8242152559207043,5.808958053588867,1.9634510278701782,5.823592185974121,2.182497978210449,6.8469648361206055,4.199549913406372,,,,,,
8789940000.0,152.5,7.5,6391222784.0,2386.5773842843237,1235.0,0.052490234375,20250624.0,41864.27167105675,0.0019320296123623848,0.01495361328125,2.1508564949035645,-0.02096569538116455,0.5218426585197449,-0.021508563309907913,0.000542868860065937,0.0,-0.03189047425985336,1.0186755657196045,0.7828805587369622,5.778139114379883,1.9056942462921143,5.746248245239258,2.186183452606201,6.865061283111572,4.188477993011475,,,,,,
8789940000.0,136.9,7.199999809265137,6391222784.0,2400.1952561134717,1236.0,0.054931640625,20267008.0,41871.09778237343,0.0019087097607553005,0.0155029296875,2.202772617340088,-0.02124144695699215,0.5291062593460083,-0.022027725353837013,0.0007862811908125877,0.0,-0.07366611063480377,1.0245451927185059,0.785858892187705,5.841156005859375,1.9505122900009155,5.767489910125732,2.214017629623413,6.826111316680908,4.191757678985596,,,,,,
8789940000.0,159.69,8.199999809265137,6391222784.0,2295.2911448349428,1237.0,0.050048828125,20283392.0,41878.23587465286,0.0019329930655658245,0.01422119140625,2.196706771850586,-0.021776383742690086,0.432338148355484,-0.02196706458926201,0.00019068270921707153,0.0,0.03338869661092758,0.9292777180671692,0.8063856293623177,5.712479591369629,1.9006751775741577,5.745867729187012,2.111915349960327,7.138092279434204,4.318057537078857,,,,,,
8789940000.0,148.54,7.400000095367432,6391222784.0,2366.4249925032796,1238.0,0.048828125,20299776.0,41885.159398555756,0.0015158780151978135,0.01116943359375,2.180739641189575,-0.02189015969634056,0.5227352976799011,-0.02180739864706993,-8.276384323835373e-05,0.0,-0.024690499529242516,1.0192573070526123,0.783103406105666,5.738899230957031,1.9533957242965698,5.714209079742432,2.18855619430542,6.923523902893066,4.218665361404419,,,,,,
8789940000.0,155.11,7.699999809265137,6391222784.0,2379.7068171951196,1239.0,0.0469970703125,20316160.0,41892.0442802906,0.002428109059110284,0.02203369140625,2.220768928527832,-0.022090725600719452,0.44369035959243774,-0.02220769040286541,0.00011696526780724525,0.0,-0.03098193183541298,0.9390870928764343,0.8119782322413891,5.752315998077393,1.938445806503296,5.721334457397461,2.165717840194702,6.8848817348480225,4.207091569900513,,,,,,
8789940000.0,144.96,7.599999904632568,6391222784.0,2346.3874231310697,1240.0,0.0506591796875,20332544.0,41899.02692937851,0.0021081119775772095,0.02008056640625,2.167804718017578,-0.02063356712460518,0.47496795654296875,-0.021678045392036438,0.0010444787330925465,0.0,-0.016932303085923195,0.9759573340415955,0.7903205173391985,5.703802585601807,1.871385097503662,5.686870098114014,2.131340980529785,6.982649087905884,4.254788160324097,,,,,,
8789940000.0,153.11,8.199999809265137,6391222784.0,2402.6218123500316,1241.0,0.04638671875,20348928.0,41905.84614658356,0.0021872655488550663,0.02154541015625,2.155217409133911,-0.021125856786966324,0.4067671000957489,-0.021552173420786858,0.000426318496465683,0.0,0.05216456949710846,0.9003109931945801,0.8143902829690275,5.670111656188965,1.8941869735717773,5.722276210784912,2.089740037918091,6.819217205047607,4.18647575378418,,,,,,
8789940000.0,160.19,8.300000190734863,6391222784.0,2399.141355573366,1242.0,0.048828125,20365312.0,41912.67525649071,0.0021532787941396236,0.0211181640625,2.1187400817871094,-0.02110002562403679,0.4529242515563965,-0.021187402307987213,8.737947791814804e-05,0.0,0.05340420827269554,0.954172670841217,0.8157616028714849,6.033233165740967,2.0569448471069336,6.086637496948242,2.222987413406372,6.8291099071502686,4.2090277671813965,,,,,,
8789940000.0,180.28,7.599999904632568,6391222784.0,2385.945311856051,1243.0,0.0482177734375,20381696.0,41919.54213643074,0.0020979547407478094,0.01849365234375,2.1581902503967285,-0.02141762152314186,0.4922502338886261,-0.021581903100013733,0.00016428157687187195,0.0,-0.032438673079013824,0.9857079386711121,0.7875480263513508,5.9784393310546875,1.9319216012954712,5.946000099182129,2.1385412216186523,6.866879940032959,4.341258525848389,,,,,,
8789940000.0,165.18,8.100000381469727,6391222784.0,2405.102942689656,1244.0,0.04638671875,20398080.0,41926.35431885719,0.0013826556969434023,0.01214599609375,2.192647933959961,-0.021830670535564423,0.4373052716255188,-0.021926477551460266,9.580620098859072e-05,0.0,0.04840903729200363,0.928583562374115,0.7846170409294878,5.888763427734375,1.8324120044708252,5.937171936035156,2.0008528232574463,6.812182426452637,4.213915109634399,,,,,,
8789940000.0,179.32,6.900000095367432,6391222784.0,2400.936649693094,1245.0,0.0506591796875,20414464.0,41933.178322315216,0.0029118843376636505,0.02899169921875,2.1892385482788086,-0.020222388207912445,0.6308684349060059,-0.021892383694648743,0.001669994555413723,0.0,-0.044772982597351074,1.1242151260375977,0.7272854281121743,5.8963494300842285,1.878623127937317,5.851576328277588,2.1527581214904785,6.824003458023071,4.190940856933594,,,,,,
8789940000.0,123.1,7.5,6391222784.0,2444.053066657325,1246.0,0.0677490234375,20430848.0,41939.88194108009,0.002484937198460102,0.01885986328125,2.1419029235839844,-0.021281667053699493,0.6211670637130737,-0.02141902968287468,0.0001373589038848877,0.0,0.009683016687631607,1.1172573566436768,0.7591758136288307,6.193151473999023,1.9921139478683472,6.202834129333496,2.2766852378845215,6.703618764877319,4.196075916290283,,,,,,
8789940000.0,117.47,7.5,6391222784.0,2397.3126986118227,1247.0,0.052490234375,20447232.0,41946.71626019478,0.0022506166715174913,0.0205078125,2.1922924518585205,-0.022432561963796616,0.5352470278739929,-0.021922925487160683,-0.0005096364766359329,0.0,0.004585525952279568,1.032487392425537,0.7616088061366795,5.8946990966796875,1.8549706935882568,5.899284839630127,2.114656686782837,6.834319114685059,4.271532297134399,,,,,,
,,,,,,,,,,,,,,,,,,,,,,,,,,0.028820032253861427,0.5433992743492126,0.49591466784477234,0.028820032253861427,0.5433992743492126,0.49591466784477234
,,,,,,,,,,,,,,,,,,,,,,,,,,0.0254006776958704,0.49507811665534973,0.4670329988002777,0.0254006776958704,0.49507811665534973,0.4670329988002777
,,,,,,,,,,,,,,,,,,,,,,,,,,0.02390599437057972,0.4665917456150055,0.44068217277526855,0.02390599437057972,0.4665917456150055,0.44068217277526855
,,,,,,,,,,,,,,,,,,,,,,,,,,0.02332220785319805,0.4488295316696167,0.4218701422214508,0.02332220785319805,0.4488295316696167,0.4218701422214508
,,,,,,,,,,,,,,,,,,,,,,,,,,0.022990431636571884,0.4327227771282196,0.40325820446014404,0.022990431636571884,0.4327227771282196,0.40325820446014404
,,,,,,,,,,,,,,,,,,,,,,,,,,0.022780243307352066,0.4154253602027893,0.3869461417198181,0.022780243307352066,0.4154253602027893,0.3869461417198181
8789940000.0,144.21,7.699999809265137,6188634112.0,18.400211502723778,1248.0,0.0640869140625,20463616.0,42837.14080762863,0.0009617691393941641,0.004638671875,2.184890031814575,-0.02250230684876442,0.5751808881759644,-0.021848900243639946,-0.0006534121930599213,0.0,0.034642040729522705,1.0719226598739624,0.7607976170985821,6.15899658203125,1.9038474559783936,6.193638324737549,2.1916983127593994,890.4245474338531,4.19423770904541,,,,,,
8789940000.0,117.15,8.100000381469727,6391222784.0,2436.5980356303407,1249.0,0.0689697265625,20480000.0,42843.86493682861,0.0009296598145738244,0.0042724609375,2.1699037551879883,-0.021978851407766342,0.6114754676818848,-0.02169903740286827,-0.00027980655431747437,0.0,0.024821944534778595,1.1041135787963867,0.7470503500532989,6.30521297454834,1.9970468282699585,6.3300347328186035,2.195314645767212,6.7241291999816895,4.203202724456787,,,,,,
8789940000.0,130.11,8.0,6391222784.0,2432.816018586969,1250.0,0.067138671875,20496384.0,42850.59951925278,0.0008096065139397979,0.00457763671875,2.121572494506836,-0.021021762862801552,0.6889684796333313,-0.02121572196483612,0.00019395677372813225,0.0,0.09226100146770477,1.1635695695877075,0.7269962099754703,6.485126972198486,1.971862554550171,6.577387809753418,2.2269375324249268,6.734582424163818,4.200095176696777,,,,,,
8789940000.0,129.29,7.900000095367432,6391222784.0,2381.134312694311,1251.0,0.078125,20512768.0,42857.480273485184,0.0012882386799901724,0.0069580078125,2.117034435272217,-0.02078765258193016,0.7502135038375854,-0.021170342341065407,0.0003826916217803955,0.0,0.03856832534074783,1.2232173681259155,0.7004301527695427,6.718493461608887,1.9723188877105713,6.757061958312988,2.2348806858062744,6.880754232406616,4.204925060272217,,,,,,
8789940000.0,112.56,7.400000095367432,6391222784.0,2378.5946702943975,1252.0,0.0665283203125,20529152.0,42864.36837434769,0.0006907550850883126,0.0020751953125,2.133596181869507,-0.02114090509712696,0.7000400424003601,-0.021335961297154427,0.0001950543373823166,0.0,-0.015061811544001102,1.1816751956939697,0.6946243260872522,6.552684307098389,1.8824862241744995,6.537622451782227,2.138359785079956,6.888100862503052,4.208136081695557,,,,,,
8789940000.0,113.25,8.0,6391222784.0,2425.9701637288154,1253.0,0.0732421875,20545536.0,42871.12196111679,0.0009411352220922709,0.00347900390625,2.136413097381592,-0.021715931594371796,0.6224312782287598,-0.021364131942391396,-0.0003518015146255493,0.0,0.026121683418750763,1.1116876602172852,0.7226859026179158,6.479162216186523,1.8207792043685913,6.505283355712891,2.1110405921936035,6.753586769104004,4.1979076862335205,,,,,,
8789940000.0,105.44,7.699999809265137,6391222784.0,2398.982140154128,1254.0,0.072021484375,20561920.0,42877.95152425766,0.0012304168194532394,0.00872802734375,2.119067668914795,-0.020256320014595985,0.6519090533256531,-0.02119067870080471,0.0009343596175312996,0.0,0.023703793063759804,1.1409175395965576,0.7179856785835648,6.6110124588012695,1.8418742418289185,6.634716033935547,2.1484158039093018,6.829563140869141,4.20299506187439,,,,,,
8789940000.0,86.26,8.0,6391222784.0,2423.8092659209187,1255.0,0.0836181640625,20578304.0,42884.71113204956,0.0013018824392929673,0.007568359375,2.1147749423980713,-0.02050580084323883,0.7077426910400391,-0.021147746592760086,0.0006419457495212555,0.0,-0.018952975049614906,1.1890240907669067,0.7167318629588755,6.765964508056641,1.898650884628296,6.747011184692383,2.2340431213378906,6.759607791900635,4.192497968673706,,,,,,
8789940000.0,102.08,7.900000095367432,6391222784.0,2384.480271849476,1256.0,0.0732421875,20594688.0,42891.58223104477,0.0011624390026554465,0.00787353515625,2.135572910308838,-0.02107013761997223,0.690275251865387,-0.021355729550123215,0.0002855919301509857,0.0,0.003381751710548997,1.1689306497573853,0.7005422492459117,6.6129655838012695,1.8182342052459717,6.616347312927246,2.1360960006713867,6.87109899520874,4.204837322235107,,,,,,
8789940000.0,113.25,7.900000095367432,6391222784.0,2374.3915613647205,1257.0,0.0726318359375,20611072.0,42898.482525110245,0.0011527221649885178,0.00799560546875,2.124093532562256,-0.020505324006080627,0.7317853569984436,-0.02124093286693096,0.0007356107234954834,0.0,-0.018915928900241852,1.2112630605697632,0.6927179766864107,6.576719284057617,1.8910101652145386,6.557803153991699,2.1850924491882324,6.900294065475464,4.2072389125823975,,,,,,
8789940000.0,118.96,8.100000381469727,6391222784.0,2416.880644859053,1258.0,0.064697265625,20627456.0,42905.26151108742,0.0012364324647933245,0.0081787109375,2.1584413051605225,-0.02239011786878109,0.5862267017364502,-0.021584412083029747,-0.0008057029917836189,0.0,0.020330358296632767,1.0804548263549805,0.737313091094412,6.482989311218262,1.814982295036316,6.50331974029541,2.1080827713012695,6.778985977172852,4.200085401535034,,,,,,
8789940000.0,81.65,7.699999809265137,6391222784.0,2383.220334212436,1259.0,0.0848388671875,20643840.0,42912.1362426281,0.003049671882763505,0.02679443359375,2.0921263694763184,-0.019854974001646042,0.7319753170013428,-0.020921263843774796,0.001066288910806179,0.0,0.06596192717552185,1.203222393989563,0.7209364557449351,6.67435359954834,1.9367260932922363,6.7403154373168945,2.277688980102539,6.874731540679932,4.208698034286499,,,,,,
8789940000.0,88.73,7.699999809265137,6391222784.0,2427.58492023069,1260.0,0.09033203125,20660224.0,42918.885337114334,0.001284134341403842,0.007568359375,2.073092460632324,-0.02080341801047325,0.7634796500205994,-0.020730923861265182,-7.249228656291962e-05,0.0,-0.015999367460608482,1.231296181678772,0.709272433749787,6.878453254699707,1.9365589618682861,6.862454414367676,2.283597946166992,6.749094486236572,4.208492755889893,,,,,,
8789940000.0,92.52,7.800000190734863,6391222784.0,2330.9164273942833,1261.0,0.07568359375,20676608.0,42925.91433215141,0.0016709155170246959,0.01300048828125,2.080211877822876,-0.020334335044026375,0.7278890013694763,-0.020802117884159088,0.00046778563410043716,0.0,-0.013450286351144314,1.1994901895523071,0.6916160036916845,6.7134904861450195,1.8337559700012207,6.700039863586426,2.159984588623047,7.028995037078857,4.271418809890747,,,,,,
8789940000.0,96.97,7.900000095367432,6391222784.0,2399.7393768207926,1262.0,0.087890625,20692992.0,42932.741740226746,0.0017081245314329863,0.01336669921875,2.1128017902374268,-0.020590897649526596,0.7153666019439697,-0.021128017455339432,0.0005371188744902611,0.0,-0.024951286613941193,1.1951485872268677,0.734047315747379,6.777047634124756,1.9596011638641357,6.752096176147461,2.3174996376037598,6.827408075332642,4.20656681060791,,,,,,
8789940000.0,107.98,7.599999904632568,6391222784.0,2447.5757911398437,1263.0,0.0787353515625,20709376.0,42939.435710668564,0.0018005319871008396,0.01202392578125,2.112344980239868,-0.019703006371855736,0.6557202339172363,-0.021123450249433517,0.001420445740222931,0.0,-0.005256122909486294,1.1457240581512451,0.7273100172576886,6.562823295593262,1.8528141975402832,6.557567596435547,2.194044589996338,6.693970441818237,4.220176458358765,,,,,,
8789940000.0,89.53,7.699999809265137,6391222784.0,2388.7327407270527,1264.0,0.076904296875,20725760.0,42946.29457759857,0.001481489627622068,0.01007080078125,2.134164571762085,-0.02133921906352043,0.742012083530426,-0.02134164795279503,2.4349428713321686e-06,0.0,0.03941115736961365,1.2151203155517578,0.6873202938866285,6.619555473327637,1.8733503818511963,6.658967018127441,2.1730501651763916,6.858866930007935,4.18725061416626,,,,,,
8789940000.0,105.32,7.800000190734863,6391222784.0,2308.452394138999,1265.0,0.0799560546875,20742144.0,42953.391973257065,0.0018295724876224995,0.01263427734375,2.0880556106567383,-0.020927507430315018,0.7323129177093506,-0.020880553871393204,-4.6955421566963196e-05,0.0,-0.014581689611077309,1.2029341459274292,0.7154495621118002,6.7343854904174805,1.8818542957305908,6.719803810119629,2.2550816535949707,7.097395658493042,4.371500730514526,,,,,,
8789940000.0,103.06,8.0,6391222784.0,2381.875864086466,1266.0,0.0634765625,20758528.0,42960.27058529854,0.002536080777645111,0.022216796875,2.1494202613830566,-0.02051568403840065,0.5785576105117798,-0.021494202315807343,0.0009785173460841179,0.0,0.004784629680216312,1.0727061033248901,0.7410409836779112,6.532829761505127,1.854479193687439,6.537613868713379,2.1079726219177246,6.878612041473389,4.1958231925964355,,,,,,
8789940000.0,98.34,8.100000381469727,6391222784.0,2356.3565408559743,1267.0,0.076904296875,20774912.0,42967.22369265556,0.0012873975792899728,0.00958251953125,2.134084701538086,-0.021835248917341232,0.6178880929946899,-0.02134084515273571,-0.0004944019019603729,0.0,-0.0737374797463417,1.11357843875885,0.7530245707371335,6.691802024841309,1.8896312713623047,6.6180644035339355,2.240753412246704,6.9531073570251465,4.371460676193237,,,,,,
8789940000.0,106.4,6.800000190734863,6391222784.0,2350.0333130017884,1268.0,0.050048828125,20791296.0,42974.19550871849,0.0023075605276972055,0.01983642578125,2.155198097229004,-0.02108602598309517,0.6355450749397278,-0.021551981568336487,0.00046595558524131775,0.0,-0.14274410903453827,1.1283719539642334,0.7113009181710075,6.341121196746826,1.7653136253356934,6.1983771324157715,2.1000490188598633,6.971816062927246,4.258787155151367,,,,,,
8789940000.0,151.92,7.800000190734863,6391222784.0,2393.2513397973667,1269.0,0.0592041015625,20807680.0,42981.041425704956,0.0018006903119385242,0.01251220703125,2.158839702606201,-0.021764574572443962,0.49259281158447266,-0.021588394418358803,-0.00017618038691580296,0.0,0.011527476832270622,0.9917065501213074,0.767457342212353,6.199512004852295,1.7836722135543823,6.2110395431518555,2.0565147399902344,6.845916986465454,4.199054002761841,,,,,,
8789940000.0,126.44,8.0,6391222784.0,2394.7005603474713,1270.0,0.062255859375,20824064.0,42987.88319969177,0.0014568885089829564,0.009521484375,2.1233294010162354,-0.020750556141138077,0.5895182490348816,-0.021233296021819115,0.0004827398806810379,0.0,-0.0025524194352328777,1.0852452516555786,0.7411022007288937,6.28193473815918,1.8638219833374023,6.279382228851318,2.132866859436035,6.841773986816406,4.196086168289185,,,,,,
8789940000.0,131.88,7.800000190734863,6391222784.0,2423.8093514112606,1271.0,0.06103515625,20840448.0,42994.642807245255,0.0016640389803797007,0.01275634765625,2.1170520782470703,-0.02014394849538803,0.6180669069290161,-0.021170519292354584,0.0010265689343214035,0.0,0.034167952835559845,1.106774091720581,0.7401138788530737,6.221464157104492,1.8807649612426758,6.255631923675537,2.171036958694458,6.759607553482056,4.192452430725098,,,,,,
8789940000.0,127.55,7.199999809265137,6391222784.0,2365.2080728139945,1272.0,0.0616455078125,20856832.0,43001.56989336014,0.0014938963577151299,0.0101318359375,2.148366928100586,-0.02056102268397808,0.6429117918014526,-0.02148367092013359,0.0009226500988006592,0.0,-0.08446931093931198,1.1347613334655762,0.7457225689693854,6.232143878936768,1.935267448425293,6.147674560546875,2.2503533363342285,6.927086114883423,4.299649715423584,,,,,,
8789940000.0,109.02,7.099999904632568,6391222784.0,2405.7501765554707,1273.0,0.06591796875,20873216.0,43008.38024306297,0.0009373470675200224,0.0064697265625,2.132338047027588,-0.021343015134334564,0.6168568730354309,-0.02132337912917137,-1.9633444026112556e-05,0.0,-0.02039060927927494,1.1109752655029297,0.7761943999819084,6.263511657714844,1.9969674348831177,6.243121147155762,2.3483829498291016,6.810349702835083,4.203399896621704,,,,,,
8789940000.0,101.06,7.400000095367432,6391222784.0,2373.2729830375997,1274.0,0.064697265625,20889600.0,43015.283789396286,0.0010034441947937012,0.00506591796875,2.1723806858062744,-0.021716291084885597,0.5717253684997559,-0.021723806858062744,7.5141433626413345e-06,0.0,-0.04063838720321655,1.0721899271011353,0.7752720123656581,6.050343990325928,1.9583944082260132,6.009705543518066,2.2617433071136475,6.903546333312988,4.205670356750488,,,,,,
8789940000.0,148.65,7.199999809265137,6391222784.0,2368.973081166317,1275.0,0.050048828125,20905984.0,43022.19986629486,0.0022762627340853214,0.0213623046875,2.207263469696045,-0.021829843521118164,0.5568726658821106,-0.02207263372838497,0.00024279067292809486,0.0,-0.01972283236682415,1.0478287935256958,0.7605020865657653,5.84334659576416,1.8764597177505493,5.823624134063721,2.141113519668579,6.916076898574829,4.276872158050537,,,,,,
8789940000.0,140.27,7.5,6391222784.0,2397.1576559666064,1276.0,0.040283203125,20922368.0,43029.03462743759,0.0017645664047449827,0.0142822265625,2.2514116764068604,-0.02267148345708847,0.4278033971786499,-0.022514117881655693,-0.00015736930072307587,0.0,-0.02544064074754715,0.9221246242523193,0.7762556240015679,5.784193515777588,1.736061453819275,5.758752822875977,1.9494569301605225,6.834761142730713,4.1898064613342285,,,,,,
8789940000.0,132.43,7.800000190734863,6391222784.0,2416.9507737730564,1277.0,0.0457763671875,20938752.0,43035.81341671944,0.0008112245122902095,0.00347900390625,2.259164333343506,-0.022530708461999893,0.45867180824279785,-0.022591643035411835,6.093457341194153e-05,0.0,0.02407117746770382,0.9557822942733765,0.7858947717506365,6.023776054382324,1.8370012044906616,6.047847747802734,2.0655972957611084,6.778789281845093,4.2397119998931885,,,,,,
8789940000.0,164.4,7.900000095367432,6391222784.0,2422.188427815028,1278.0,0.052490234375,20955136.0,43042.57754778862,0.001243544858880341,0.00946044921875,2.2751593589782715,-0.02208685129880905,0.43144235014915466,-0.022751592099666595,0.0006647445261478424,0.0,-0.012788865715265274,0.9278910160064697,0.8002224670846735,5.851465702056885,1.8382322788238525,5.838677406311035,2.075983762741089,6.76413106918335,4.197200536727905,,,,,,
8789940000.0,158.79,7.900000095367432,6391222784.0,2383.1660336882783,1279.0,0.052490234375,20971520.0,43049.45243597031,0.0017366815591230989,0.01348876953125,2.2591211795806885,-0.021947989240288734,0.5152149200439453,-0.022591209039092064,0.0006432207301259041,0.0,0.00583269726485014,1.0168912410736084,0.7820631103103723,5.981441020965576,1.8991085290908813,5.987273693084717,2.1782572269439697,6.874888181686401,4.18677544593811,,,,,,
,,,,,,,,,,,,,,,,,,,,,,,,,,0.027521757408976555,0.6776017546653748,0.6267431974411011,0.027521757408976555,0.6776017546653748,0.6267431974411011
,,,,,,,,,,,,,,,,,,,,,,,,,,0.025093013420701027,0.6088895201683044,0.5792368054389954,0.025093013420701027,0.6088895201683044,0.5792368054389954
,,,,,,,,,,,,,,,,,,,,,,,,,,0.023657234385609627,0.5790661573410034,0.5488157272338867,0.023657234385609627,0.5790661573410034,0.5488157272338867
,,,,,,,,,,,,,,,,,,,,,,,,,,0.02290096879005432,0.5545874834060669,0.5247061252593994,0.02290096879005432,0.5545874834060669,0.5247061252593994
,,,,,,,,,,,,,,,,,,,,,,,,,,0.022795042023062706,0.5345630645751953,0.5070390105247498,0.022795042023062706,0.5345630645751953,0.5070390105247498
,,,,,,,,,,,,,,,,,,,,,,,,,,0.022640520706772804,0.5166752338409424,0.5105450749397278,0.022640520706772804,0.5166752338409424,0.5105450749397278
8789940000.0,131.92,7.699999809265137,6188634112.0,18.436648963659028,1280.0,0.0482177734375,20987904.0,43938.1171836853,0.0006049193907529116,0.00115966796875,2.3065061569213867,-0.02277648076415062,0.46011674404144287,-0.02306506037712097,0.00028857961297035217,0.0,-0.036841295659542084,0.9587053060531616,0.7750088594322082,6.047281265258789,1.8004426956176758,6.010439872741699,2.0211687088012695,888.6647477149963,4.221039056777954,,,,,,
8789940000.0,204.52,7.300000190734863,6391222784.0,2357.1811334615113,1281.0,0.0341796875,21004288.0,43945.067858695984,0.0003647478006314486,0.00103759765625,2.3365025520324707,-0.02337457798421383,0.39050424098968506,-0.023365022614598274,-9.551644325256348e-06,0.0,-0.04760811850428581,0.8851252794265747,0.7873402527669919,5.939305305480957,1.7163511514663696,5.891697406768799,1.9193850755691528,6.950675010681152,4.206639528274536,,,,,,
8789940000.0,158.8,7.400000095367432,6391222784.0,2377.698757459559,1282.0,0.0372314453125,21020672.0,43951.95855498314,0.0010463842190802097,0.0057373046875,2.3480920791625977,-0.0238272063434124,0.4427088499069214,-0.023480920121073723,-0.000346282497048378,0.0,-0.06417905539274216,0.9405227303504944,0.7488985575888437,5.7548933029174805,1.6575119495391846,5.690714359283447,1.8769155740737915,6.890696287155151,4.198451042175293,,,,,,
8789940000.0,181.33,7.099999904632568,6391222784.0,2412.397371351489,1283.0,0.0408935546875,21037056.0,43958.75013923645,0.0008936048252508044,0.00384521484375,2.301724910736084,-0.023654671385884285,0.42978549003601074,-0.023017246276140213,-0.000637425109744072,0.0,-0.06642502546310425,0.9212889075279236,0.7888082589785237,5.844442367553711,1.7597171068191528,5.778017044067383,2.0047366619110107,6.791584253311157,4.2032811641693115,,,,,,
8789940000.0,222.95,7.5,6391222784.0,2410.386880071712,1284.0,0.0390625,21053440.0,43965.5473883152,0.0006305604474619031,0.00311279296875,2.3112986087799072,-0.02279730699956417,0.3366383910179138,-0.023112986236810684,0.0003156820312142372,0.0,-0.03861118480563164,0.8223047256469727,0.8177082641471428,5.619409561157227,1.6890239715576172,5.580798149108887,1.9259696006774902,6.79724907875061,4.181859731674194,,,,,,
8789940000.0,141.75,7.099999904632568,6391222784.0,2417.2991835397274,1285.0,0.040283203125,21069824.0,43972.32520055771,0.0008724919753149152,0.00286865234375,2.2792701721191406,-0.02255566045641899,0.4435342252254486,-0.022792700678110123,0.00023704441264271736,0.0,-0.049173250794410706,0.9399301409721375,0.7792226753036696,5.600103855133057,1.7719818353652954,5.550930500030518,2.00040602684021,6.777812242507935,4.20080828666687,,,,,,
8789940000.0,190.77,7.400000095367432,6391222784.0,2414.2536179387157,1286.0,0.0390625,21086208.0,43979.1115629673,0.0007691887440159917,0.002685546875,2.299083948135376,-0.023006878793239594,0.38200104236602783,-0.022990839555859566,-1.6041100025177002e-05,0.0,-0.0160694383084774,0.8712023496627808,0.8032799423166885,5.420010089874268,1.7713271379470825,5.403940677642822,1.964240312576294,6.786362409591675,4.2094340324401855,,,,,,
8789940000.0,228.53,7.099999904632568,6391222784.0,2427.312243954933,1287.0,0.0311279296875,21102592.0,43985.86141562462,0.0005400780355557799,0.00152587890625,2.301297903060913,-0.02321534976363182,0.3957322835922241,-0.023012978956103325,-0.0002023708075284958,0.0,-0.04480268061161041,0.8880575299263,0.7745963761514253,5.31868314743042,1.6378281116485596,5.273880481719971,1.8705127239227295,6.749852657318115,4.190351486206055,,,,,,
8789940000.0,189.33,7.300000190734863,6391222784.0,2399.662533921856,1288.0,0.0347900390625,21118976.0,43992.68904232979,0.000996989430859685,0.0059814453125,2.2836389541625977,-0.021965110674500465,0.3888428509235382,-0.022836387157440186,0.0008712764829397202,0.0,-0.004180464893579483,0.8756644129753113,0.7956853516702588,5.444953918457031,1.7490053176879883,5.440773010253906,1.9372602701187134,6.827626705169678,4.199838876724243,,,,,,
8789940000.0,202.92,7.800000190734863,6391222784.0,2399.2980790246543,1289.0,0.04638671875,21135360.0,43999.51770615578,0.0008149864734150469,0.00347900390625,2.2681260108947754,-0.022862620651721954,0.3937055468559265,-0.022681260481476784,-0.0001813601702451706,0.0,0.010325731709599495,0.885857880115509,0.828631507125176,5.611730098724365,1.8935227394104004,5.622055530548096,2.139925241470337,6.8286638259887695,4.198103666305542,,,,,,
8789940000.0,184.19,8.399999618530273,6391222784.0,2399.585779734087,1290.0,0.0543212890625,21151744.0,44006.345551252365,0.0018846549792215228,0.013427734375,2.205519199371338,-0.02143200859427452,0.41993576288223267,-0.022055191919207573,0.0006231851875782013,0.0,0.11413247883319855,0.9192528128623962,0.8108725388864599,5.788569450378418,1.888593077659607,5.9027018547058105,2.1137704849243164,6.827845096588135,4.193770170211792,,,,,,
8789940000.0,165.92,8.100000381469727,6391222784.0,2430.6978513804415,1291.0,0.0579833984375,21168128.0,44013.08600234985,0.001157543621957302,0.0068359375,2.221306562423706,-0.02229861542582512,0.4781353175640106,-0.02221306785941124,-8.554896339774132e-05,0.0,0.04805336147546768,0.9789444208145142,0.8015000622077035,5.927768707275391,1.9877251386642456,5.9758219718933105,2.197242021560669,6.740451097488403,4.190546274185181,,,,,,
8789940000.0,131.18,7.900000095367432,6391222784.0,2401.9904492888836,1292.0,0.054931640625,21184512.0,44019.90701198578,0.0015041861915960908,0.01129150390625,2.217991590499878,-0.023303993046283722,0.5290376543998718,-0.022179916501045227,-0.001124078407883644,0.0,0.015265421941876411,1.0280072689056396,0.7920368455635476,6.033834457397461,2.0563085079193115,6.049099445343018,2.2542545795440674,6.821009635925293,4.193628549575806,,,,,,
8789940000.0,137.31,8.399999618530273,6391222784.0,2425.339653758246,1293.0,0.0628662109375,21200896.0,44026.6623544693,0.002828045282512903,0.025390625,2.201301097869873,-0.02175765298306942,0.46690982580184937,-0.022013012319803238,0.0002553611993789673,0.0,0.05541321635246277,0.9642155766487122,0.8099100293148975,6.145571708679199,2.0102250576019287,6.200984954833984,2.211538314819336,6.755342483520508,4.20610785484314,,,,,,
8789940000.0,113.44,7.300000190734863,6391222784.0,2407.669759651275,1294.0,0.0604248046875,21217280.0,44033.467274427414,0.0014595722313970327,0.01019287109375,2.148890972137451,-0.02206427976489067,0.6783390045166016,-0.021488912403583527,-0.0005753664299845695,0.0,-0.057987093925476074,1.159746527671814,0.7478545680190003,6.163355827331543,1.9892702102661133,6.105368614196777,2.309602975845337,6.804919958114624,4.200557708740234,,,,,,
8789940000.0,97.25,7.800000190734863,6391222784.0,2406.2173578040592,1295.0,0.076904296875,21233664.0,44040.27630186081,0.00200509000569582,0.0150146484375,2.0935235023498535,-0.020992323756217957,0.7981153726577759,-0.020935235545039177,-5.709473043680191e-05,0.0,-0.021652109920978546,1.2543001174926758,0.7449083434505984,6.335139274597168,2.1289567947387695,6.3134870529174805,2.4834370613098145,6.809027433395386,4.195584297180176,,,,,,
8789940000.0,97.08,7.300000190734863,6391222784.0,2399.8328183827475,1296.0,0.0799560546875,21250048.0,44047.103444099426,0.0020127184689044952,0.01690673828125,2.069772243499756,-0.020732197910547256,0.8055986166000366,-0.02069772407412529,-3.44766303896904e-05,0.0,-0.04313711076974869,1.2664647102355957,0.7337057690635174,6.425844669342041,2.067409038543701,6.382707595825195,2.4542129039764404,6.827142238616943,4.190788984298706,,,,,,
8789940000.0,103.34,7.800000190734863,6391222784.0,2404.613475595717,1297.0,0.07568359375,21266432.0,44053.917013168335,0.0009520368184894323,0.00537109375,2.0777082443237305,-0.020198943093419075,0.6321932673454285,-0.020777080208063126,0.0005781371146440506,0.0,0.09185494482517242,1.1189556121826172,0.7705179439155397,6.104001998901367,2.0524070262908936,6.195857048034668,2.335815668106079,6.813569068908691,4.20068621635437,,,,,,
8789940000.0,92.93,8.100000381469727,6391222784.0,2347.6580305308557,1298.0,0.0762939453125,21282816.0,44060.89588308334,0.0008932923665270209,0.00201416015625,2.108837604522705,-0.020353568717837334,0.6599298119544983,-0.0210883766412735,0.0007348114158958197,0.0,0.031022392213344574,1.1457463502883911,0.7673823801797058,6.447174072265625,2.115298271179199,6.478196144104004,2.375565528869629,6.978869915008545,4.191723346710205,,,,,,
8789940000.0,107.62,7.400000095367432,6391222784.0,2407.1697190876002,1299.0,0.0799560546875,21299200.0,44067.70221662521,0.0009759625536389649,0.0059814453125,2.1284737586975098,-0.021019233390688896,0.8430260419845581,-0.021284738555550575,0.0002655051648616791,0.0,-0.040092114359140396,1.3001574277877808,0.7125767794453512,6.581038475036621,2.1392710208892822,6.540946006774902,2.4251294136047363,6.806333541870117,4.227775573730469,,,,,,
8789940000.0,111.76,7.800000190734863,6391222784.0,2390.3174132645054,1300.0,0.0701904296875,21315584.0,44074.55653643608,0.000939828110858798,0.00531005859375,2.154179811477661,-0.021250884979963303,0.5963909029960632,-0.02154179848730564,0.0002909097820520401,0.0,0.029407020658254623,1.0841777324676514,0.7736146333897885,6.272435188293457,2.0323336124420166,6.301841735839844,2.278642416000366,6.85431981086731,4.205171346664429,,,,,,
8789940000.0,90.71,7.900000095367432,6391222784.0,2332.7058108680544,1301.0,0.079345703125,21331968.0,44081.58013963699,0.0010642081033438444,0.0040283203125,2.1354894638061523,-0.021495867520570755,0.6710513234138489,-0.02135489508509636,-0.00014097243547439575,0.0,0.05260201171040535,1.155015468597412,0.7601185262043084,6.558788299560547,2.083862543106079,6.611390113830566,2.3582472801208496,7.023603200912476,4.264499187469482,,,,,,
8789940000.0,110.43,7.900000095367432,6391222784.0,2384.7554918505425,1302.0,0.0787353515625,21348352.0,44088.45044565201,0.001063762349076569,0.0035400390625,2.0779223442077637,-0.020492013543844223,0.6346747875213623,-0.02077922411262989,0.0002872049808502197,0.0,0.07996092736721039,1.124433159828186,0.7544767200304178,6.508951187133789,2.020890474319458,6.588912010192871,2.269275188446045,6.870306015014648,4.19206690788269,,,,,,
8789940000.0,88.74,7.5,6391222784.0,2443.3660359792657,1303.0,0.0738525390625,21364736.0,44095.15594935417,0.0007984386757016182,0.0025634765625,2.10707426071167,-0.020224714651703835,0.7781686782836914,-0.02107074297964573,0.0008460258832201362,0.0,0.03257269412279129,1.249282956123352,0.7140564084405558,6.577692985534668,2.0531442165374756,6.610265731811523,2.3362576961517334,6.705503702163696,4.193845748901367,,,,,,
8789940000.0,104.15,7.400000095367432,6391222784.0,2418.994799191982,1304.0,0.0775146484375,21381120.0,44101.929010629654,0.001219482976011932,0.00732421875,2.1407177448272705,-0.021408073604106903,0.8418694734573364,-0.021407177671790123,-8.959323167800903e-07,0.0,-0.0074981749057769775,1.2969807386398315,0.6850316062431836,6.7243452072143555,2.0058391094207764,6.7168474197387695,2.3110013008117676,6.773061275482178,4.236737966537476,,,,,,
8789940000.0,90.38,7.400000095367432,6391222784.0,2382.0558538116475,1305.0,0.07080078125,21397504.0,44108.807102918625,0.0018877569818869233,0.01666259765625,2.156761646270752,-0.020682387053966522,0.7178807258605957,-0.02156761847436428,0.0008852267637848854,0.0,-0.08624180406332016,1.193737268447876,0.7069535019635631,6.502295970916748,1.8599135875701904,6.4160542488098145,2.205162763595581,6.878092288970947,4.238104581832886,,,,,,
8789940000.0,98.47,7.800000190734863,6391222784.0,2433.297476953697,1306.0,0.084228515625,21413888.0,44115.54035282135,0.001354619744233787,0.00946044921875,2.1239757537841797,-0.02151316963136196,0.6229923963546753,-0.021239757537841797,-0.00027341186068952084,0.0,0.08318307995796204,1.1147890090942383,0.7503350572990508,6.620409965515137,1.9023165702819824,6.703592300415039,2.2310714721679688,6.73324990272522,4.191755294799805,,,,,,
8789940000.0,82.81,8.5,6391222784.0,2396.775654265967,1307.0,0.0897216796875,21430272.0,44122.37620329857,0.0010517947375774384,0.0067138671875,2.1157524585723877,-0.02135753259062767,0.6257678270339966,-0.0211575236171484,-0.000200007576495409,0.0,0.07675963640213013,1.1183785200119019,0.7575789029145429,6.843908309936523,2.021130323410034,6.92066764831543,2.271451950073242,6.835850477218628,4.217907190322876,,,,,,
8789940000.0,107.66,8.100000381469727,6391222784.0,2375.9642396680206,1308.0,0.0775146484375,21446656.0,44129.271929979324,0.0019755400717258453,0.01531982421875,2.151737689971924,-0.02090664766728878,0.6081331968307495,-0.021517379209399223,0.0006107338704168797,0.0,0.033988106995821,1.103541374206543,0.7495709107195623,6.810196876525879,1.9500019550323486,6.8441853523254395,2.2051918506622314,6.895726680755615,4.259061574935913,,,,,,
8789940000.0,95.29,8.199999809265137,6391222784.0,2391.721460058226,1309.0,0.064697265625,21463040.0,44136.12222599983,0.0010747779160737991,0.00506591796875,2.177110195159912,-0.020974311977624893,0.5668167471885681,-0.021771101281046867,0.0007967986166477203,0.0,-0.0023966035805642605,1.0550707578659058,0.7557609231177079,6.607199192047119,1.9082602262496948,6.604803085327148,2.134883165359497,6.8502960205078125,4.213277339935303,,,,,,
8789940000.0,167.5,7.5,6391222784.0,2361.1807634732727,1310.0,0.0482177734375,21479424.0,44143.06112718582,0.0013680075062438846,0.00885009765625,2.196816921234131,-0.021842289716005325,0.5274767875671387,-0.021968169137835503,0.0001258827978745103,0.0,-0.019160374999046326,1.0241656303405762,0.7388796160939677,6.426079750061035,1.7497055530548096,6.406919002532959,2.004239797592163,6.93890118598938,4.331295967102051,,,,,,
8789940000.0,109.41,8.0,6391222784.0,2407.107745057747,1311.0,0.0701904296875,21495808.0,44149.86763596535,0.0013550121802836657,0.01007080078125,2.1377665996551514,-0.021819069981575012,0.5505067110061646,-0.021377667784690857,-0.0004414040595293045,0.0,0.02355007268488407,1.0411123037338257,0.7493575069576164,6.749939441680908,1.8403202295303345,6.773489475250244,2.079554557800293,6.806508779525757,4.187988758087158,,,,,,
,,,,,,,,,,,,,,,,,,,,,,,,,,0.01826455630362034,0.6179972290992737,0.5658561587333679,0.01826455630362034,0.6179972290992737,0.5658561587333679
,,,,,,,,,,,,,,,,,,,,,,,,,,0.01670631766319275,0.5567203760147095,0.5279220342636108,0.01670631766319275,0.5567203760147095,0.5279220342636108
,,,,,,,,,,,,,,,,,,,,,,,,,,0.01648816280066967,0.5273697972297668,0.49961981177330017,0.01648816280066967,0.5273697972297668,0.49961981177330017
,,,,,,,,,,,,,,,,,,,,,,,,,,0.016777850687503815,0.5054593682289124,0.4793672263622284,0.016777850687503815,0.5054593682289124,0.4793672263622284
,,,,,,,,,,,,,,,,,,,,,,,,,,0.01730703003704548,0.48642006516456604,0.45775672793388367,0.01730703003704548,0.48642006516456604,0.45775672793388367
,,,,,,,,,,,,,,,,,,,,,,,,,,0.017080139368772507,0.4677942395210266,0.44012242555618286,0.017080139368772507,0.4677942395210266,0.44012242555618286
8789940000.0,106.8,8.100000381469727,6188634112.0,18.415560779836955,1312.0,0.0689697265625,21512192.0,45039.5500190258,0.0006775989313609898,0.00244140625,2.156982421875,-0.021589118987321854,0.5682039260864258,-0.02156982384622097,-1.928955316543579e-05,0.0,0.027757734060287476,1.0698291063308716,0.7687411864053179,6.357231616973877,2.0267481803894043,6.384989261627197,2.2246670722961426,889.6823830604553,4.258889675140381,,,,,,
8789940000.0,147.6,8.399999618530273,6391222784.0,2397.9011064834617,1313.0,0.072021484375,21528576.0,45046.3826611042,0.0009688333957456052,0.00445556640625,2.1182498931884766,-0.02124357596039772,0.584524393081665,-0.021182499825954437,-6.107613444328308e-05,0.0,0.10870301723480225,1.0810270309448242,0.7583098067716549,6.280617713928223,1.9781675338745117,6.3893208503723145,2.198908567428589,6.832642078399658,4.186950445175171,,,,,,
8789940000.0,96.11,7.800000190734863,6391222784.0,2453.518790680228,1314.0,0.0689697265625,21544960.0,45053.06041717529,0.0007038532057777047,0.00189208984375,2.113067626953125,-0.021104969084262848,0.758242130279541,-0.021130673587322235,2.570822834968567e-05,0.0,0.010617498308420181,1.229957938194275,0.713146502655653,6.432848930358887,2.040302038192749,6.4434661865234375,2.296466112136841,6.677756071090698,4.186712741851807,,,,,,
8789940000.0,103.43,8.300000190734863,6391222784.0,2431.3976473571934,1315.0,0.0750732421875,21561344.0,45059.7989282608,0.0009584157378412783,0.00653076171875,2.0570859909057617,-0.021207207813858986,0.7136796116828918,-0.02057085931301117,-0.0006363466382026672,0.0,0.031286437064409256,1.19536292552948,0.7182528500550173,6.493739604949951,1.976510763168335,6.525026321411133,2.252009153366089,6.738511085510254,4.191025257110596,,,,,,
8789940000.0,95.1,8.199999809265137,6391222784.0,2420.1379811746906,1316.0,0.0897216796875,21577728.0,45066.56879019737,0.002881355583667755,0.0281982421875,2.1024858951568604,-0.01983814500272274,0.6657431721687317,-0.021024856716394424,0.0011867079883813858,0.0,0.04502865672111511,1.1514780521392822,0.7497611630946246,6.790356636047363,2.0086357593536377,6.835385322570801,2.301856279373169,6.769861936569214,4.172912836074829,,,,,,
8789940000.0,117.52,7.900000095367432,6391222784.0,2399.329576962015,1317.0,0.069580078125,21594112.0,45073.397364377975,0.0007722611189819872,0.00360107421875,2.122274398803711,-0.021170642226934433,0.6243200898170471,-0.02122274413704872,5.2099116146564484e-05,0.0,-0.05459389090538025,1.1113369464874268,0.7492247980356261,6.713464260101318,1.9620565176010132,6.658870697021484,2.2192366123199463,6.828574180603027,4.191324472427368,,,,,,
8789940000.0,101.33,7.800000190734863,6391222784.0,2405.59732486579,1318.0,0.069580078125,21610496.0,45080.20814681053,0.0013532553566619754,0.0084228515625,2.142641544342041,-0.02121548168361187,0.6021507978439331,-0.02142641507089138,0.00021092873066663742,0.0,-0.007792924530804157,1.0959187746047974,0.7414090298738512,6.549837112426758,1.9074046611785889,6.542044639587402,2.1551215648651123,6.810782432556152,4.184011459350586,,,,,,
8789940000.0,99.17,7.199999809265137,6391222784.0,2377.9669008848095,1319.0,0.06103515625,21626880.0,45087.09806609154,0.0017008630093187094,0.01300048828125,2.0977141857147217,-0.021241333335638046,0.6759498119354248,-0.020977143198251724,-0.00026419456116855145,0.0,-0.07969681918621063,1.1629762649536133,0.715403198728456,6.460193634033203,1.8313027620315552,6.380496978759766,2.179996967315674,6.889919281005859,4.204935550689697,,,,,,
8789940000.0,129.36,7.699999809265137,6391222784.0,2388.066828710328,1320.0,0.064697265625,21643264.0,45093.95884561539,0.0013165033888071775,0.00762939453125,2.0555880069732666,-0.020232390612363815,0.6457219123840332,-0.020555879920721054,0.00032348744571208954,0.0,-0.021268606185913086,1.127812147140503,0.7353747742105852,6.336842060089111,1.8383026123046875,6.315573692321777,2.1924068927764893,6.860779523849487,4.20142674446106,,,,,,
8789940000.0,119.99,7.699999809265137,6391222784.0,2388.511974071518,1321.0,0.079345703125,21659648.0,45100.8183465004,0.0008035579812712967,0.00439453125,2.040282726287842,-0.020791253075003624,0.76502925157547,-0.020402826368808746,-0.00038842856884002686,0.0,0.007443209178745747,1.2368366718292236,0.7217744015715682,6.473740577697754,1.9886257648468018,6.481184005737305,2.344843626022339,6.859500885009766,4.183826923370361,,,,,,
8789940000.0,88.27,8.899999618530273,6391222784.0,2402.429210601268,1322.0,0.0909423828125,21676032.0,45107.638110399246,0.003455724334344268,0.03021240234375,2.0314829349517822,-0.01885293796658516,0.6804168224334717,-0.020314829424023628,0.0014618970453739166,0.0,0.07622121274471283,1.1668473482131958,0.7286652189739589,6.779960632324219,2.0134615898132324,6.856182098388672,2.2400686740875244,6.819763898849487,4.199497222900391,,,,,,
8789940000.0,101.79,8.600000381469727,6391222784.0,2411.4660869559116,1323.0,0.06591796875,21692416.0,45114.432317495346,0.0015347942244261503,0.01104736328125,2.097911834716797,-0.021264120936393738,0.49196189641952515,-0.02097911760210991,-0.0002850070595741272,0.0,0.08528097718954086,0.9819077849388123,0.7770339606093186,6.325434684753418,1.8968791961669922,6.410715103149414,2.0794625282287598,6.7942070960998535,4.183001756668091,,,,,,
8789940000.0,99.59,7.800000190734863,6391222784.0,2411.3172463235114,1324.0,0.068359375,21708800.0,45121.22694396973,0.0022113616578280926,0.0159912109375,2.06557297706604,-0.019841164350509644,0.6285000443458557,-0.02065572887659073,0.0008145598694682121,0.0,-0.014863237738609314,1.1167213916778564,0.7362635840547058,6.611274719238281,1.9339359998703003,6.59641170501709,2.1745026111602783,6.794626474380493,4.1930577754974365,,,,,,
8789940000.0,166.7,7.699999809265137,6391222784.0,2335.305560203698,1325.0,0.0433349609375,21725184.0,45128.24272823334,0.0018227130640298128,0.01544189453125,2.0533580780029297,-0.019846007227897644,0.44882267713546753,-0.02053358033299446,0.0006875754334032536,0.0,-0.00044746557250618935,0.948293149471283,0.7455471927484255,6.25584602355957,1.6652542352676392,6.255397796630859,1.8799172639846802,7.01578426361084,4.188218116760254,,,,,,
8789940000.0,125.19,7.800000190734863,6391222784.0,2293.1442419066693,1326.0,0.0689697265625,21741568.0,45135.387503385544,0.002070742193609476,0.01849365234375,2.0400466918945312,-0.020023634657263756,0.5755888223648071,-0.02040046826004982,0.00037682708352804184,0.0,0.016975121572613716,1.072869062423706,0.742585346022213,6.6242876052856445,1.8339332342147827,6.641262531280518,2.1146082878112793,7.144775152206421,4.197978496551514,,,,,,
8789940000.0,124.09,7.699999809265137,6391222784.0,2312.398877576189,1327.0,0.06591796875,21757952.0,45142.472786188126,0.0021065694745630026,0.0172119140625,2.070631504058838,-0.020922638475894928,0.5220928192138672,-0.020706314593553543,-0.00021632248535752296,0.0,-0.03941497579216957,1.0225880146026611,0.7609347474429198,6.571207046508789,1.8023161888122559,6.531791687011719,2.0914247035980225,7.085282802581787,4.198607683181763,,,,,,
8789940000.0,139.14,8.0,6391222784.0,2389.158365135712,1328.0,0.062255859375,21774336.0,45149.330431222916,0.0018819242250174284,0.01629638671875,2.1441900730133057,-0.021563231945037842,0.5351001620292664,-0.021441901102662086,-0.00012133084237575531,0.0,-0.016123630106449127,1.0340782403945923,0.7493443573407659,6.520353317260742,1.79742431640625,6.504229545593262,2.065450668334961,6.857645034790039,4.197101831436157,,,,,,
8789940000.0,113.91,7.699999809265137,6391222784.0,2417.211689066262,1329.0,0.06103515625,21790720.0,45156.10848879814,0.0010888120159506798,0.00762939453125,2.149648427963257,-0.0214347206056118,0.5915869474411011,-0.02149648405611515,6.177276372909546e-05,0.0,-0.016652017831802368,1.0829216241836548,0.7283256843617768,6.51093864440918,1.803880214691162,6.49428653717041,2.0776515007019043,6.77805757522583,4.200991630554199,,,,,,
8789940000.0,137.94,6.400000095367432,6391222784.0,2369.709118956338,1330.0,0.048828125,21807104.0,45163.02241754532,0.0014328297693282366,0.01129150390625,2.1129233837127686,-0.020182104781270027,0.6544124484062195,-0.02112923189997673,0.0009471247904002666,0.0,-0.13229799270629883,1.1444953680038452,0.6963999644814766,6.219233512878418,1.735546588897705,6.086935520172119,2.07712721824646,6.913928747177124,4.192631721496582,,,,,,
8789940000.0,126.05,7.400000095367432,6391222784.0,2384.2238928184665,1331.0,0.059814453125,21823488.0,45169.894255399704,0.000991043634712696,0.0062255859375,2.1613547801971436,-0.02087225951254368,0.5606286525726318,-0.021613547578454018,0.0007412862032651901,0.0,-0.002097965683788061,1.0591202974319458,0.7395201185045142,6.1293253898620605,1.7267595529556274,6.127227306365967,2.075191020965576,6.871837854385376,4.174668550491333,,,,,,
8789940000.0,116.4,7.800000190734863,6391222784.0,2343.7149944469356,1332.0,0.0701904296875,21839872.0,45176.88486647606,0.0014825634425505996,0.0103759765625,2.1377861499786377,-0.020685264840722084,0.643666684627533,-0.021377863362431526,0.0006925966590642929,0.0,0.015277097001671791,1.13616943359375,0.7442733554528462,6.26716423034668,1.9211575984954834,6.28244161605835,2.2467527389526367,6.9906110763549805,4.231201410293579,,,,,,
8789940000.0,113.15,7.300000190734863,6391222784.0,2411.372837292291,1333.0,0.0726318359375,21856256.0,45183.67933630943,0.0018952847458422184,0.01171875,2.1396493911743164,-0.020941738039255142,0.6888958811759949,-0.021396491676568985,0.00045475387014448643,0.0,-0.08053327351808548,1.1729743480682373,0.7543827617144817,6.322231769561768,2.010683298110962,6.241698265075684,2.366786003112793,6.794469833374023,4.207818508148193,,,,,,
8789940000.0,130.01,7.599999904632568,6391222784.0,2390.2908905988365,1334.0,0.059814453125,21872640.0,45190.53373217583,0.0013730903156101704,0.01019287109375,2.170621871948242,-0.020243138074874878,0.6782346963882446,-0.021706217899918556,0.0014630788937211037,0.0,0.005868066567927599,1.1662100553512573,0.7027942138058727,6.058442115783691,1.8419350385665894,6.064310550689697,2.1391849517822266,6.854395866394043,4.20784330368042,,,,,,
8789940000.0,118.15,7.800000190734863,6391222784.0,2372.8941305816484,1335.0,0.0604248046875,21889024.0,45197.43838071823,0.001722846645861864,0.01300048828125,2.173116683959961,-0.02163236029446125,0.5713902711868286,-0.021731168031692505,9.880866855382919e-05,0.0,0.028205521404743195,1.064640998840332,0.7618888194068576,6.079339027404785,1.875388503074646,6.107544422149658,2.1817922592163086,6.904648542404175,4.277103900909424,,,,,,
8789940000.0,124.05,7.5,6391222784.0,2392.4399691612416,1336.0,0.05615234375,21905408.0,45204.28661942482,0.0023675700649619102,0.021728515625,2.136431932449341,-0.021535683423280716,0.5616861581802368,-0.02136431820690632,-0.00017136521637439728,0.0,-0.004090988542884588,1.0589567422866821,0.7574114797341647,6.120570182800293,1.8933182954788208,6.11647891998291,2.150021553039551,6.848238706588745,4.195880651473999,,,,,,
8789940000.0,134.73,7.5,6391222784.0,2329.3809282721477,1337.0,0.0592041015625,21921792.0,45211.320247888565,0.0014285384677350521,0.0106201171875,2.1075263023376465,-0.020832473412156105,0.5323638916015625,-0.021075261756777763,0.00024278368800878525,0.0,-0.04859324172139168,1.033239483833313,0.7834558254425079,6.077060699462891,1.915025234222412,6.028467178344727,2.220381259918213,7.033628463745117,4.3946003913879395,,,,,,
8789940000.0,131.34,8.199999809265137,6391222784.0,2402.1649269365066,1338.0,0.05126953125,21938176.0,45218.14076209068,0.0012782136909663677,0.0054931640625,2.115699291229248,-0.020419970154762268,0.43047451972961426,-0.02115699276328087,0.0007370226085186005,0.0,0.02296348288655281,0.9260035157203674,0.8013169284727417,5.982455253601074,1.8392215967178345,6.00541877746582,2.077457904815674,6.82051420211792,4.18832802772522,,,,,,
8789940000.0,145.84,7.5,6391222784.0,2380.259735559858,1339.0,0.059814453125,21954560.0,45225.0240445137,0.0013945742975920439,0.0108642578125,2.128357410430908,-0.02111176960170269,0.545316219329834,-0.021283574402332306,0.00017180549912154675,0.0,-0.06743760406970978,1.0413107872009277,0.7693223795883153,6.083480358123779,1.9017698764801025,6.016042709350586,2.1680917739868164,6.883282423019409,4.191946029663086,,,,,,
8789940000.0,135.91,7.900000095367432,6391222784.0,2386.0148996515463,1340.0,0.062255859375,21970944.0,45231.89072418213,0.0015957681462168694,0.01116943359375,2.114636182785034,-0.020734600722789764,0.5495128035545349,-0.021146360784769058,0.0004117595963180065,0.0,0.004688592627644539,1.0486303567886353,0.7738773358767996,6.158969879150391,1.9447498321533203,6.163658618927002,2.205211639404297,6.866679668426514,4.205369472503662,,,,,,
8789940000.0,123.56,7.900000095367432,6391222784.0,2373.033266747235,1341.0,0.0640869140625,21987328.0,45238.794967889786,0.0010453311260789633,0.005615234375,2.124344825744629,-0.02039666660130024,0.5059656500816345,-0.021243445575237274,0.0008467808365821838,0.0,-0.0020106262527406216,1.0039345026016235,0.8079317462148654,6.159914016723633,2.016383409500122,6.15790319442749,2.2907495498657227,6.90424370765686,4.197549819946289,,,,,,
8789940000.0,131.18,7.699999809265137,6391222784.0,2366.0659194703057,1342.0,0.0592041015625,22003712.0,45245.71954250336,0.0016585218254476786,0.01220703125,2.10801100730896,-0.0207594633102417,0.6981848478317261,-0.02108011022210121,0.00032064318656921387,0.0,-0.0025710714980959892,1.1797590255737305,0.7228752411365862,6.068695068359375,1.967678189277649,6.066123962402344,2.2410709857940674,6.924574613571167,4.204622268676758,,,,,,
8789940000.0,149.18,7.099999904632568,6391222784.0,2400.8750800719945,1343.0,0.05615234375,22020096.0,45252.54372096062,0.0016715191304683685,0.01336669921875,2.151932716369629,-0.02073340117931366,0.5775648951530457,-0.02151932567358017,0.0007859207689762115,0.0,-0.022518619894981384,1.0727909803390503,0.7639250585460976,5.925722122192383,1.9329720735549927,5.903203964233398,2.2079553604125977,6.824178457260132,4.252530813217163,,,,,,
,,,,,,,,,,,,,,,,,,,,,,,,,,0.027918986976146698,0.6416210532188416,0.586199164390564,0.027918986976146698,0.6416210532188416,0.586199164390564
,,,,,,,,,,,,,,,,,,,,,,,,,,0.025522828102111816,0.5833868384361267,0.553052544593811,0.025522828102111816,0.5833868384361267,0.553052544593811
,,,,,,,,,,,,,,,,,,,,,,,,,,0.024124756455421448,0.5505406260490417,0.5228341221809387,0.024124756455421448,0.5505406260490417,0.5228341221809387
,,,,,,,,,,,,,,,,,,,,,,,,,,0.023959487676620483,0.5267099738121033,0.49676087498664856,0.023959487676620483,0.5267099738121033,0.49676087498664856
,,,,,,,,,,,,,,,,,,,,,,,,,,0.023879477754235268,0.5101436972618103,0.4773504137992859,0.023879477754235268,0.5101436972618103,0.4773504137992859
,,,,,,,,,,,,,,,,,,,,,,,,,,0.02374686300754547,0.49094605445861816,0.45831385254859924,0.02374686300754547,0.49094605445861816,0.45831385254859924
8789940000.0,137.66,7.5,6188634112.0,18.436746194413924,1344.0,0.0494384765625,22036480.0,46141.203782081604,0.0017264243215322495,0.01177978515625,2.1973156929016113,-0.022523634135723114,0.5294203162193298,-0.021973159164190292,-0.0005504803266376257,0.0,-0.04134231060743332,1.030385136604309,0.7468381219623614,6.026588439941406,1.8174797296524048,5.985246658325195,2.0478603839874268,888.6600611209869,4.336485385894775,,,,,,
8789940000.0,127.42,8.199999809265137,6391222784.0,2418.5642669542312,1345.0,0.0567626953125,22052864.0,46147.97804903984,0.0010501715587452054,0.0064697265625,2.1568713188171387,-0.02162868157029152,0.48740649223327637,-0.021568715572357178,-5.9971120208501816e-05,0.0,0.08033283054828644,0.9826986789703369,0.7707450309688796,6.005190372467041,1.8211870193481445,6.085522651672363,2.052393913269043,6.774266958236694,4.198418140411377,,,,,,
8789940000.0,143.27,7.0,6391222784.0,2413.4097235304325,1346.0,0.062255859375,22069248.0,46154.76678442955,0.000702305231243372,0.00250244140625,2.1547024250030518,-0.02169741690158844,0.6735485792160034,-0.021547025069594383,-0.0001503918319940567,0.0,-0.10079675167798996,1.1604764461517334,0.7393332290136037,6.179278373718262,1.9719641208648682,6.078481197357178,2.2729687690734863,6.788735389709473,4.19161319732666,,,,,,
8789940000.0,150.07,7.5,6391222784.0,2402.123446315558,1347.0,0.0579833984375,22085632.0,46161.587416410446,0.000855312857311219,0.001220703125,2.1664514541625977,-0.021675612777471542,0.6283139586448669,-0.021664517000317574,-1.1095777153968811e-05,0.0,0.04408491402864456,1.118895411491394,0.7258018206157396,6.021622657775879,1.8505491018295288,6.065708160400391,2.136767625808716,6.820631980895996,4.205722093582153,,,,,,
8789940000.0,104.44,7.5,6391222784.0,2359.6984046229563,1348.0,0.045166015625,22102016.0,46168.53067660332,0.0013687193859368563,0.00830078125,2.1912550926208496,-0.022199537605047226,0.5145825743675232,-0.021912550553679466,-0.000286981463432312,0.0,-0.04352938383817673,1.0114524364471436,0.7360225860623301,5.913261890411377,1.7402818202972412,5.869732856750488,1.9686208963394165,6.943260192871094,4.1909754276275635,,,,,,
8789940000.0,146.41,7.800000190734863,6391222784.0,2389.172070685682,1349.0,0.05126953125,22118400.0,46175.38828229904,0.0008443863480351865,0.00244140625,2.1583192348480225,-0.020996563136577606,0.5414872169494629,-0.02158319018781185,0.0005866289138793945,0.0,0.031487882137298584,1.0375759601593018,0.7316801050929334,6.099320411682129,1.7681015729904175,6.1308088302612305,2.003058910369873,6.857605695724487,4.198139667510986,,,,,,
8789940000.0,161.52,7.800000190734863,6391222784.0,2449.177373292152,1350.0,0.05126953125,22134784.0,46182.07787537575,0.0008017405634745955,0.002685546875,2.1452064514160156,-0.02110363356769085,0.4434109330177307,-0.02145206369459629,0.00034842826426029205,0.0,-0.03064412996172905,0.9433156847953796,0.7674210865406301,6.148093223571777,1.7013676166534424,6.117448806762695,1.9560128450393677,6.689593076705933,4.186318874359131,,,,,,
8789940000.0,171.77,7.5,6391222784.0,2476.8294386828125,1351.0,0.050048828125,22151168.0,46188.69278383255,0.0014127191388979554,0.00909423828125,2.1434555053710938,-0.02139236032962799,0.5008999109268188,-0.02143455483019352,4.2193569242954254e-05,0.0,-0.004301636014133692,1.0018258094787598,0.7617297706225652,6.1508259773254395,1.76445734500885,6.146524429321289,2.0523784160614014,6.614908456802368,4.183259963989258,,,,,,
8789940000.0,132.29,7.699999809265137,6391222784.0,2446.496080983909,1352.0,0.0665283203125,22167552.0,46195.38970851898,0.0008748694090172648,0.0057373046875,2.1097116470336914,-0.020984020084142685,0.5562047958374023,-0.02109711617231369,0.00011309236288070679,0.0,0.03893527761101723,1.0540425777435303,0.7738889867695089,6.158395767211914,1.9059070348739624,6.197330951690674,2.216651439666748,6.696924686431885,4.186873435974121,,,,,,
8789940000.0,162.23,7.400000095367432,6391222784.0,2442.2336179144745,1353.0,0.054931640625,22183936.0,46202.098321437836,0.000650329515337944,0.0030517578125,2.116163969039917,-0.021214880049228668,0.5879248976707458,-0.02116163820028305,-5.324091762304306e-05,0.0,-0.0015817508101463318,1.0846351385116577,0.7420246589756222,6.044643402099609,1.847624659538269,6.043061256408691,2.135474681854248,6.70861291885376,4.215489149093628,,,,,,
8789940000.0,118.17,8.100000381469727,6391222784.0,2397.023870451454,1354.0,0.068359375,22200320.0,46208.93346405029,0.001193304662592709,0.00738525390625,2.132659435272217,-0.02167888730764389,0.6178557872772217,-0.021326592192053795,-0.0003522932529449463,0.0,0.05928104370832443,1.1104834079742432,0.7520951884394622,6.233526706695557,1.9713486433029175,6.2928080558776855,2.230332374572754,6.835142612457275,4.198412656784058,,,,,,
8789940000.0,127.39,7.800000190734863,6391222784.0,2411.5168611300314,1355.0,0.0640869140625,22216704.0,46215.727528095245,0.001201376668177545,0.00323486328125,2.0708742141723633,-0.02019682712852955,0.6467535495758057,-0.02070874162018299,0.0005119144916534424,0.0,-0.006343132350593805,1.1375813484191895,0.7342588909986245,6.3669538497924805,1.93014657497406,6.360610485076904,2.206749677658081,6.794064044952393,4.20783257484436,,,,,,
8789940000.0,82.3,8.5,6391222784.0,2428.419879114515,1356.0,0.0799560546875,22233088.0,46222.47430205345,0.0009855059906840324,0.00628662109375,2.0672497749328613,-0.021006468683481216,0.5870059132575989,-0.020672498270869255,-0.00033397041261196136,0.0,0.09599262475967407,1.0769615173339844,0.7610723576767369,6.466917514801025,1.9206080436706543,6.562910556793213,2.2032668590545654,6.746773958206177,4.197329998016357,,,,,,
8789940000.0,99.92,7.900000095367432,6391222784.0,2388.8715814272996,1357.0,0.062255859375,22249472.0,46229.332770347595,0.0012338383821770549,0.0089111328125,2.116690158843994,-0.02143091708421707,0.5649808645248413,-0.02116689831018448,-0.00026401691138744354,0.0,-0.027027137577533722,1.0598019361495972,0.7470140067675872,6.525381088256836,1.8685251474380493,6.498353958129883,2.1070570945739746,6.858468294143677,4.191684246063232,,,,,,
8789940000.0,89.42,8.199999809265137,6391222784.0,2393.083821428759,1358.0,0.07568359375,22265856.0,46236.179166555405,0.0008953300421126187,0.00311279296875,2.118144989013672,-0.02071240544319153,0.6659220457077026,-0.02118144929409027,0.0004690438508987427,0.0,0.008023758418858051,1.1534042358398438,0.721589299602716,6.579607963562012,1.8625004291534424,6.5876312255859375,2.185940742492676,6.846396207809448,4.211190700531006,,,,,,
8789940000.0,128.29,7.300000190734863,6391222784.0,2373.4065075696253,1359.0,0.06103515625,22282240.0,46243.08232450485,0.0010917035397142172,0.00457763671875,2.1267313957214355,-0.02105620875954628,0.6746065020561218,-0.02126731351017952,0.00021110288798809052,0.0,-0.029650604352355003,1.1675742864608765,0.7299723946083585,6.471649169921875,1.8734170198440552,6.441998481750488,2.2468831539154053,6.903157949447632,4.194844961166382,,,,,,
8789940000.0,112.17,8.300000190734863,6391222784.0,2372.5072080645973,1360.0,0.0775146484375,22298624.0,46249.988099098206,0.0008869229350239038,0.0042724609375,2.1026132106781006,-0.02061590552330017,0.5735058188438416,-0.0210261307656765,0.00041022617369890213,0.0,0.04283083230257034,1.0696287155151367,0.760872776859679,6.502312660217285,1.9632381200790405,6.545143127441406,2.1873512268066406,6.9057745933532715,4.1925013065338135,,,,,,
8789940000.0,95.2,8.600000381469727,6391222784.0,2398.229231209869,1361.0,0.0787353515625,22315008.0,46256.81980633736,0.0011256802827119827,0.00592041015625,2.0649380683898926,-0.020643247291445732,0.4955939054489136,-0.020649379119277,6.132293492555618e-06,0.0,0.048713184893131256,0.9970473051071167,0.7990908194170477,6.6578369140625,2.014542818069458,6.706549644470215,2.2244153022766113,6.831707239151001,4.2039635181427,,,,,,
8789940000.0,118.99,7.699999809265137,6391222784.0,2368.3052429583654,1362.0,0.05859375,22331392.0,46263.73783349991,0.0008247850346378982,0.00408935546875,2.0521345138549805,-0.019984522834420204,0.6934674978256226,-0.020521346479654312,0.0005368273705244064,0.0,-0.03248151019215584,1.1744892597198486,0.68540646872987,6.481180191040039,1.8463329076766968,6.4486985206604,2.0939877033233643,6.91802716255188,4.200188159942627,,,,,,
8789940000.0,120.42,7.5,6391222784.0,2415.823169397109,1363.0,0.0628662109375,22347776.0,46270.51978683472,0.0011881357058882713,0.00872802734375,2.080990791320801,-0.02090536057949066,0.5860969424247742,-0.020809907466173172,-9.545311331748962e-05,0.0,-0.03968971222639084,1.0833910703659058,0.7308464977421822,6.37852668762207,1.7636913061141968,6.338836669921875,2.088261365890503,6.78195333480835,4.193136215209961,,,,,,
8789940000.0,115.84,7.800000190734863,6391222784.0,2370.861229006273,1364.0,0.0531005859375,22364160.0,46277.43035578728,0.0017263569170609117,0.01214599609375,2.112308979034424,-0.020809706300497055,0.5176084637641907,-0.021123090758919716,0.00031338445842266083,0.0,0.0074224285781383514,1.0145580768585205,0.7480303438862199,6.187897682189941,1.7262701988220215,6.195320129394531,2.0211706161499023,6.910568952560425,4.212803363800049,,,,,,
8789940000.0,117.44,8.100000381469727,6391222784.0,2366.9155839948858,1365.0,0.0482177734375,22380544.0,46284.35244464874,0.0017307637026533484,0.012939453125,2.0924525260925293,-0.020206067711114883,0.3964462876319885,-0.0209245253354311,0.0007184580899775028,0.0,-0.024208206683397293,0.8899427652359009,0.7767313657193324,6.1639909744262695,1.6806707382202148,6.1397833824157715,1.8834258317947388,6.922088861465454,4.185951232910156,,,,,,
8789940000.0,163.78,7.900000095367432,6391222784.0,2357.669759725136,1366.0,0.047607421875,22396928.0,46291.30167913437,0.0013457892928272486,0.01007080078125,2.0585973262786865,-0.019930332899093628,0.4700447618961334,-0.02058597095310688,0.0006556380540132523,0.0,0.016377048566937447,0.9697617888450623,0.7438653686110009,6.245622158050537,1.6710745096206665,6.261999130249023,1.9161547422409058,6.949234485626221,4.19460391998291,,,,,,
8789940000.0,147.84,8.100000381469727,6391222784.0,2419.7835550510936,1367.0,0.0640869140625,22413312.0,46298.07253265381,0.0013019515899941325,0.0107421875,2.091820478439331,-0.020526787266135216,0.5223703384399414,-0.02091820351779461,0.00039141997694969177,0.0,-0.004100372549146414,1.0215733051300049,0.7511001264188257,6.515512466430664,1.7815519571304321,6.511411666870117,2.0476558208465576,6.770853519439697,4.2198240756988525,,,,,,
8789940000.0,129.64,7.800000190734863,6391222784.0,2401.1846377941583,1368.0,0.0653076171875,22429696.0,46304.89583134651,0.0017243962502107024,0.013671875,2.0968501567840576,-0.01970093697309494,0.5700215101242065,-0.020968500524759293,0.0012675633188337088,0.0,-0.0020265772473067045,1.0670349597930908,0.7352952019338596,6.49285888671875,1.7758139371871948,6.490832328796387,2.073946952819824,6.823298692703247,4.197457313537598,,,,,,
8789940000.0,141.03,8.300000190734863,6391222784.0,2311.4231400041203,1369.0,0.0628662109375,22446080.0,46311.98410511017,0.0017401460791006684,0.01446533203125,2.085095167160034,-0.01992957666516304,0.5263200402259827,-0.020850952714681625,0.000921374186873436,0.0,0.052692532539367676,1.02748441696167,0.7497880062543909,6.4457807540893555,1.7732930183410645,6.498473167419434,2.0540974140167236,7.088273763656616,4.408912897109985,,,,,,
8789940000.0,120.52,7.699999809265137,6391222784.0,2411.916951788284,1370.0,0.05859375,22462464.0,46318.7770421505,0.0022913054563105106,0.0174560546875,2.0504839420318604,-0.021058781072497368,0.5561241507530212,-0.020504839718341827,-0.0005539441481232643,0.0,0.0020928168669342995,1.0560455322265625,0.7467615791117743,6.440828323364258,1.8471665382385254,6.442920684814453,2.0985424518585205,6.7929370403289795,4.18146014213562,,,,,,
8789940000.0,105.4,7.199999809265137,6391222784.0,2417.507954442715,1371.0,0.0665283203125,22478848.0,46325.554269075394,0.0018994577694684267,0.01715087890625,2.086937427520752,-0.020240025594830513,0.696262538433075,-0.02086937427520752,0.0006293475162237883,0.0,-0.08023899793624878,1.1821094751358032,0.6968185670888606,6.503166675567627,1.8347785472869873,6.4229278564453125,2.146873712539673,6.77722692489624,4.195419073104858,,,,,,
8789940000.0,114.28,7.599999904632568,6391222784.0,2382.9658786995246,1372.0,0.0628662109375,22495232.0,46332.42973470688,0.002145745325833559,0.0213623046875,2.1238505840301514,-0.02120169810950756,0.672756552696228,-0.021238503977656364,3.680586814880371e-05,0.0,-0.05360008776187897,1.1519651412963867,0.7208966461175115,6.3206787109375,1.8366327285766602,6.267078399658203,2.1805036067962646,6.875465631484985,4.263891220092773,,,,,,
8789940000.0,100.36,7.300000190734863,6391222784.0,2397.281588123235,1373.0,0.072021484375,22511616.0,46339.264142513275,0.0014059126842767,0.01153564453125,2.1232807636260986,-0.02114410698413849,0.6061680316925049,-0.021232809871435165,8.87010246515274e-05,0.0,-0.030622970312833786,1.1004258394241333,0.7589237726970892,6.2454657554626465,1.8559949398040771,6.214842796325684,2.2412166595458984,6.834407806396484,4.279417276382446,,,,,,
8789940000.0,120.58,8.199999809265137,6391222784.0,2389.0318661801007,1374.0,0.064697265625,22528000.0,46346.12215065956,0.0011001660022884607,0.00726318359375,2.1331896781921387,-0.020629441365599632,0.5434240102767944,-0.021331895142793655,0.0007024537771940231,0.0,0.06363070756196976,1.0503102540969849,0.7645553643567702,6.245661735534668,1.9128140211105347,6.309292793273926,2.164578437805176,6.858008146286011,4.194949150085449,,,,,,
8789940000.0,104.08,7.5,6391222784.0,2385.531348383957,1375.0,0.0604248046875,22544384.0,46352.99022221565,0.001699790358543396,0.01300048828125,2.133063793182373,-0.020618628710508347,0.5481059551239014,-0.021330637857317924,0.0007120091468095779,0.0,-0.09122246503829956,1.0443695783615112,0.7762536550743242,6.18795919418335,1.9219223260879517,6.096736907958984,2.207885265350342,6.868071556091309,4.194631814956665,,,,,,
,,,,,,,,,,,,,,,,,,,,,,,,,,0.023357940837740898,0.5983896851539612,0.5518779158592224,0.023357940837740898,0.5983896851539612,0.5518779158592224
,,,,,,,,,,,,,,,,,,,,,,,,,,0.021435212343931198,0.5467607975006104,0.5172317624092102,0.021435212343931198,0.5467607975006104,0.5172317624092102
,,,,,,,,,,,,,,,,,,,,,,,,,,0.02097316086292267,0.5214934945106506,0.49055156111717224,0.02097316086292267,0.5214934945106506,0.49055156111717224
,,,,,,,,,,,,,,,,,,,,,,,,,,0.020633025094866753,0.49605053663253784,0.4688081443309784,0.020633025094866753,0.49605053663253784,0.4688081443309784
,,,,,,,,,,,,,,,,,,,,,,,,,,0.020365698263049126,0.47879084944725037,0.4492532014846802,0.020365698263049126,0.47879084944725037,0.4492532014846802
,,,,,,,,,,,,,,,,,,,,,,,,,,0.02010122872889042,0.45875948667526245,0.42863309383392334,0.02010122872889042,0.45875948667526245,0.42863309383392334
8789940000.0,118.9,7.199999809265137,6188634112.0,18.417482894454956,1376.0,0.0494384765625,22560768.0,47242.57975482941,0.0007100173970684409,0.00274658203125,2.2159807682037354,-0.021726643666625023,0.5389499664306641,-0.02215980738401413,0.00043316232040524483,0.0,-0.07254723459482193,1.0383977890014648,0.757789522890697,5.864397048950195,1.8223204612731934,5.791849613189697,2.1099259853363037,889.5895326137543,4.198218107223511,,,,,,
8789940000.0,139.16,7.699999809265137,6391222784.0,2362.856301586657,1377.0,0.0439453125,22577152.0,47249.51373553276,0.0005525416927412152,0.00152587890625,2.2459962368011475,-0.02231905236840248,0.39600029587745667,-0.022459961473941803,0.00014090538024902344,0.0,-0.00948883593082428,0.8917521834373474,0.7890609774423505,5.593417644500732,1.691117763519287,5.583929061889648,1.9416272640228271,6.933980703353882,4.291086196899414,,,,,,
8789940000.0,192.8,7.599999904632568,6391222784.0,2396.512529353753,1378.0,0.0469970703125,22593536.0,47256.350336551666,0.0006314920028671622,0.0023193359375,2.2092318534851074,-0.02185065858066082,0.4509028494358063,-0.022092320024967194,0.00024166260845959187,0.0,-0.006861946079879999,0.9484261870384216,0.7893153988545085,5.830316543579102,1.8170206546783447,5.823454856872559,2.066270589828491,6.83660101890564,4.192587375640869,,,,,,
8789940000.0,153.59,8.5,6391222784.0,2456.8134256580724,1379.0,0.048828125,22609920.0,47263.019137620926,0.0007858776370994747,0.00250244140625,2.1704256534576416,-0.021226542070508003,0.4045966863632202,-0.021704254671931267,0.0004777088761329651,0.0,0.0820770263671875,0.9006138443946838,0.8059187449300134,6.016249656677246,1.878067135810852,6.098326683044434,2.0443103313446045,6.6688010692596436,4.195183277130127,,,,,,
8789940000.0,178.75,8.0,6391222784.0,2394.5608744032806,1380.0,0.0579833984375,22626304.0,47269.861310720444,0.001062024850398302,0.00531005859375,2.1695988178253174,-0.021622827276587486,0.5070957541465759,-0.02169598825275898,7.316237315535545e-05,0.0,-0.05284375697374344,1.008427381515503,0.7792773010679059,6.166971206665039,1.9025503396987915,6.114127159118652,2.146451473236084,6.842173099517822,4.206996917724609,,,,,,
8789940000.0,124.71,7.900000095367432,6391222784.0,2393.402293100255,1381.0,0.050048828125,22642688.0,47276.70679593086,0.0012485622428357601,0.00701904296875,2.206662893295288,-0.022158898413181305,0.48683804273605347,-0.02206662856042385,-9.227357804775238e-05,0.0,-0.006531920284032822,0.9868586659431458,0.7834322195488027,5.987013339996338,1.919352650642395,5.980481147766113,2.1205952167510986,6.845485210418701,4.1843156814575195,,,,,,
8789940000.0,194.1,6.900000095367432,6391222784.0,2406.388910916884,1382.0,0.0421142578125,22659072.0,47283.51533794403,0.001375904306769371,0.00994873046875,2.204073429107666,-0.02216525748372078,0.5220628976821899,-0.022040734067559242,-0.00012452155351638794,0.0,-0.09385649114847183,1.0158288478851318,0.7643505810005271,5.825521945953369,1.8424851894378662,5.73166561126709,2.0926051139831543,6.808542013168335,4.1977386474609375,,,,,,
8789940000.0,104.47,8.199999809265137,6391222784.0,2410.718600133601,1383.0,0.0506591796875,22675456.0,47290.311651706696,0.0006144042708911002,0.00164794921875,2.1883442401885986,-0.022156547755002975,0.427264928817749,-0.021883444860577583,-0.0002731010317802429,0.0,0.03564981371164322,0.9227378964424133,0.7923369095230116,5.658686637878418,1.8085404634475708,5.694336414337158,2.024876594543457,6.796313762664795,4.19076132774353,,,,,,
8789940000.0,148.78,6.800000190734863,6391222784.0,2416.7362346182026,1384.0,0.0537109375,22691840.0,47297.091042757034,0.001151401549577713,0.008544921875,2.151193857192993,-0.0211819838732481,0.6133509874343872,-0.02151193656027317,0.0003299536183476448,0.0,-0.06052803993225098,1.1055986881256104,0.7448207289593489,5.8074445724487305,1.8837586641311646,5.7469162940979,2.188642740249634,6.779391050338745,4.191932678222656,,,,,,
8789940000.0,115.09,7.699999809265137,6391222784.0,2372.380336752839,1385.0,0.059814453125,22708224.0,47303.99718666077,0.000922258070204407,0.00579833984375,2.074864387512207,-0.02012767270207405,0.5994820594787598,-0.020748641341924667,0.0006209705024957657,0.0,0.014938539825379848,1.0933728218078613,0.7538501350434053,5.920147895812988,1.919054627418518,5.935086250305176,2.2037811279296875,6.9061439037323,4.210124969482422,,,,,,
8789940000.0,131.28,6.900000095367432,6391222784.0,2362.2166731554785,1386.0,0.0628662109375,22724608.0,47310.93304491043,0.0009326867875643075,0.005615234375,2.053335189819336,-0.020007535815238953,0.7122120261192322,-0.020533353090286255,0.0005258149467408657,0.0,-0.06552158296108246,1.187898874282837,0.744305648862742,6.0246052742004395,1.985399603843689,5.959083557128906,2.349193811416626,6.935858249664307,4.200661897659302,,,,,,
8789940000.0,123.43,8.0,6391222784.0,2407.7279664322605,1387.0,0.074462890625,22740992.0,47317.737800359726,0.0008638185681775212,0.00439453125,2.0241904258728027,-0.019606558606028557,0.7037660479545593,-0.020241905003786087,0.0006353426724672318,0.0,0.1319369375705719,1.186439037322998,0.7404873003158251,6.231012344360352,2.0562641620635986,6.362949371337891,2.328982353210449,6.804755449295044,4.182814121246338,,,,,,
8789940000.0,93.19,8.0,6391222784.0,2424.366192435814,1388.0,0.081787109375,22757376.0,47324.49585533142,0.001291807391680777,0.0076904296875,2.0509917736053467,-0.01950623095035553,0.7125773429870605,-0.020509915426373482,0.001003684476017952,0.0,0.00841471366584301,1.195364236831665,0.7600189029195579,6.54425573348999,2.173495292663574,6.552670478820801,2.440122604370117,6.758054971694946,4.184522867202759,,,,,,
8789940000.0,113.22,7.699999809265137,6391222784.0,2389.2579623792617,1389.0,0.0604248046875,22773760.0,47331.353214502335,0.0009269298752769828,0.00457763671875,2.128953218460083,-0.021469928324222565,0.5625841617584229,-0.021289533004164696,-0.0001803981140255928,0.0,-0.042880915105342865,1.059259295463562,0.7637972030339937,6.25313663482666,1.9373430013656616,6.2102556228637695,2.179513692855835,6.857359170913696,4.200130462646484,,,,,,
8789940000.0,109.16,8.5,6391222784.0,2430.9562396244924,1390.0,0.064697265625,22790144.0,47338.09294915199,0.0011576447868719697,0.006591796875,2.1279804706573486,-0.02108094096183777,0.4834289252758026,-0.02127980627119541,0.0001988634467124939,0.0,0.043786391615867615,0.9830915331840515,0.7923336375849914,6.182187557220459,1.9182705879211426,6.225974082946777,2.1573028564453125,6.739734649658203,4.184058666229248,,,,,,
8789940000.0,138.38,8.100000381469727,6391222784.0,2413.164796882808,1391.0,0.05859375,22806528.0,47344.882373571396,0.0010342062450945377,0.00537109375,2.151669502258301,-0.021038591861724854,0.5277475118637085,-0.021516693755984306,0.00047810468822717667,0.0,0.02760978229343891,1.029984474182129,0.7647442834980556,6.2176103591918945,1.865123987197876,6.245220184326172,2.123540163040161,6.789424419403076,4.21506929397583,,,,,,
8789940000.0,152.32,7.400000095367432,6391222784.0,2395.876854757332,1392.0,0.0543212890625,22822912.0,47351.72078847885,0.0020232954993844032,0.0174560546875,2.1620876789093018,-0.021318459883332253,0.6057058572769165,-0.02162087708711624,0.00030241673812270164,0.0,-0.08957698941230774,1.094374656677246,0.7532434011700171,6.156597137451172,1.9188705682754517,6.067020416259766,2.203087091445923,6.838414907455444,4.187161445617676,,,,,,
8789940000.0,122.66,7.300000190734863,6391222784.0,2390.960373009359,1393.0,0.06103515625,22839296.0,47358.57326507568,0.001363959745503962,0.0086669921875,2.1682474613189697,-0.021322909742593765,0.5852770209312439,-0.02168247289955616,0.000359557569026947,0.0,-0.05987388268113136,1.0790576934814453,0.7688427388712495,6.034723281860352,1.918036937713623,5.974849224090576,2.244351863861084,6.852476596832275,4.2301344871521,,,,,,
8789940000.0,146.98,7.900000095367432,6391222784.0,2408.4246415820135,1394.0,0.0567626953125,22855680.0,47365.37605214119,0.0017356510506942868,0.0093994140625,2.1542258262634277,-0.021644113585352898,0.5795342326164246,-0.0215422585606575,-0.00010185112478211522,0.0,0.01821114309132099,1.0723627805709839,0.7540685328567988,6.073733329772949,1.929955005645752,6.091944694519043,2.162393569946289,6.8027870655059814,4.24297571182251,,,,,,
8789940000.0,121.55,8.0,6391222784.0,2430.9194342168807,1395.0,0.0567626953125,22872064.0,47372.115888834,0.0010122692910954356,0.00640869140625,2.1553077697753906,-0.021114975214004517,0.46394219994544983,-0.021553076803684235,0.00043810252100229263,0.0,-0.01105854194611311,0.9626554250717163,0.8084515896139557,5.9475250244140625,1.963443636894226,5.936466693878174,2.199538230895996,6.739836692810059,4.224313735961914,,,,,,
8789940000.0,136.45,7.5,6391222784.0,2375.363639106927,1396.0,0.0555419921875,22888448.0,47379.013359069824,0.0021782114636152983,0.01824951171875,2.1221604347229004,-0.020789895206689835,0.560425341129303,-0.021221604198217392,0.00043170712888240814,0.0,-0.02948117069900036,1.0567766427993774,0.7669556842351107,5.884799957275391,1.8974252939224243,5.855319023132324,2.1890921592712402,6.897470235824585,4.228931188583374,,,,,,
8789940000.0,136.31,7.599999904632568,6391222784.0,2354.3925991201863,1397.0,0.0457763671875,22904832.0,47385.97226643562,0.0012681616935878992,0.0086669921875,2.1024107933044434,-0.0197647325694561,0.513465166091919,-0.021024109795689583,0.0012593753635883331,0.0,0.022865964099764824,1.0098322629928589,0.7340919046626722,5.643057823181152,1.7254409790039062,5.665923595428467,1.9583191871643066,6.95890736579895,4.259314060211182,,,,,,
8789940000.0,138.49,7.699999809265137,6391222784.0,2387.360315550849,1398.0,0.064697265625,22921216.0,47392.83507633209,0.0014444510452449322,0.01129150390625,2.0471606254577637,-0.020733781158924103,0.5917595624923706,-0.02047160640358925,-0.0002621728926897049,0.0,-0.017283208668231964,1.0885385274887085,0.7829448392762355,6.187026023864746,2.036924362182617,6.169742584228516,2.336461305618286,6.862809896469116,4.195544958114624,,,,,,
8789940000.0,90.71,8.100000381469727,6391222784.0,2351.473858234748,1399.0,0.0714111328125,22937600.0,47399.80262136459,0.0008750950219109654,0.004638671875,2.0469391345977783,-0.01986854523420334,0.6101233959197998,-0.020469391718506813,0.0006008371710777283,0.0,0.06788163632154465,1.091802954673767,0.777767273352151,6.032198905944824,2.0583291053771973,6.1000800132751465,2.316009759902954,6.967545032501221,4.198627471923828,,,,,,
8789940000.0,129.44,7.699999809265137,6391222784.0,2367.977503215419,1400.0,0.0714111328125,22953984.0,47406.72160601616,0.001967763528227806,0.01922607421875,2.066922903060913,-0.020960725843906403,0.5997791886329651,-0.020669229328632355,-0.00029148953035473824,0.0,0.0001712045632302761,1.0958045721054077,0.7785285507904514,6.340780258178711,2.084296226501465,6.340951442718506,2.3284881114959717,6.918984651565552,4.207000732421875,,,,,,
8789940000.0,117.09,7.5,6391222784.0,2362.628107402206,1401.0,0.079345703125,22970368.0,47413.6562564373,0.0015420946292579174,0.01275634765625,2.020461320877075,-0.01958758383989334,0.8182075023651123,-0.020204614847898483,0.000617029145359993,0.0,0.008727331645786762,1.2815361022949219,0.7288919183874781,6.405718803405762,2.128732442855835,6.414445877075195,2.4612724781036377,6.934650421142578,4.204230070114136,,,,,,
8789940000.0,79.44,8.600000381469727,6391222784.0,2418.65892492819,1402.0,0.0848388671875,22986752.0,47420.43025827408,0.0009135053842328489,0.0050048828125,2.0295040607452393,-0.019732512533664703,0.619611382484436,-0.020295042544603348,0.0005625304765999317,0.0,0.1173948273062706,1.110107660293579,0.7768325773599509,6.490089416503906,2.1152820587158203,6.607484817504883,2.3499035835266113,6.774001836776733,4.1949381828308105,,,,,,
8789940000.0,113.22,7.400000095367432,6391222784.0,2309.9414707064284,1403.0,0.0677490234375,23003136.0,47427.52307868004,0.0012126666260883212,0.0086669921875,2.0076606273651123,-0.02038823626935482,0.7486274838447571,-0.020076606422662735,-0.00031163543462753296,0.0,-0.01747751235961914,1.2189240455627441,0.7132709304689149,6.346576690673828,1.987383246421814,6.329099178314209,2.2763571739196777,7.092820405960083,4.46727180480957,,,,,,
8789940000.0,79.01,8.100000381469727,6391222784.0,2410.362869213704,1404.0,0.072021484375,23019520.0,47434.320395469666,0.0008447955478914082,0.0047607421875,2.0342588424682617,-0.019960541278123856,0.6389025449752808,-0.020342590287327766,0.00038204900920391083,0.0,0.02939346246421337,1.1240895986557007,0.7631652085557967,6.266177654266357,2.0199854373931885,6.295571327209473,2.3098208904266357,6.797316789627075,4.182252883911133,,,,,,
8789940000.0,103.83,8.300000190734863,6391222784.0,2430.656841060077,1405.0,0.0738525390625,23035904.0,47441.060960292816,0.001052240957506001,0.0052490234375,2.0365891456604004,-0.020071862265467644,0.6594727635383606,-0.020365891978144646,0.0002940255217254162,0.0,0.032514750957489014,1.1440256834030151,0.7493855944485412,6.361692428588867,2.0031051635742188,6.394206523895264,2.2852442264556885,6.740564823150635,4.187514781951904,,,,,,
8789940000.0,109.45,7.5,6391222784.0,2430.0844745805816,1406.0,0.0677490234375,23052288.0,47447.803112745285,0.0010620580287650228,0.0069580078125,2.0576016902923584,-0.02048908732831478,0.7110372185707092,-0.02057601697742939,8.692778646945953e-05,0.0,-0.0733734667301178,1.1931706666946411,0.7269853367384957,6.383563995361328,1.9910616874694824,6.310190200805664,2.28354549407959,6.742152452468872,4.207225561141968,,,,,,
8789940000.0,131.37,7.199999809265137,6391222784.0,2391.1045479106087,1407.0,0.0567626953125,23068672.0,47454.65517616272,0.0010144594125449657,0.0052490234375,2.0984206199645996,-0.020492419600486755,0.6319119930267334,-0.02098420448601246,0.0004917867481708527,0.0,-0.0847548395395279,1.125807285308838,0.731562383729049,6.115029335021973,1.858574390411377,6.030274391174316,2.1729118824005127,6.852063417434692,4.205687522888184,,,,,,
,,,,,,,,,,,,,,,,,,,,,,,,,,0.02025284245610237,0.609801173210144,0.5668021440505981,0.02025284245610237,0.609801173210144,0.5668021440505981
,,,,,,,,,,,,,,,,,,,,,,,,,,0.01850106380879879,0.5510919690132141,0.526336133480072,0.01850106380879879,0.5510919690132141,0.526336133480072
,,,,,,,,,,,,,,,,,,,,,,,,,,0.017861774191260338,0.5250046849250793,0.4993463456630707,0.017861774191260338,0.5250046849250793,0.4993463456630707
,,,,,,,,,,,,,,,,,,,,,,,,,,0.01790936477482319,0.5032532811164856,0.474528968334198,0.01790936477482319,0.5032532811164856,0.474528968334198
,,,,,,,,,,,,,,,,,,,,,,,,,,0.018090927973389626,0.4823993146419525,0.4542340636253357,0.018090927973389626,0.4823993146419525,0.4542340636253357
,,,,,,,,,,,,,,,,,,,,,,,,,,0.018020901829004288,0.46401259303092957,0.4331229627132416,0.018020901829004288,0.46401259303092957,0.4331229627132416
8789940000.0,102.21,8.100000381469727,6188634112.0,18.39938893471912,1408.0,0.0762939453125,23085056.0,48345.11953115463,0.0008233339758589864,0.00408935546875,2.0733020305633545,-0.020419994369149208,0.7412898540496826,-0.020733019337058067,0.00031302496790885925,0.0,-0.01190946064889431,1.2159388065338135,0.7457115344707738,6.373093605041504,2.163335084915161,6.361184120178223,2.4112842082977295,890.4643549919128,4.4328553676605225,,,,,,
8789940000.0,106.2,7.800000190734863,6391222784.0,2414.246408464935,1409.0,0.078125,23101440.0,48351.9059138298,0.0007259253179654479,0.0029296875,2.081894874572754,-0.02074354887008667,0.668554961681366,-0.02081894874572754,7.539987564086914e-05,0.0,-0.03078266978263855,1.1624592542648315,0.764206657221412,6.297079086303711,2.1290061473846436,6.26629638671875,2.393932819366455,6.786382675170898,4.198078632354736,,,,,,
8789940000.0,116.24,7.0,6391222784.0,2405.1333305543894,1410.0,0.0897216796875,23117824.0,48358.71801018715,0.0008260607719421387,0.00341796875,2.0468056201934814,-0.019675180315971375,0.8350638151168823,-0.020468054339289665,0.000792871811427176,0.0,-0.04018598794937134,1.2901256084442139,0.7493676370905434,6.490097999572754,2.19406795501709,6.449912071228027,2.576993942260742,6.812096357345581,4.213145971298218,,,,,,
8789940000.0,91.51,8.300000190734863,6391222784.0,2423.883388311439,1411.0,0.079345703125,23134208.0,48365.47741127014,0.0008624003967270255,0.00360107421875,2.0936007499694824,-0.02013835497200489,0.7017281651496887,-0.02093600481748581,0.0007976517081260681,0.0,0.0669812336564064,1.1815674304962158,0.752344702417405,6.4024338722229,2.150287628173828,6.469415187835693,2.374295234680176,6.759401082992554,4.185348272323608,,,,,,
8789940000.0,99.74,7.699999809265137,6391222784.0,2412.0637498701735,1412.0,0.0701904296875,23150592.0,48372.269934892654,0.0004788939841091633,0.00140380859375,2.1692473888397217,-0.021571220830082893,0.6187610626220703,-0.02169247344136238,0.00012125447392463684,0.0,-0.02216847613453865,1.1116955280303955,0.7812275112874854,6.154977798461914,2.1441898345947266,6.132808685302734,2.3767824172973633,6.792523622512817,4.2007668018341064,,,,,,
8789940000.0,119.78,7.099999904632568,6391222784.0,2420.5612298517212,1413.0,0.0665283203125,23166976.0,48379.03861308098,0.0006257651839405298,0.00213623046875,2.137929677963257,-0.021109728142619133,0.6540789604187012,-0.021379297599196434,0.00026957131922245026,0.0,-0.06647808849811554,1.1428519487380981,0.756743147797631,6.12891960144043,2.014683723449707,6.062441825866699,2.3171679973602295,6.768678188323975,4.205444812774658,,,,,,
8789940000.0,130.78,8.0,6391222784.0,2430.125895271456,1414.0,0.0634765625,23183360.0,48385.78065061569,0.0012669687857851386,0.00732421875,2.0849835872650146,-0.020867299288511276,0.5960890054702759,-0.020849835127592087,-1.74609012901783e-05,0.0,0.060303639620542526,1.0941085815429688,0.7460791283060071,6.224503040313721,1.9021551609039307,6.284806728363037,2.1712570190429688,6.742037534713745,4.190620422363281,,,,,,
8789940000.0,95.33,8.399999618530273,6391222784.0,2409.029327175632,1415.0,0.081787109375,23199744.0,48392.581730127335,0.001192588359117508,0.0072021484375,2.1049468517303467,-0.02115928754210472,0.5563488006591797,-0.021049467846751213,-0.0001098201610147953,0.0,0.1522989720106125,1.0576047897338867,0.7852281853427635,6.373104095458984,2.0737311840057373,6.5254034996032715,2.2821009159088135,6.801079511642456,4.188586950302124,,,,,,
8789940000.0,114.05,7.599999904632568,6391222784.0,2448.183116371309,1416.0,0.0628662109375,23216128.0,48399.27403998375,0.0009980294853448868,0.00469970703125,2.0846517086029053,-0.021254459396004677,0.6841700077056885,-0.020846515893936157,-0.00040794070810079575,0.0,-0.01139195915311575,1.1575629711151123,0.7360143441519615,6.336085319519043,2.0076446533203125,6.32469367980957,2.2529664039611816,6.692309856414795,4.190256595611572,,,,,,
8789940000.0,106.89,7.199999809265137,6391222784.0,2373.7536268844706,1417.0,0.0701904296875,23232512.0,48406.17618846893,0.0014259812887758017,0.01373291015625,2.039438247680664,-0.019614409655332565,0.7795920372009277,-0.020394382998347282,0.0007799724116921425,0.0,-0.12261092662811279,1.2386395931243896,0.7000834902925026,6.337709426879883,1.925418496131897,6.2150983810424805,2.2617523670196533,6.902148485183716,4.204689264297485,,,,,,
8789940000.0,104.06,8.199999809265137,6391222784.0,2389.1675021515534,1418.0,0.0555419921875,23248896.0,48413.03380727768,0.0014781916979700327,0.0113525390625,2.0586204528808594,-0.02109002321958542,0.5017175078392029,-0.020586205646395683,-0.0005038231611251831,0.0,0.06926459819078445,0.998304545879364,0.7701951945739726,5.974530220031738,1.78421151638031,6.043795108795166,2.0824928283691406,6.857618808746338,4.198009252548218,,,,,,
8789940000.0,128.0,7.5,6391222784.0,2405.2527008459924,1419.0,0.0677490234375,23265280.0,48419.84556555748,0.000946128333453089,0.0064697265625,2.054915428161621,-0.020698871463537216,0.568834125995636,-0.02054915390908718,-0.00014971569180488586,0.0,-0.03168606385588646,1.066795825958252,0.7674982868028641,6.220280647277832,1.9065035581588745,6.188594341278076,2.212423324584961,6.811758279800415,4.20076584815979,,,,,,
8789940000.0,121.41,8.5,6391222784.0,2369.1387927367,1420.0,0.07080078125,23281664.0,48426.76115870476,0.0012704122345894575,0.01055908203125,2.0433509349823,-0.01990463398396969,0.5763339996337891,-0.020433509722352028,0.0005288757383823395,0.0,0.013834338635206223,1.0752707719802856,0.7784257285846685,6.322128772735596,1.9986343383789062,6.335963249206543,2.2843265533447266,6.915593147277832,4.179880380630493,,,,,,
8789940000.0,114.28,7.800000190734863,6391222784.0,2355.8422912016026,1421.0,0.0799560546875,23298048.0,48433.71578383446,0.001090368488803506,0.0069580078125,2.0874791145324707,-0.020549912005662918,0.7147078514099121,-0.020874788984656334,0.000324874185025692,0.0,0.007777107879519463,1.1957142353057861,0.7369829437498943,6.305651664733887,2.0187337398529053,6.31342887878418,2.33150053024292,6.954625129699707,4.18699836730957,,,,,,
8789940000.0,75.76,7.300000190734863,6391222784.0,2365.929961329558,1422.0,0.084228515625,23314432.0,48440.64075636864,0.0016517856856808066,0.01275634765625,2.063750743865967,-0.02016082964837551,0.8541056513786316,-0.020637504756450653,0.00047667487524449825,0.0,-0.03592357411980629,1.3030818700790405,0.7089696580483815,6.55848503112793,2.0755183696746826,6.522562026977539,2.4154751300811768,6.9249725341796875,4.207938194274902,,,,,,
8789940000.0,99.24,6.699999809265137,6391222784.0,2402.199355260444,1423.0,0.0726318359375,23330816.0,48447.46117281914,0.002072518225759268,0.01629638671875,2.0912857055664062,-0.01980452984571457,0.7738401293754578,-0.020912857726216316,0.0011083276476711035,0.0,-0.05626793950796127,1.2360098361968994,0.7253079980839615,6.352328777313232,2.0161235332489014,6.296060562133789,2.3582990169525146,6.820416450500488,4.192925930023193,,,,,,
8789940000.0,105.26,7.599999904632568,6391222784.0,2445.632894041365,1424.0,0.068359375,23347200.0,48454.16046118736,0.0015356582589447498,0.01104736328125,2.1160387992858887,-0.020592600107192993,0.6243582963943481,-0.021160388365387917,0.0005677882581949234,0.0,-0.01792542263865471,1.1138020753860474,0.7442050433133618,6.330937385559082,1.8973292112350464,6.31301212310791,2.202226400375366,6.699288368225098,4.198726415634155,,,,,,
8789940000.0,104.0,8.0,6391222784.0,2440.504325109472,1425.0,0.0634765625,23363584.0,48460.87382769585,0.001271223183721304,0.007080078125,2.1249966621398926,-0.020868513733148575,0.6229454278945923,-0.021249966695904732,0.0003814506344497204,0.0,0.009224079549312592,1.1182003021240234,0.7363064370747141,6.2451324462890625,1.871134877204895,6.254356861114502,2.177558660507202,6.713366508483887,4.194875240325928,,,,,,
8789940000.0,116.58,7.800000190734863,6391222784.0,2430.8494382225967,1426.0,0.0634765625,23379968.0,48467.61385846138,0.001331248669885099,0.009521484375,2.107179641723633,-0.021272631362080574,0.6632283329963684,-0.021071795374155045,-0.00020083412528038025,0.0,0.011187433265149593,1.149206519126892,0.7314847548651737,6.23875617980957,1.9471938610076904,6.249943733215332,2.217755079269409,6.740030765533447,4.254753828048706,,,,,,
8789940000.0,131.99,7.699999809265137,6391222784.0,2409.377399657538,1427.0,0.0634765625,23396352.0,48474.41395545006,0.0009054645779542625,0.003173828125,2.1371774673461914,-0.021384425461292267,0.624230682849884,-0.02137177437543869,-1.2654811143875122e-05,0.0,-0.03543029725551605,1.112694501876831,0.7638986936791777,6.150248050689697,1.9837549924850464,6.1148176193237305,2.2899534702301025,6.8000969886779785,4.204976558685303,,,,,,
8789940000.0,112.34,7.800000190734863,6391222784.0,2356.4023543766034,1428.0,0.062255859375,23412736.0,48481.36692762375,0.0014721746556460857,0.0108642578125,2.0888898372650146,-0.020820563659071922,0.5788889527320862,-0.02088889852166176,6.833719089627266e-05,0.0,0.023908458650112152,1.070481300354004,0.7713393036238149,6.052987098693848,1.9714984893798828,6.076895713806152,2.2386345863342285,6.952972173690796,4.307798862457275,,,,,,
8789940000.0,96.64,8.699999809265137,6391222784.0,2407.905472311697,1429.0,0.0775146484375,23429120.0,48488.17118144035,0.0007841935730539262,0.0040283203125,2.1107470989227295,-0.021224793046712875,0.5569261312484741,-0.021107468754053116,-0.0001173233613371849,0.0,0.07741941511631012,1.0560028553009033,0.7861311748938986,6.307543754577637,2.036999464035034,6.384963035583496,2.283449411392212,6.804253816604614,4.194798946380615,,,,,,
8789940000.0,136.56,7.5,6391222784.0,2384.835024553542,1430.0,0.0579833984375,23445504.0,48495.04125833511,0.001239623175933957,0.00811767578125,2.1230130195617676,-0.021445345133543015,0.5774285793304443,-0.021230127662420273,-0.00021521840244531631,0.0,-0.046000342816114426,1.0720463991165161,0.7569881093897773,6.086287021636963,1.8968253135681152,6.040286540985107,2.1747024059295654,6.870076894760132,4.364444255828857,,,,,,
8789940000.0,99.83,8.600000381469727,6391222784.0,2406.1225759320923,1431.0,0.062255859375,23461888.0,48501.85055398941,0.0020907684229314327,0.01617431640625,2.0744240283966064,-0.020446114242076874,0.4540545642375946,-0.020744238048791885,0.0002981242723762989,0.0,0.047310709953308105,0.9502677321434021,0.8059390273926361,6.076850891113281,1.930647611618042,6.124161720275879,2.157132625579834,6.809295654296875,4.185897588729858,,,,,,
8789940000.0,113.69,8.100000381469727,6391222784.0,2408.966159551825,1432.0,0.0592041015625,23478272.0,48508.65181183815,0.001246831612661481,0.00830078125,2.108989953994751,-0.020688600838184357,0.5857124328613281,-0.02108989842236042,0.00040129758417606354,0.0,0.0357157364487648,1.0739654302597046,0.7576292807991165,6.051642417907715,1.9311702251434326,6.087358474731445,2.181475877761841,6.801257848739624,4.204337120056152,,,,,,
8789940000.0,142.26,7.900000095367432,6391222784.0,2379.89529821645,1433.0,0.054931640625,23494656.0,48515.53614830971,0.001625406788662076,0.01251220703125,2.079547166824341,-0.020852727815508842,0.5116099119186401,-0.020795471966266632,-5.7256780564785004e-05,0.0,0.017738990485668182,1.0094631910324097,0.7719487066606265,6.178534507751465,1.8653278350830078,6.196273326873779,2.113848924636841,6.884336471557617,4.333665609359741,,,,,,
8789940000.0,93.73,7.800000190734863,6391222784.0,2401.9190030534173,1434.0,0.0885009765625,23511040.0,48522.357360839844,0.0015696330228820443,0.0128173828125,2.025373935699463,-0.019389914348721504,0.6858624815940857,-0.020253736525774002,0.0008638249710202217,0.0,0.03434544429183006,1.1665109395980835,0.7631564276271332,6.496974945068359,2.0691721439361572,6.531320571899414,2.396944761276245,6.821212530136108,4.194821119308472,,,,,,
8789940000.0,74.71,8.399999618530273,6391222784.0,2373.2093817908253,1435.0,0.074462890625,23527424.0,48529.261092185974,0.002346613211557269,0.01824951171875,2.063926935195923,-0.02010665088891983,0.55951988697052,-0.020639266818761826,0.0005326159298419952,0.0,0.07226383686065674,1.0519903898239136,0.7905740090024137,6.446688652038574,2.0650076866149902,6.518952369689941,2.298773765563965,6.903731346130371,4.231065273284912,,,,,,
8789940000.0,124.57,7.199999809265137,6391222784.0,2367.7856021344965,1436.0,0.0823974609375,23543808.0,48536.18063759804,0.001346064149402082,0.00885009765625,2.048184871673584,-0.020509574562311172,0.8103346824645996,-0.02048184722661972,-2.7727335691452026e-05,0.0,-0.039373647421598434,1.2704792022705078,0.7005069869104865,6.583347797393799,2.039346218109131,6.54397439956665,2.3215301036834717,6.919545412063599,4.28564715385437,,,,,,
8789940000.0,113.1,8.199999809265137,6391222784.0,2375.777119985817,1437.0,0.0732421875,23560192.0,48543.07690739632,0.0014173762174323201,0.0098876953125,2.1071181297302246,-0.02052815444767475,0.5938793420791626,-0.0210711807012558,0.0005430253222584724,0.0,0.04567665234208107,1.0865298509597778,0.7586417336232678,6.375019073486328,1.9561421871185303,6.420696258544922,2.2116212844848633,6.896269798278809,4.3201024532318115,,,,,,
8789940000.0,121.65,7.900000095367432,6391222784.0,2408.179544188276,1438.0,0.067138671875,23576576.0,48549.880386829376,0.0010215629590675235,0.00567626953125,2.090182304382324,-0.020578749477863312,0.6335580348968506,-0.020901823416352272,0.0003230702131986618,0.0,0.006150528788566589,1.1218944787979126,0.7235781363839728,6.3806657791137695,1.8653841018676758,6.386816024780273,2.1338579654693604,6.803479433059692,4.210564136505127,,,,,,
8789940000.0,119.9,8.300000190734863,6391222784.0,2388.1773732858433,1439.0,0.0634765625,23592960.0,48556.74084877968,0.0015884629683569074,0.0126953125,2.134971857070923,-0.021987272426486015,0.48467352986335754,-0.021349716931581497,-0.0006375554949045181,0.0,-0.028470953926444054,0.9809530973434448,0.7845109805273407,6.341421604156494,1.86626136302948,6.31295108795166,2.1131770610809326,6.860461950302124,4.220279932022095,,,,,,
,,,,,,,,,,,,,,,,,,,,,,,,,,0.0211938489228487,0.6712307333946228,0.6204021573066711,0.0211938489228487,0.6712307333946228,0.6204021573066711
,,,,,,,,,,,,,,,,,,,,,,,,,,0.01939951442182064,0.6100295186042786,0.5808354616165161,0.01939951442182064,0.6100295186042786,0.5808354616165161
,,,,,,,,,,,,,,,,,,,,,,,,,,0.018895605579018593,0.5792462825775146,0.5489219427108765,0.018895605579018593,0.5792462825775146,0.5489219427108765
,,,,,,,,,,,,,,,,,,,,,,,,,,0.018881870433688164,0.5569841265678406,0.5253055095672607,0.018881870433688164,0.5569841265678406,0.5253055095672607
,,,,,,,,,,,,,,,,,,,,,,,,,,0.018962901085615158,0.5356605648994446,0.5024139285087585,0.018962901085615158,0.5356605648994446,0.5024139285087585
,,,,,,,,,,,,,,,,,,,,,,,,,,0.018893642351031303,0.513906717300415,0.4851260781288147,0.018893642351031303,0.513906717300415,0.4851260781288147
8789940000.0,117.41,8.699999809265137,6188634112.0,18.401879975223256,1440.0,0.074462890625,23609344.0,49447.08466267586,0.0013325929176062346,0.00836181640625,2.1461687088012695,-0.020876530557870865,0.5851361751556396,-0.021461686119437218,0.000585152767598629,0.0,0.10001547634601593,1.0778371095657349,0.7713115437108522,6.300840377807617,2.035565137863159,6.400856018066406,2.2538812160491943,890.3438138961792,4.255141258239746,,,,,,
8789940000.0,119.96,7.5,6391222784.0,2419.6988626624525,1441.0,0.0665283203125,23625728.0,49453.855753183365,0.0007344473269768059,0.0020751953125,2.121068000793457,-0.021374810487031937,0.7498036623001099,-0.021210677921772003,-0.00016413000412285328,0.0,-0.036169543862342834,1.2214972972869873,0.7114128766957513,6.4268035888671875,2.0225257873535156,6.390634059906006,2.2738101482391357,6.771090507507324,4.233896493911743,,,,,,
8789940000.0,111.32,8.0,6391222784.0,2452.566171645678,1442.0,0.0653076171875,23642112.0,49460.53610301018,0.0006134175346232951,0.00152587890625,2.0978317260742188,-0.020763011649250984,0.61801677942276,-0.02097831666469574,0.00021530268713831902,0.0,-0.004596793092787266,1.11101496219635,0.7397919117178845,6.3752288818359375,1.8709781169891357,6.370632171630859,2.1780078411102295,6.680349826812744,4.194762468338013,,,,,,
8789940000.0,108.8,7.800000190734863,6391222784.0,2425.28538563143,1443.0,0.0732421875,23658496.0,49467.29159665108,0.0005746422102674842,0.00225830078125,2.096890926361084,-0.021175455302000046,0.5768439769744873,-0.020968908444046974,-0.00020654872059822083,0.0,-0.019338484853506088,1.0701038837432861,0.7647711993367551,6.541305065155029,1.8979430198669434,6.521966934204102,2.2063825130462646,6.755493640899658,4.2131993770599365,,,,,,
8789940000.0,115.9,7.400000095367432,6391222784.0,2436.5538022619417,1444.0,0.0604248046875,23674880.0,49474.01584792137,0.0009794492507353425,0.00537109375,2.1039509773254395,-0.020880000665783882,0.6504130959510803,-0.021039510145783424,0.00015950947999954224,0.0,-0.05606670677661896,1.137212872505188,0.7113020599242446,6.320775985717773,1.817859411239624,6.26470947265625,2.1165084838867188,6.7242512702941895,4.198532342910767,,,,,,
8789940000.0,132.95,8.399999618530273,6391222784.0,2430.170153379136,1445.0,0.0689697265625,23691264.0,49480.75776267052,0.0008825656259432435,0.00506591796875,2.1029531955718994,-0.020364457741379738,0.6251038312911987,-0.021029530093073845,0.0006650723516941071,0.0,0.0783759206533432,1.119445562362671,0.7203021788466791,6.340693473815918,1.863257646560669,6.419069290161133,2.116694927215576,6.741914749145508,4.194493532180786,,,,,,
8789940000.0,97.51,8.600000381469727,6391222784.0,2418.291485733309,1446.0,0.069580078125,23707648.0,49487.5327937603,0.0015749209560453892,0.010986328125,2.0951719284057617,-0.020626556128263474,0.4695734679698944,-0.02095171995460987,0.00032516196370124817,0.0,0.07911331951618195,0.980098307132721,0.7701329255393765,6.490447044372559,1.8034143447875977,6.569560527801514,2.0442380905151367,6.775031089782715,4.180769681930542,,,,,,
8789940000.0,136.73,7.5,6391222784.0,2388.9724835692577,1447.0,0.0787353515625,23724032.0,49494.39097237587,0.0008527241880074143,0.00341796875,2.042546272277832,-0.02023853361606598,0.7313451170921326,-0.0204254612326622,0.0001869257539510727,0.0,-0.02066408470273018,1.2004566192626953,0.7288108603255761,6.736897945404053,1.9790064096450806,6.71623420715332,2.3052098751068115,6.858178615570068,4.188130855560303,,,,,,
8789940000.0,94.86,8.300000190734863,6391222784.0,2312.4888315563176,1448.0,0.0738525390625,23740416.0,49501.475979566574,0.0009363861754536629,0.00408935546875,2.09649920463562,-0.020677290856838226,0.5374608635902405,-0.020964989438652992,0.0002876967191696167,0.0,0.08918079733848572,1.0329935550689697,0.7512200654728178,6.53920316696167,1.8328680992126465,6.628384113311768,2.0710465908050537,7.085007190704346,4.259228944778442,,,,,,
8789940000.0,102.54,8.199999809265137,6391222784.0,2351.0261625155104,1449.0,0.0714111328125,23756800.0,49508.44485139847,0.0008099197875708342,0.00274658203125,2.0983614921569824,-0.021026641130447388,0.5999512076377869,-0.020983614027500153,-4.3025240302085876e-05,0.0,0.0010278904810547829,1.09284245967865,0.7524552262753108,6.419666290283203,1.91471529006958,6.420694351196289,2.1964974403381348,6.968871831893921,4.204399585723877,,,,,,
8789940000.0,118.98,8.100000381469727,6391222784.0,2353.9191986419783,1450.0,0.0616455078125,23773184.0,49515.405158281326,0.0010745292529463768,0.005126953125,2.141818046569824,-0.021440859884023666,0.48716726899147034,-0.02141818217933178,-2.2677704691886902e-05,0.0,0.01696087047457695,0.9804862141609192,0.760946182910218,6.342923164367676,1.7694920301437378,6.359884262084961,2.0053672790527344,6.960306882858276,4.190614700317383,,,,,,
8789940000.0,100.78,7.900000095367432,6391222784.0,2360.2196894927383,1451.0,0.068359375,23789568.0,49522.3468849659,0.0008563781739212573,0.00262451171875,2.1378939151763916,-0.020715398713946342,0.5937938690185547,-0.02137893997132778,0.0006635419558733702,0.0,-0.06755265593528748,1.0894569158554077,0.7544288224342584,6.3701558113098145,1.9108374118804932,6.302603244781494,2.198474884033203,6.9417266845703125,4.191146373748779,,,,,,
8789940000.0,106.44,8.600000381469727,6391222784.0,2417.441790147569,1452.0,0.0726318359375,23805952.0,49529.12429738045,0.0004688433255068958,0.001220703125,2.138308048248291,-0.02118726074695587,0.44458794593811035,-0.021383078768849373,0.00019581522792577744,0.0,0.060129180550575256,0.9418153166770935,0.809109749346623,6.525435447692871,1.9009346961975098,6.585565090179443,2.1556293964385986,6.777412414550781,4.185183763504028,,,,,,
8789940000.0,128.94,7.400000095367432,6391222784.0,2423.781567367638,1453.0,0.074462890625,23822336.0,49535.88398241997,0.0009645563550293446,0.0040283203125,2.125905990600586,-0.020768199115991592,0.7519510388374329,-0.021259058266878128,0.0004908619448542595,0.0,-0.1109408587217331,1.2259421348571777,0.7065058505050117,6.764037609100342,1.9572736024856567,6.653097152709961,2.2629263401031494,6.759685039520264,4.202620029449463,,,,,,
8789940000.0,98.33,8.0,6391222784.0,2427.4389707806467,1454.0,0.067138671875,23838720.0,49542.633482694626,0.0013849602546542883,0.010986328125,2.1290228366851807,-0.020645935088396072,0.5594776272773743,-0.02129022404551506,0.0006442919839173555,0.0,-0.010430480353534222,1.0553408861160278,0.7391490596600765,6.466249942779541,1.8248471021652222,6.455819129943848,2.066314935684204,6.749500274658203,4.1849541664123535,,,,,,
8789940000.0,122.45,7.900000095367432,6391222784.0,2391.5115427155683,1455.0,0.0732421875,23855104.0,49549.48438000679,0.0009326509898528457,0.00592041015625,2.0561575889587402,-0.02059461921453476,0.6333103179931641,-0.020561575889587402,-3.3046118915081024e-05,0.0,-0.009917385876178741,1.1257126331329346,0.739087211608427,6.590710163116455,1.866945505142212,6.5807929039001465,2.2038395404815674,6.850897312164307,4.188417196273804,,,,,,
8789940000.0,82.53,8.199999809265137,6391222784.0,2414.653005220532,1456.0,0.0811767578125,23871488.0,49556.26961994171,0.001439610030502081,0.010009765625,2.097487449645996,-0.021275673061609268,0.586155354976654,-0.020974868908524513,-0.00030080508440732956,0.0,0.012024261057376862,1.083158016204834,0.7751497749568929,6.551219940185547,1.9497196674346924,6.563243865966797,2.28425669670105,6.785239934921265,4.187164068222046,,,,,,
8789940000.0,113.13,7.900000095367432,6391222784.0,2420.93652331492,1457.0,0.08544921875,23887872.0,49563.03724884987,0.002341478131711483,0.01934814453125,2.1105258464813232,-0.020733073353767395,0.6988804340362549,-0.02110525779426098,0.0003721844404935837,0.0,-0.03476165607571602,1.1856951713562012,0.7417195785490229,6.650256156921387,2.0227062702178955,6.615494728088379,2.3330678939819336,6.767628908157349,4.199041366577148,,,,,,
8789940000.0,117.37,7.699999809265137,6391222784.0,2429.828677245931,1458.0,0.0616455078125,23904256.0,49569.78011107445,0.0016251865308731794,0.01226806640625,2.1859281063079834,-0.020656481385231018,0.5547670125961304,-0.02185928076505661,0.0012027975171804428,0.0,-0.012908301316201687,1.049103856086731,0.7544070085261542,6.185458183288574,1.8437672853469849,6.172550201416016,2.116950035095215,6.742862224578857,4.202936410903931,,,,,,
8789940000.0,142.74,7.800000190734863,6391222784.0,2424.902924136906,1459.0,0.0445556640625,23920640.0,49576.53667020798,0.0016357064014300704,0.011962890625,2.219733953475952,-0.02151353657245636,0.41917186975479126,-0.022197339683771133,0.0006837998516857624,0.0,0.0032448340207338333,0.913780152797699,0.7839252592715886,6.038311958312988,1.7388925552368164,6.041556358337402,1.9658012390136719,6.756559133529663,4.1984498500823975,,,,,,
8789940000.0,133.18,7.699999809265137,6391222784.0,2420.066303560046,1460.0,0.05859375,23937024.0,49583.30673265457,0.0010502057848498225,0.0042724609375,2.1552648544311523,-0.021025320515036583,0.492751806974411,-0.02155265025794506,0.0005273297429084778,0.0,-0.025099679827690125,0.9934805631637573,0.788738117050665,6.295396327972412,1.929864764213562,6.270296573638916,2.1614675521850586,6.770062446594238,4.192910671234131,,,,,,
8789940000.0,143.14,7.900000095367432,6391222784.0,2438.63121965705,1461.0,0.0469970703125,23953408.0,49590.025255680084,0.0019172680331394076,0.01727294921875,2.197892665863037,-0.022607021033763885,0.40162432193756104,-0.02197892591357231,-0.0006280959350988269,0.0,-0.058252014219760895,0.897940993309021,0.800415160961981,6.160007476806641,1.8077428340911865,6.1017560958862305,2.0099449157714844,6.718523025512695,4.194812774658203,,,,,,
8789940000.0,171.93,7.199999809265137,6391222784.0,2438.009681157561,1462.0,0.0531005859375,23969792.0,49596.74549150467,0.0010329005308449268,0.0064697265625,2.19673752784729,-0.0209333635866642,0.5768218636512756,-0.02196737378835678,0.0010340102016925812,0.0,-0.056197844445705414,1.070798635482788,0.7593638177716708,6.184660911560059,1.8785655498504639,6.128463268280029,2.1828677654266357,6.720235824584961,4.184196472167969,,,,,,
8789940000.0,146.77,8.0,6391222784.0,2423.404707682869,1463.0,0.0665283203125,23986176.0,49603.506227731705,0.0026502732653170824,0.026611328125,2.1686739921569824,-0.021298041567206383,0.6117011308670044,-0.0216867383569479,0.0003886958584189415,0.0,0.018908843398094177,1.1046115159988403,0.7734155726434975,6.273843765258789,2.0403707027435303,6.292752265930176,2.320568084716797,6.7607362270355225,4.204103469848633,,,,,,
8789940000.0,118.69,7.099999904632568,6391222784.0,2411.1770533914873,1464.0,0.0604248046875,24002560.0,49610.30124926567,0.0026647462509572506,0.02630615234375,2.1299173831939697,-0.020231032744050026,0.7201144695281982,-0.021299172192811966,0.0010681378189474344,0.0,-0.06633500009775162,1.2010051012039185,0.7377639912642626,6.228177070617676,2.0219764709472656,6.161841869354248,2.3453006744384766,6.7950215339660645,4.177757740020752,,,,,,
8789940000.0,102.73,8.0,6391222784.0,2374.353823635373,1465.0,0.0604248046875,24018944.0,49617.20165300369,0.0017617025878280401,0.0159912109375,2.1656322479248047,-0.02125881426036358,0.4634890556335449,-0.021656325086951256,0.00039751268923282623,0.0,0.02426719479262829,0.9597730040550232,0.7978604683631216,6.15310001373291,1.9031505584716797,6.177367210388184,2.1347296237945557,6.900403738021851,4.218230962753296,,,,,,
8789940000.0,138.25,8.100000381469727,6391222784.0,2438.293331263086,1466.0,0.059814453125,24035328.0,49623.92110705376,0.0014351429417729378,0.0096435546875,2.168611526489258,-0.02096995897591114,0.4749232530593872,-0.021686114370822906,0.0007161516696214676,0.0,0.0150960274040699,0.973596453666687,0.7834600174875792,6.170063018798828,1.8452723026275635,6.185158729553223,2.0922329425811768,6.719454050064087,4.179488182067871,,,,,,
8789940000.0,115.86,8.399999618530273,6391222784.0,2391.299082631252,1467.0,0.0579833984375,24051712.0,49630.77261304855,0.0013931987341493368,0.01177978515625,2.210641860961914,-0.02179826982319355,0.43845903873443604,-0.022106418386101723,0.00030814483761787415,0.0,0.015687212347984314,0.9365542531013489,0.7991593880792982,6.088139057159424,1.856105923652649,6.103826522827148,2.0898122787475586,6.851505994796753,4.195640563964844,,,,,,
8789940000.0,138.62,7.800000190734863,6391222784.0,2449.5719841545138,1468.0,0.0506591796875,24068096.0,49637.46112847328,0.002439740812405944,0.0234375,2.163357734680176,-0.021463127806782722,0.5817150473594666,-0.021633578464388847,0.00017045019194483757,0.0,-0.016053784638643265,1.079390525817871,0.7201254398574184,6.173632621765137,1.80402672290802,6.157578945159912,2.040314197540283,6.6885154247283936,4.191173315048218,,,,,,
8789940000.0,149.65,7.5,6391222784.0,2472.9215096940916,1469.0,0.0579833984375,24084480.0,49644.086490392685,0.0009801697451621294,0.007080078125,2.1309401988983154,-0.020614847540855408,0.5622865557670593,-0.02130940370261669,0.0006945552304387093,0.0,0.002320275641977787,1.0608422756195068,0.7603030081665058,6.357425212860107,1.877113699913025,6.359745502471924,2.166801929473877,6.625361919403076,4.197843074798584,,,,,,
8789940000.0,82.92,8.100000381469727,6391222784.0,2462.180386111663,1470.0,0.07568359375,24100864.0,49650.74075508118,0.0016072532162070274,0.01202392578125,2.067365884780884,-0.02008376270532608,0.5799765586853027,-0.020673656836152077,0.0005898966919630766,0.0,0.030337749049067497,1.0754914283752441,0.7732625825107876,6.311916351318359,1.9811850786209106,6.342254638671875,2.2586324214935303,6.654264688491821,4.1945013999938965,,,,,,
8789940000.0,120.41,7.400000095367432,6391222784.0,2415.3257641302553,1471.0,0.072021484375,24117248.0,49657.52410507202,0.0008655433193780482,0.00482177734375,2.0860390663146973,-0.019733935594558716,0.6461581587791443,-0.02086039073765278,0.0011264579370617867,0.0,-0.006325036287307739,1.1375691890716553,0.750887504381557,6.299909591674805,1.9653810262680054,6.293584823608398,2.2791872024536133,6.783349990844727,4.210239410400391,,,,,,
,,,,,,,,,,,,,,,,,,,,,,,,,,0.02120186574757099,0.6091472506523132,0.5617361664772034,0.02120186574757099,0.6091472506523132,0.5617361664772034
,,,,,,,,,,,,,,,,,,,,,,,,,,0.020175546407699585,0.5562392473220825,0.5252712965011597,0.020175546407699585,0.5562392473220825,0.5252712965011597
,,,,,,,,,,,,,,,,,,,,,,,,,,0.01940816640853882,0.5316336154937744,0.4990803897380829,0.01940816640853882,0.5316336154937744,0.4990803897380829
,,,,,,,,,,,,,,,,,,,,,,,,,,0.019015179947018623,0.5088302493095398,0.4787411093711853,0.019015179947018623,0.5088302493095398,0.4787411093711853
,,,,,,,,,,,,,,,,,,,,,,,,,,0.019189240410923958,0.4875720143318176,0.4566677510738373,0.019189240410923958,0.4875720143318176,0.4566677510738373
,,,,,,,,,,,,,,,,,,,,,,,,,,0.019219812005758286,0.4715076684951782,0.4396288990974426,0.019219812005758286,0.4715076684951782,0.4396288990974426
8789940000.0,94.72,7.599999904632568,6188634112.0,18.40259762955722,1472.0,0.06591796875,24133632.0,50547.83319783211,0.000812169280834496,0.00494384765625,2.106184720993042,-0.020876634865999222,0.703843355178833,-0.021061845123767853,0.0001852121204137802,0.0,-0.03283890336751938,1.1799461841583252,0.7366906602519282,6.626343250274658,2.0272164344787598,6.593503952026367,2.2994768619537354,890.3090927600861,4.387120723724365,,,,,,
8789940000.0,113.82,7.400000095367432,6391222784.0,2376.037271982791,1473.0,0.08544921875,24150016.0,50554.728712558746,0.0014361266512423754,0.00933837890625,2.0867416858673096,-0.02126157656311989,0.91107177734375,-0.020867418497800827,-0.0003941589966416359,0.0,-0.0662672221660614,1.3432790040969849,0.7036946772774773,6.773798942565918,2.1579461097717285,6.707531929016113,2.467723846435547,6.895514726638794,4.204857110977173,,,,,,
8789940000.0,93.79,8.0,6391222784.0,2433.6827636363946,1474.0,0.074462890625,24166400.0,50561.460896492004,0.0012562060728669167,0.00537109375,2.1193928718566895,-0.02083468809723854,0.7189338803291321,-0.021193930879235268,0.0003592418506741524,0.0,0.027279838919639587,1.1989341974258423,0.7368049317136189,6.616024017333984,2.1098074913024902,6.643303871154785,2.336989164352417,6.732183933258057,4.176620006561279,,,,,,
8789940000.0,91.02,7.699999809265137,6391222784.0,2413.9393248639435,1475.0,0.068359375,24182784.0,50568.24814248085,0.0006673966418020427,0.003173828125,2.0805177688598633,-0.020683499053120613,0.616640567779541,-0.020805176347494125,0.0001216791570186615,0.0,-0.023493073880672455,1.1092793941497803,0.7420954787677663,6.407283306121826,1.9149004220962524,6.383790016174316,2.184295654296875,6.787245988845825,4.201726913452148,,,,,,
8789940000.0,109.23,7.5,6391222784.0,2445.3481429375233,1476.0,0.074462890625,24199168.0,50574.948210954666,0.0008246982470154762,0.003173828125,2.0764636993408203,-0.02027275413274765,0.6335319876670837,-0.020764637738466263,0.0004918831400573254,0.0,-0.0067323241382837296,1.1257511377334595,0.7491111563962238,6.463750839233398,1.9148753881454468,6.457018852233887,2.247511148452759,6.700068473815918,4.191611051559448,,,,,,
8789940000.0,109.78,7.300000190734863,6391222784.0,2409.0480754234104,1477.0,0.0665283203125,24215552.0,50581.749237537384,0.0011637163115665317,0.0052490234375,2.1102564334869385,-0.0213532242923975,0.5569428205490112,-0.02110256254673004,-0.00025065941736102104,0.0,-0.06813374161720276,1.054242491722107,0.7761808673165501,6.360502243041992,1.9259775876998901,6.2923688888549805,2.228393316268921,6.8010265827178955,4.190603017807007,,,,,,
8789940000.0,116.02,7.800000190734863,6391222784.0,2418.018595872792,1478.0,0.0701904296875,24231936.0,50588.52503323555,0.001002109725959599,0.00225830078125,2.0979397296905518,-0.020420998334884644,0.6341117024421692,-0.020979398861527443,0.0005584005266427994,0.0,0.022237183526158333,1.1200804710388184,0.7430582818084358,6.393299102783203,1.9320127964019775,6.415535926818848,2.2096920013427734,6.7757956981658936,4.1908118724823,,,,,,
8789940000.0,106.75,7.900000095367432,6391222784.0,2441.450804675911,1479.0,0.054931640625,24248320.0,50595.235797166824,0.000816673506051302,0.00311279296875,2.15797758102417,-0.02134622260928154,0.539695680141449,-0.02157977595925331,0.00023355195298790932,0.0,0.008241625502705574,1.0359629392623901,0.7329783150320477,6.220941066741943,1.764135718345642,6.229182720184326,2.0047988891601562,6.710763931274414,4.198476076126099,,,,,,
8789940000.0,117.71,7.900000095367432,6391222784.0,2426.290938578182,1480.0,0.0616455078125,24264704.0,50601.98849105835,0.0010468987748026848,0.00457763671875,2.1616532802581787,-0.0218147374689579,0.6160051822662354,-0.021616533398628235,-0.00019820034503936768,0.0,-0.032528363168239594,1.1098835468292236,0.740178401100904,6.362563133239746,1.8816126585006714,6.330035209655762,2.177408456802368,6.7526938915252686,4.190955400466919,,,,,,
8789940000.0,114.77,7.900000095367432,6391222784.0,2410.9242058528157,1481.0,0.0537109375,24281088.0,50608.78422522545,0.000748165650293231,0.00286865234375,2.159005641937256,-0.02142399176955223,0.44740304350852966,-0.02159005217254162,0.00016606133431196213,0.0,-0.0013049310073256493,0.9452430605888367,0.7883969891122855,6.073635101318359,1.804567813873291,6.072329998016357,2.054861307144165,6.795734167098999,4.188748359680176,,,,,,
8789940000.0,162.78,8.199999809265137,6391222784.0,2410.8026650377487,1482.0,0.062255859375,24297472.0,50615.580302000046,0.0006614617886953056,0.00128173828125,2.1304149627685547,-0.021464604884386063,0.4991990923881531,-0.021304147318005562,-0.00016045570373535156,0.0,0.023358896374702454,1.001718282699585,0.7853090276455295,6.255517959594727,1.8940752744674683,6.278877258300781,2.1619150638580322,6.796076774597168,4.19513726234436,,,,,,
8789940000.0,110.34,8.0,6391222784.0,2400.2949372986286,1483.0,0.059814453125,24313856.0,50622.406129837036,0.0008584251627326012,0.0037841796875,2.093911647796631,-0.02085893601179123,0.5745402574539185,-0.020939117297530174,8.018128573894501e-05,0.0,-0.022439662367105484,1.0720988512039185,0.7569618517738135,6.177135467529297,1.910982370376587,6.154695987701416,2.1746914386749268,6.8258278369903564,4.199398040771484,,,,,,
8789940000.0,137.9,8.5,6391222784.0,2393.557850769309,1484.0,0.05615234375,24330240.0,50629.251170158386,0.0008546301396563649,0.0040283203125,2.1551754474639893,-0.020936446264386177,0.3665512204170227,-0.02155175432562828,0.0006153061985969543,0.0,0.05028738081455231,0.8547813892364502,0.8277585925766043,5.948894500732422,1.8442602157592773,5.999181747436523,2.059615135192871,6.845040321350098,4.185789585113525,,,,,,
8789940000.0,139.36,7.800000190734863,6391222784.0,2430.357344329157,1485.0,0.05615234375,24346624.0,50635.99256563187,0.0006865283357910812,0.00396728515625,2.144691228866577,-0.021216614171862602,0.511688232421875,-0.021446911618113518,0.00023029744625091553,0.0,-0.03232276067137718,1.007562279701233,0.7851703983835092,6.234226703643799,1.9328504800796509,6.201903820037842,2.173825740814209,6.741395473480225,4.196373462677002,,,,,,
8789940000.0,138.47,7.699999809265137,6391222784.0,2450.59533430483,1486.0,0.059814453125,24363008.0,50642.67828798294,0.0014070970937609673,0.01068115234375,2.1583404541015625,-0.021277768537402153,0.5483023524284363,-0.021583404392004013,0.00030563492327928543,0.0,-0.046295415610075,1.042759656906128,0.7733985987867693,6.216550827026367,1.93938410282135,6.170255661010742,2.19054913520813,6.685722351074219,4.189526081085205,,,,,,
8789940000.0,158.45,7.800000190734863,6391222784.0,2457.162353340134,1487.0,0.054931640625,24379392.0,50649.346142053604,0.0011912620393559337,0.0057373046875,2.126039505004883,-0.020702624693512917,0.49696728587150574,-0.021260397508740425,0.000557770486921072,0.0,-0.01852385699748993,0.9985250234603882,0.782516280859671,6.070844650268555,1.8509433269500732,6.052321434020996,2.141143560409546,6.667854070663452,4.184574604034424,,,,,,
8789940000.0,138.06,7.800000190734863,6391222784.0,2378.170825809496,1488.0,0.0537109375,24395776.0,50656.23547053337,0.0009513371624052525,0.00579833984375,2.1300466060638428,-0.02132304571568966,0.5175062417984009,-0.02130046673119068,-2.2579915821552277e-05,0.0,-0.002199831884354353,1.018227458000183,0.7630665439122096,6.014997959136963,1.8420456647872925,6.012798309326172,2.091855764389038,6.889328479766846,4.200897216796875,,,,,,
8789940000.0,130.46,8.199999809265137,6391222784.0,2358.42096665932,1489.0,0.05615234375,24412160.0,50663.18249154091,0.0008253701380454004,0.0042724609375,2.0854363441467285,-0.02171151340007782,0.4918740689754486,-0.020854363217949867,-0.0008571520447731018,0.0,0.047761235386133194,0.9896267652511597,0.7841211117354298,6.095989227294922,1.899231195449829,6.143750190734863,2.129934310913086,6.947021007537842,4.194369316101074,,,,,,
8789940000.0,109.52,8.0,6391222784.0,2363.265764326961,1490.0,0.0634765625,24428544.0,50670.11527085304,0.0013366874773055315,0.00579833984375,2.0749549865722656,-0.019506143406033516,0.5365915298461914,-0.020749550312757492,0.0012434031814336777,0.0,0.00219157082028687,1.0330183506011963,0.7840667202029709,6.2547197341918945,1.978539228439331,6.256911754608154,2.2230451107025146,6.932779312133789,4.1869237422943115,,,,,,
8789940000.0,114.33,7.5,6391222784.0,2378.2423477168372,1491.0,0.0653076171875,24444928.0,50677.004392147064,0.0011768678668886423,0.00726318359375,2.0930309295654297,-0.021318679675459862,0.5857079029083252,-0.02093030884861946,-0.0003883703611791134,0.0,-0.03749437257647514,1.080446481704712,0.7792911900693735,6.407485008239746,2.0026867389678955,6.369990348815918,2.2998170852661133,6.8891212940216064,4.19958758354187,,,,,,
8789940000.0,118.07,8.0,6391222784.0,2414.188225346654,1492.0,0.05859375,24461312.0,50683.79093837738,0.0012282063253223896,0.00860595703125,2.132760524749756,-0.02106534130871296,0.4922887682914734,-0.021327603608369827,0.0002622567117214203,0.0,0.022142544388771057,0.990289568901062,0.7861601688564921,6.124643325805664,1.9324456453323364,6.146785736083984,2.14149808883667,6.786546230316162,4.176751613616943,,,,,,
8789940000.0,120.32,7.400000095367432,6391222784.0,2371.614073607427,1493.0,0.054931640625,24477696.0,50690.699313640594,0.0024787646252661943,0.02227783203125,2.1379470825195312,-0.02140631340444088,0.5316802263259888,-0.021379468962550163,-2.6848167181015015e-05,0.0,-0.05366476625204086,1.0264923572540283,0.7841902557653457,6.193910598754883,1.9489003419876099,6.1402459144592285,2.2096331119537354,6.908375263214111,4.207639694213867,,,,,,
8789940000.0,131.8,8.300000190734863,6391222784.0,2381.376823870615,1494.0,0.0604248046875,24494080.0,50697.5793671608,0.0014893661718815565,0.01275634765625,2.155508518218994,-0.020714586600661278,0.4480137825012207,-0.021555084735155106,0.0008404962718486786,0.0,0.03881332278251648,0.9437615871429443,0.8031010051245497,6.0354390144348145,1.907505750656128,6.074252128601074,2.12686824798584,6.880053520202637,4.189617395401001,,,,,,
8789940000.0,181.05,7.900000095367432,6391222784.0,2338.8177212261203,1495.0,0.047607421875,24510464.0,50704.584615945816,0.001837980467826128,0.014892578125,2.171480894088745,-0.021295707672834396,0.4280943274497986,-0.02171480841934681,0.0004190998151898384,0.0,0.04601428657770157,0.9259315133094788,0.8011207917800658,5.84777307510376,1.8513686656951904,5.893787384033203,2.076270580291748,7.005248785018921,4.181012153625488,,,,,,
8789940000.0,115.64,7.800000190734863,6391222784.0,2369.9314906630816,1496.0,0.06103515625,24526848.0,50711.49789595604,0.001995987491682172,0.01568603515625,2.146214723587036,-0.02051081694662571,0.5909726023674011,-0.021462146192789078,0.0009513292461633682,0.0,-0.0530649870634079,1.083561897277832,0.766271114253088,6.149135589599609,1.9830669164657593,6.096070289611816,2.2412872314453125,6.913280010223389,4.1943464279174805,,,,,,
8789940000.0,164.16,7.800000190734863,6391222784.0,2381.87231410397,1497.0,0.0518798828125,24543232.0,50718.37651824951,0.0020009283907711506,0.01702880859375,2.1004834175109863,-0.020663324743509293,0.5002137422561646,-0.02100483328104019,0.00034150853753089905,0.0,0.02944989874958992,1.0007085800170898,0.7723704838580597,5.9672088623046875,1.8444186449050903,5.996659278869629,2.097458600997925,6.87862229347229,4.192121982574463,,,,,,
8789940000.0,145.18,7.5,6391222784.0,2385.360189389044,1498.0,0.057373046875,24559616.0,50725.245082616806,0.001763301668688655,0.0135498046875,2.0819435119628906,-0.020122602581977844,0.5505096912384033,-0.02081943303346634,0.0006968267261981964,0.0,-0.02983674593269825,1.0486606359481812,0.764172471085413,5.972822189331055,1.9187378883361816,5.9429850578308105,2.159423589706421,6.8685643672943115,4.189375638961792,,,,,,
8789940000.0,117.78,8.100000381469727,6391222784.0,2380.412764915164,1499.0,0.0604248046875,24576000.0,50732.12792253494,0.0019805156625807285,0.0159912109375,2.0807008743286133,-0.019926568493247032,0.5161178708076477,-0.02080700732767582,0.0008804397657513618,0.0,0.01804637908935547,1.0143241882324219,0.7812420541450841,5.965357780456543,1.920957088470459,5.983404159545898,2.168675661087036,6.882839918136597,4.188507318496704,,,,,,
8789940000.0,128.31,7.900000095367432,6391222784.0,2387.498333168132,1500.0,0.054931640625,24592384.0,50738.990335702896,0.0013529050629585981,0.0103759765625,2.09598970413208,-0.020591607317328453,0.43312758207321167,-0.020959895104169846,0.00036828801967203617,0.0,0.024055495858192444,0.9315038919448853,0.8040764503403621,5.9444122314453125,1.8669911623001099,5.968467712402344,2.1044633388519287,6.862413167953491,4.193663597106934,,,,,,
8789940000.0,147.7,7.599999904632568,6391222784.0,2393.8807850135513,1501.0,0.0640869140625,24608768.0,50745.83445262909,0.0019049076363444328,0.01739501953125,2.103175401687622,-0.019742675125598907,0.6149899363517761,-0.021031755954027176,0.0012890780344605446,0.0,-0.06569939851760864,1.1078155040740967,0.7541774097247296,6.142155647277832,1.9657008647918701,6.076456069946289,2.234377145767212,6.844116926193237,4.188119649887085,,,,,,
8789940000.0,125.95,7.400000095367432,6391222784.0,2368.03878430469,1502.0,0.047607421875,24625152.0,50752.7532582283,0.001474458258599043,0.01116943359375,2.139366388320923,-0.02121729403734207,0.5200340151786804,-0.021393662318587303,0.00017637014389038086,0.0,-0.033580146729946136,1.0197746753692627,0.7588536523583413,5.771607398986816,1.804951548576355,5.738027095794678,2.0766539573669434,6.9188055992126465,4.185059547424316,,,,,,
8789940000.0,149.01,7.699999809265137,6391222784.0,2338.2206351175514,1503.0,0.0567626953125,24641536.0,50759.76029586792,0.002132462803274393,0.0164794921875,2.171201705932617,-0.0217190720140934,0.5097720623016357,-0.021712016314268112,-7.051974534988403e-06,0.0,-0.01373999286442995,1.0077248811721802,0.7923909815309775,5.754448890686035,1.9493051767349243,5.740708351135254,2.211663007736206,7.00703763961792,4.203747749328613,,,,,,
,,,,,,,,,,,,,,,,,,,,,,,,,,0.027972254902124405,0.5833857655525208,0.5377060770988464,0.027972254902124405,0.5833857655525208,0.5377060770988464
,,,,,,,,,,,,,,,,,,,,,,,,,,0.02602439559996128,0.5343486070632935,0.503565788269043,0.02602439559996128,0.5343486070632935,0.503565788269043
,,,,,,,,,,,,,,,,,,,,,,,,,,0.023701973259449005,0.5037373900413513,0.47528430819511414,0.023701973259449005,0.5037373900413513,0.47528430819511414
,,,,,,,,,,,,,,,,,,,,,,,,,,0.023495860397815704,0.4825405776500702,0.45512455701828003,0.023495860397815704,0.4825405776500702,0.45512455701828003
,,,,,,,,,,,,,,,,,,,,,,,,,,0.02358715794980526,0.46626222133636475,0.4390963912010193,0.02358715794980526,0.46626222133636475,0.4390963912010193
,,,,,,,,,,,,,,,,,,,,,,,,,,0.02329997532069683,0.44520094990730286,0.41738370060920715,0.02329997532069683,0.44520094990730286,0.41738370060920715
8789940000.0,122.63,7.300000190734863,6188634112.0,18.476178192905483,1504.0,0.048828125,24657920.0,51646.52377200127,0.0010945202084258199,0.00714111328125,2.148475408554077,-0.02149944379925728,0.6106790900230408,-0.021484753116965294,-1.4692079275846481e-05,0.0,-0.04759664461016655,1.1064610481262207,0.7183957640236147,6.068336009979248,1.8747358322143555,6.02073860168457,2.0850484371185303,886.7634761333466,4.2289533615112305,,,,,,
8789940000.0,131.17,8.100000381469727,6391222784.0,2402.1793699180953,1505.0,0.062255859375,24674304.0,51653.34424519539,0.0010920342756435275,0.00653076171875,2.178816795349121,-0.021433699876070023,0.46842554211616516,-0.02178817056119442,0.0003544711507856846,0.0,0.0027893483638763428,0.9690236449241638,0.7912529490254425,6.057682037353516,1.8967101573944092,6.060471534729004,2.120919704437256,6.8204731941223145,4.260161876678467,,,,,,
8789940000.0,193.55,7.0,6391222784.0,2426.5614146819526,1506.0,0.0494384765625,24690688.0,51660.09618639946,0.0009133800049312413,0.00579833984375,2.1613073348999023,-0.021575627848505974,0.5957492589950562,-0.021613072603940964,3.74428927898407e-05,0.0,-0.0528428852558136,1.0925123691558838,0.7276450497768602,5.920578956604004,1.761283278465271,5.867735862731934,2.0934317111968994,6.751941204071045,4.17995023727417,,,,,,
8789940000.0,119.85,7.5,6391222784.0,2429.70281757513,1507.0,0.0640869140625,24707072.0,51666.83939790726,0.0008299988694489002,0.005126953125,2.10886549949646,-0.020824724808335304,0.6411539316177368,-0.021088656038045883,0.0002639293670654297,0.0,-0.02428043633699417,1.1341100931167603,0.7201937108493315,6.110977649688721,1.8466435670852661,6.086697578430176,2.144008159637451,6.743211507797241,4.201579570770264,,,,,,
8789940000.0,106.79,8.5,6391222784.0,2386.620401904796,1508.0,0.062255859375,24723456.0,51673.704335451126,0.0009511299431324005,0.00341796875,2.104733943939209,-0.02122790738940239,0.47162073850631714,-0.021047338843345642,-0.0001805722713470459,0.0,0.11552460491657257,0.9619858860969543,0.789638736660641,5.904587268829346,1.842856526374817,6.020112037658691,2.0974223613739014,6.8649375438690186,4.200409173965454,,,,,,
8789940000.0,120.95,8.0,6391222784.0,2391.0701872822074,1509.0,0.0634765625,24739840.0,51680.556497335434,0.0013348980573937297,0.01104736328125,2.123115062713623,-0.021099470555782318,0.5460398197174072,-0.02123115211725235,0.00013168156147003174,0.0,0.018541181460022926,1.0481555461883545,0.7712229895908972,6.1441850662231445,1.9300475120544434,6.162726402282715,2.191389799118042,6.852161884307861,4.191652059555054,,,,,,
8789940000.0,149.52,7.5,6391222784.0,2394.561708799008,1510.0,0.05126953125,24756224.0,51687.398668050766,0.000835011713206768,0.00445556640625,2.1575944423675537,-0.02133258432149887,0.5814774036407471,-0.021575942635536194,0.00024335645139217377,0.0,-0.00971109326928854,1.0799585580825806,0.7143535814923984,5.944086074829102,1.7818118333816528,5.9343743324279785,2.020655632019043,6.842170715332031,4.191259384155273,,,,,,
8789940000.0,162.36,7.199999809265137,6391222784.0,2388.665070040003,1511.0,0.0567626953125,24772608.0,51694.257729291916,0.001099339802749455,0.00714111328125,2.1540489196777344,-0.02166774682700634,0.631509006023407,-0.021540489047765732,-0.00012725964188575745,0.0,-0.033309511840343475,1.1201270818710327,0.7327824064830991,5.998924255371094,1.8606128692626953,5.965615272521973,2.166879177093506,6.859061241149902,4.195328712463379,,,,,,
8789940000.0,105.38,7.699999809265137,6391222784.0,2405.9485337361575,1512.0,0.0689697265625,24788992.0,51701.067517519,0.0010071094147861004,0.005126953125,2.142810106277466,-0.02082199603319168,0.6003853678703308,-0.021428100764751434,0.0006061019375920296,0.0,0.049344152212142944,1.0940515995025635,0.7683344247542112,6.08867073059082,1.9793171882629395,6.138014793395996,2.2730393409729004,6.809788227081299,4.190086364746094,,,,,,
8789940000.0,144.65,7.800000190734863,6391222784.0,2413.822143158095,1513.0,0.062255859375,24805376.0,51707.85509300232,0.0014978570397943258,0.01141357421875,2.11244797706604,-0.020428871735930443,0.6486624479293823,-0.021124478429555893,0.0006956052966415882,0.0,0.05980139598250389,1.1357496976852417,0.7502005836423066,6.249697208404541,1.983931064605713,6.3094987869262695,2.272411823272705,6.7875754833221436,4.201005220413208,,,,,,
8789940000.0,116.65,7.900000095367432,6391222784.0,2406.274314769479,1514.0,0.069580078125,24821760.0,51714.663959264755,0.0014270762912929058,0.0087890625,2.1080548763275146,-0.021333059296011925,0.5935948491096497,-0.02108054980635643,-0.0002525100717321038,0.0,0.0523156113922596,1.09415602684021,0.7679079651951256,6.301072597503662,2.0173377990722656,6.35338830947876,2.271167516708374,6.808866262435913,4.18023157119751,,,,,,
8789940000.0,113.81,7.800000190734863,6391222784.0,2418.6194264555124,1515.0,0.059814453125,24838144.0,51721.43807172775,0.0006587200332432985,0.00238037109375,2.1237587928771973,-0.02111944556236267,0.5191822648048401,-0.021237585693597794,0.00011813919991254807,0.0,0.014953061938285828,1.0173261165618896,0.7887056175770915,6.2454423904418945,1.9675111770629883,6.260395050048828,2.2131757736206055,6.7741124629974365,4.187995195388794,,,,,,
8789940000.0,115.95,7.5,6391222784.0,2420.414333428068,1516.0,0.0634765625,24854528.0,51728.20716071129,0.0009503052569925785,0.004150390625,2.1000332832336426,-0.02135183848440647,0.6080272197723389,-0.02100033313035965,-0.0003515053540468216,0.0,-0.026075178757309914,1.1035891771316528,0.7553994394339925,6.393365859985352,1.9855775833129883,6.367290496826172,2.2314062118530273,6.769088983535767,4.2000017166137695,,,,,,
8789940000.0,139.53,7.199999809265137,6391222784.0,2415.1102401840503,1517.0,0.0634765625,24870912.0,51734.991116046906,0.0008976854733191431,0.004638671875,2.1060426235198975,-0.021118223667144775,0.5524148941040039,-0.02106042578816414,-5.7798344641923904e-05,0.0,-0.08264382928609848,1.054611086845398,0.7666113745070051,6.419805526733398,1.9041533470153809,6.337161064147949,2.1829922199249268,6.783955335617065,4.247215032577515,,,,,,
8789940000.0,123.77,7.800000190734863,6391222784.0,2432.883199404548,1518.0,0.067138671875,24887296.0,51741.72551250458,0.0008702331688255072,0.0059814453125,2.0664806365966797,-0.020529411733150482,0.6344128251075745,-0.02066480740904808,0.00013539660722017288,0.0,-0.04562906175851822,1.1318005323410034,0.7248643933554235,6.42987585067749,1.868869662284851,6.384246826171875,2.1577260494232178,6.734396457672119,4.204375982284546,,,,,,
8789940000.0,105.25,7.5,6391222784.0,2368.6916941255345,1519.0,0.089111328125,24903680.0,51748.642410993576,0.000968455511610955,0.005126953125,1.988211750984192,-0.019883379340171814,0.8064546585083008,-0.019882116466760635,-1.2656673789024353e-06,0.0,0.03682477027177811,1.269521951675415,0.7134288846042165,6.505830764770508,2.0227622985839844,6.542655944824219,2.3715052604675293,6.916898488998413,4.348182678222656,,,,,,
8789940000.0,98.1,8.0,6391222784.0,2383.52403298667,1520.0,0.0787353515625,24920064.0,51755.5162665844,0.001428199466317892,0.0126953125,1.992595911026001,-0.019762875512242317,0.721907913684845,-0.019925957545638084,0.00016308017075061798,0.0,0.08774334192276001,1.1992486715316772,0.7215753569170611,6.492238521575928,1.9690083265304565,6.579981803894043,2.2727692127227783,6.8738555908203125,4.205260753631592,,,,,,
8789940000.0,104.05,8.0,6391222784.0,2400.3896798246305,1521.0,0.076904296875,24936448.0,51762.34182500839,0.0012492196401581168,0.00872802734375,2.0458686351776123,-0.019617337733507156,0.688248872756958,-0.020458687096834183,0.0008413481991738081,0.0,-0.005716575309634209,1.1753493547439575,0.7413738627595532,6.405881881713867,2.016645669937134,6.400166034698486,2.3111648559570312,6.825558423995972,4.205449104309082,,,,,,
8789940000.0,82.45,8.300000190734863,6391222784.0,2349.2583656216375,1522.0,0.0823974609375,24952832.0,51769.31594085693,0.0022949010599404573,0.0205078125,2.0448436737060547,-0.02032850868999958,0.7377116680145264,-0.020448435097932816,0.00011992081999778748,0.0,0.003431372344493866,1.213494896888733,0.7326392362454432,6.404950141906738,1.9968358278274536,6.408381462097168,2.346869468688965,6.97411584854126,4.34389853477478,,,,,,
8789940000.0,86.11,8.100000381469727,6391222784.0,2428.1098658826554,1523.0,0.0701904296875,24969216.0,51776.063576221466,0.0012769268359988928,0.0078125,2.056948184967041,-0.020195063203573227,0.6794570684432983,-0.020569482818245888,0.0003744177520275116,0.0,0.03751269727945328,1.1638414859771729,0.727050943363845,6.4655303955078125,1.932424783706665,6.503043174743652,2.227681875228882,6.747635364532471,4.1827733516693115,,,,,,
8789940000.0,108.79,7.099999904632568,6391222784.0,2420.3037679049075,1524.0,0.0677490234375,24985600.0,51782.8329744339,0.0011774501763284206,0.00811767578125,2.0822296142578125,-0.020315924659371376,0.7443852424621582,-0.020822295919060707,0.0005063731223344803,0.0,-0.09571517258882523,1.2191755771636963,0.7289722334955098,6.472550868988037,1.965707778930664,6.376835823059082,2.341850996017456,6.769398212432861,4.243707656860352,,,,,,
8789940000.0,94.51,7.699999809265137,6391222784.0,2399.46772528972,1525.0,0.07080078125,25001984.0,51789.661155462265,0.0009477724670432508,0.0050048828125,2.0530333518981934,-0.020478520542383194,0.6506405472755432,-0.02053033374249935,5.18113374710083e-05,0.0,-0.04602821171283722,1.140745759010315,0.7179154676777275,6.342757701873779,1.878151774406433,6.296729564666748,2.1478264331817627,6.828181028366089,4.200607538223267,,,,,,
8789940000.0,109.16,7.699999809265137,6391222784.0,2374.9452953520286,1526.0,0.0616455078125,25018368.0,51796.55984067917,0.0012496511917561293,0.009033203125,2.0403695106506348,-0.020590318366885185,0.5542377233505249,-0.020403696224093437,-0.0001866188831627369,0.0,0.03342905640602112,1.0525940656661987,0.7745560272092894,6.197418689727783,1.907434344291687,6.2308478355407715,2.2168772220611572,6.8986852169036865,4.269898891448975,,,,,,
8789940000.0,111.17,8.0,6391222784.0,2346.5403746653114,1527.0,0.062255859375,25034752.0,51803.54203462601,0.001824151840992272,0.01434326171875,2.0518548488616943,-0.02109515853226185,0.5723780989646912,-0.020518552511930466,-0.0005766086978837848,0.0,0.009162516333162785,1.0702162981033325,0.7536392653771411,6.164549827575684,1.9194296598434448,6.173712253570557,2.1561834812164307,6.982193946838379,4.208506107330322,,,,,,
8789940000.0,132.7,7.699999809265137,6391222784.0,2315.1589635892324,1528.0,0.06591796875,25051136.0,51810.61887049675,0.0016161617822945118,0.01123046875,2.017185688018799,-0.019361115992069244,0.5810917019844055,-0.02017185278236866,0.0008107377216219902,0.0,0.019224826246500015,1.0744526386260986,0.7558702265251946,6.202728748321533,1.8822946548461914,6.221953392028809,2.1745870113372803,7.076835870742798,4.284515857696533,,,,,,
8789940000.0,127.51,8.0,6391222784.0,2359.6035250794766,1529.0,0.0653076171875,25067520.0,51817.56240987778,0.0014683573972433805,0.0111083984375,2.0901124477386475,-0.0203251950442791,0.5367733836174011,-0.02090112492442131,0.0005759298801422119,0.0,0.0433269627392292,1.0380269289016724,0.7685840294411219,6.243771076202393,1.8981114625930786,6.287097930908203,2.1578047275543213,6.943539381027222,4.192025184631348,,,,,,
8789940000.0,131.8,7.800000190734863,6391222784.0,2407.417478446408,1530.0,0.0665283203125,25083904.0,51824.36804294586,0.002640485530719161,0.023681640625,2.0682930946350098,-0.020119735971093178,0.5638065934181213,-0.020682930946350098,0.0005631935782730579,0.0,-0.029642390087246895,1.0652719736099243,0.7641399436036017,6.371647834777832,1.9188344478607178,6.342005729675293,2.1934781074523926,6.805633068084717,4.299394607543945,,,,,,
8789940000.0,114.97,7.699999809265137,6391222784.0,2411.6961110612765,1531.0,0.06103515625,25100288.0,51831.161602020264,0.0018158155726268888,0.01849365234375,2.115273952484131,-0.02037598192691803,0.5606575608253479,-0.021152738481760025,0.0007767560891807079,0.0,-0.06682518869638443,1.0574147701263428,0.7670660714787025,6.046529769897461,1.8909245729446411,5.979704856872559,2.190931797027588,6.7935590744018555,4.244302988052368,,,,,,
8789940000.0,133.28,8.199999809265137,6391222784.0,2356.6582803012593,1532.0,0.0482177734375,25116672.0,51838.113819122314,0.0014171969378367066,0.010009765625,2.150463819503784,-0.020624931901693344,0.4136636257171631,-0.021504638716578484,0.0008797012269496918,0.0,0.015400615520775318,0.9115663766860962,0.7901067916935585,5.850338935852051,1.77155339717865,5.865738868713379,1.9897054433822632,6.952217102050781,4.302382469177246,,,,,,
8789940000.0,143.89,7.800000190734863,6391222784.0,2443.3536128486676,1533.0,0.0482177734375,25133056.0,51844.819356918335,0.0020543313585221767,0.017822265625,2.1599817276000977,-0.021999776363372803,0.45502904057502747,-0.021599816158413887,-0.0003999602049589157,0.0,-0.03152058273553848,0.952038049697876,0.7820007713710863,5.922543525695801,1.8261222839355469,5.891022682189941,2.0390448570251465,6.705537796020508,4.2077460289001465,,,,,,
8789940000.0,174.91,7.699999809265137,6391222784.0,2416.943038141635,1534.0,0.0457763671875,25149440.0,51851.59816789627,0.0011927892919629812,0.00799560546875,2.1285619735717773,-0.02124106138944626,0.45727962255477905,-0.021285617724061012,4.45609912276268e-05,0.0,0.001138222636654973,0.9542485475540161,0.7815862187765288,5.894949436187744,1.8025239706039429,5.896087646484375,2.0418388843536377,6.778810977935791,4.266340255737305,,,,,,
8789940000.0,189.53,7.300000190734863,6391222784.0,2399.8393553742144,1535.0,0.0543212890625,25165824.0,51858.42529153824,0.0021427967585623264,0.0152587890625,2.108536958694458,-0.02064121514558792,0.4908728003501892,-0.02108537033200264,0.0004441589117050171,0.0,-0.054810963571071625,0.9916775822639465,0.7849360251859401,6.010987281799316,1.8475302457809448,5.9561767578125,2.1383895874023438,6.827123641967773,4.278762102127075,,,,,,
,,,,,,,,,,,,,,,,,,,,,,,,,,0.02719859592616558,0.6227644085884094,0.5767444372177124,0.02719859592616558,0.6227644085884094,0.5767444372177124
,,,,,,,,,,,,,,,,,,,,,,,,,,0.024662122130393982,0.5636093616485596,0.5383028984069824,0.024662122130393982,0.5636093616485596,0.5383028984069824
,,,,,,,,,,,,,,,,,,,,,,,,,,0.023835498839616776,0.5391297340393066,0.5127855539321899,0.023835498839616776,0.5391297340393066,0.5127855539321899
,,,,,,,,,,,,,,,,,,,,,,,,,,0.02392631769180298,0.5129209160804749,0.4870043396949768,0.02392631769180298,0.5129209160804749,0.4870043396949768
,,,,,,,,,,,,,,,,,,,,,,,,,,0.02334192581474781,0.4943612813949585,0.46885210275650024,0.02334192581474781,0.4943612813949585,0.46885210275650024
,,,,,,,,,,,,,,,,,,,,,,,,,,0.023159267380833626,0.4742710590362549,0.4506312608718872,0.023159267380833626,0.4742710590362549,0.4506312608718872
8789940000.0,130.48,8.5,6188634112.0,18.399711780136183,1536.0,0.0482177734375,25182208.0,52748.87402224541,0.0006651083822362125,0.0035400390625,2.1991994380950928,-0.02152198925614357,0.3630722165107727,-0.021991996094584465,0.0004700077697634697,0.0,0.03034995310008526,0.8545610904693604,0.814483005578245,5.809953689575195,1.811291217803955,5.840303421020508,1.9840431213378906,890.4487307071686,4.198448657989502,,,,,,
8789940000.0,179.4,7.599999904632568,6391222784.0,2387.92467944508,1537.0,0.04150390625,25198592.0,52755.73521018028,0.0009946394711732864,0.00640869140625,2.192112684249878,-0.02154068648815155,0.42850685119628906,-0.021921128034591675,0.0003804406151175499,0.0,-0.026189550757408142,0.9261146783828735,0.7963687724064248,5.86945104598999,1.8560904264450073,5.84326171875,2.0523080825805664,6.861187934875488,4.207724571228027,,,,,,
8789940000.0,191.68,7.599999904632568,6391222784.0,2348.956992464446,1538.0,0.0360107421875,25214976.0,52762.71022081375,0.0011291741393506527,0.00689697265625,2.1829617023468018,-0.021958809345960617,0.39058732986450195,-0.021829616278409958,-0.0001291939988732338,0.0,-0.0659061074256897,0.8905966877937317,0.7528563588647246,5.716367244720459,1.61812424659729,5.650461196899414,1.7914577722549438,6.975010633468628,4.186127424240112,,,,,,
8789940000.0,221.92,7.599999904632568,6391222784.0,2443.377416720267,1539.0,0.0408935546875,25231360.0,52769.41569328308,0.0011459039524197578,0.00860595703125,2.1671600341796875,-0.020767593756318092,0.4724408686161041,-0.0216716006398201,0.0009040068835020065,0.0,0.0006673766765743494,0.971117377281189,0.7406571331565567,5.6889753341674805,1.6413869857788086,5.689641952514648,1.906928300857544,6.705472469329834,4.201780557632446,,,,,,
8789940000.0,133.71,8.399999618530273,6391222784.0,2465.0770052228677,1540.0,0.054931640625,25247744.0,52776.06213879585,0.0014885986456647515,0.0120849609375,2.1575913429260254,-0.02181313745677471,0.40517473220825195,-0.021575912833213806,-0.00023722415789961815,0.0,0.05670356750488281,0.9041379690170288,0.816707771542946,5.894888401031494,1.8757987022399902,5.951591968536377,2.1118485927581787,6.6464455127716064,4.208478689193726,,,,,,
8789940000.0,144.06,7.599999904632568,6391222784.0,2434.7576609708776,1541.0,0.0567626953125,25264128.0,52782.7913506031,0.0016122511588037014,0.01361083984375,2.077958106994629,-0.020555198192596436,0.5979294776916504,-0.020779579877853394,0.00022438354790210724,0.0,-0.03159618005156517,1.0947149991989136,0.7415800869048477,5.899126052856445,1.9131413698196411,5.86752986907959,2.15346622467041,6.729211807250977,4.20432448387146,,,,,,
8789940000.0,146.27,6.800000190734863,6391222784.0,2365.9586342447988,1542.0,0.048828125,25280512.0,52789.71623921394,0.0013409280218183994,0.00677490234375,2.0614359378814697,-0.020265523344278336,0.6332799792289734,-0.02061435952782631,0.00034883804619312286,0.0,-0.07194200158119202,1.1205511093139648,0.7190945713470255,5.888947486877441,1.8140780925750732,5.817005157470703,2.1142265796661377,6.924888610839844,4.196064710617065,,,,,,
8789940000.0,107.45,8.5,6391222784.0,2377.5319285560054,1543.0,0.0775146484375,25296896.0,52796.60741901398,0.0010457186726853251,0.007080078125,2.065645217895508,-0.020167363807559013,0.5883311033248901,-0.02065645158290863,0.000489087775349617,0.0,0.07495473325252533,1.0765924453735352,0.7706620672106231,6.274603843688965,1.969558835029602,6.3495588302612305,2.24808931350708,6.891179800033569,4.19914698600769,,,,,,
8789940000.0,105.28,8.100000381469727,6391222784.0,2403.282167583974,1544.0,0.0592041015625,25313280.0,52803.42476248741,0.0011064136633649468,0.006591796875,2.1083688735961914,-0.02099520154297352,0.5531668066978455,-0.021083686500787735,8.848775178194046e-05,0.0,-0.0012698406353592873,1.0503495931625366,0.7650274700748989,6.075203895568848,1.8954936265945435,6.073934078216553,2.166832685470581,6.817343473434448,4.197649002075195,,,,,,
8789940000.0,142.01,7.800000190734863,6391222784.0,2440.4042229400097,1545.0,0.0592041015625,25329664.0,52810.138404369354,0.0006608620169572532,0.00262451171875,2.082890510559082,-0.020503396168351173,0.5829019546508789,-0.02082890272140503,0.0003255074843764305,0.0,0.03584787994623184,1.0766823291778564,0.7464287043616553,6.061129093170166,1.8834490776062012,6.0969767570495605,2.1381466388702393,6.713641881942749,4.189560413360596,,,,,,
8789940000.0,116.49,7.800000190734863,6391222784.0,2445.2164070715685,1546.0,0.05859375,25346048.0,52816.8388338089,0.0006082599284127355,0.00213623046875,2.0849642753601074,-0.020734865218400955,0.5454455614089966,-0.020849645137786865,0.00011477875523269176,0.0,0.006060757674276829,1.0453633069992065,0.7693582117084271,6.053948402404785,1.9086538553237915,6.060009479522705,2.1766979694366455,6.700429439544678,4.270984649658203,,,,,,
8789940000.0,132.53,7.699999809265137,6391222784.0,2423.7886629243676,1547.0,0.05615234375,25362432.0,52823.59849905968,0.0013378842268139124,0.00872802734375,2.0671958923339844,-0.020305586978793144,0.5200204253196716,-0.020671958103775978,0.0003663687966763973,0.0,-0.03275241702795029,1.0165420770645142,0.7621158405694427,6.056185722351074,1.8322025537490845,6.023433685302734,2.084216356277466,6.759665250778198,4.192466497421265,,,,,,
8789940000.0,129.77,7.5,6391222784.0,2414.2905141550455,1548.0,0.0537109375,25378816.0,52830.38475775719,0.0009151446865871549,0.00506591796875,2.025949001312256,-0.01996491476893425,0.6216010451316833,-0.020259488373994827,0.0002945694141089916,0.0,-0.018961962312459946,1.1179040670394897,0.6996549758170025,5.923537254333496,1.7958825826644897,5.904575347900391,2.039832592010498,6.786258697509766,4.190587759017944,,,,,,
8789940000.0,116.13,8.300000190734863,6391222784.0,2440.9576176981573,1549.0,0.06591796875,25395200.0,52837.09687757492,0.0009903712198138237,0.00469970703125,2.045768976211548,-0.019494235515594482,0.633484959602356,-0.020457690581679344,0.0009634559974074364,0.0,0.05993497744202614,1.12541925907135,0.7410826465793985,6.091651916503906,1.941981315612793,6.151586532592773,2.211737871170044,6.712119817733765,4.210494518280029,,,,,,
8789940000.0,121.81,7.5,6391222784.0,2423.9238283896834,1550.0,0.054931640625,25411584.0,52843.856165885925,0.0013795221457257867,0.011962890625,2.08819580078125,-0.02103693038225174,0.49735158681869507,-0.020881958305835724,-0.00015497487038373947,0.0,0.010203493759036064,0.9956641793251038,0.7819044696410274,5.9568586349487305,1.8686602115631104,5.967061996459961,2.1320111751556396,6.759288311004639,4.196115016937256,,,,,,
8789940000.0,148.05,7.699999809265137,6391222784.0,2392.4831983872477,1551.0,0.059814453125,25427968.0,52850.70428085327,0.001576778944581747,0.01287841796875,2.0707530975341797,-0.02006862312555313,0.53303462266922,-0.02070753090083599,0.0006389059126377106,0.0,-0.006456778850406408,1.0302879810333252,0.76892568112856,6.044036865234375,1.8931301832199097,6.037580490112305,2.1432998180389404,6.848114967346191,4.320630311965942,,,,,,
8789940000.0,132.61,7.900000095367432,6391222784.0,2417.099885619514,1552.0,0.0506591796875,25444352.0,52857.48265194893,0.002021271036937833,0.01702880859375,2.1221070289611816,-0.02037319913506508,0.48496177792549133,-0.021221067756414413,0.0008478681556880474,0.0,-0.014361325651407242,0.9831993579864502,0.7623162491755394,5.783561706542969,1.7679861783981323,5.769200325012207,2.016702890396118,6.778371095657349,4.203528642654419,,,,,,
8789940000.0,144.38,7.699999809265137,6391222784.0,2365.445722142138,1553.0,0.0567626953125,25460736.0,52864.40904211998,0.003956799395382404,0.036865234375,2.107557773590088,-0.020336458459496498,0.5796229243278503,-0.021075578406453133,0.0007391199469566345,0.0,-0.016491878777742386,1.0748291015625,0.7468787700042623,5.970646858215332,1.841162919998169,5.954154968261719,2.1363635063171387,6.926390171051025,4.226282119750977,,,,,,
8789940000.0,137.38,8.100000381469727,6391222784.0,2417.6760178293002,1554.0,0.05859375,25477120.0,52871.185797929764,0.002505574142560363,0.02020263671875,2.071963310241699,-0.019824616611003876,0.5020257830619812,-0.020719630643725395,0.0008950131013989449,0.0,0.040015846490859985,1.0008654594421387,0.7889650883216022,6.092320442199707,1.9333257675170898,6.132336616516113,2.178706407546997,6.7767558097839355,4.1932902336120605,,,,,,
8789940000.0,128.58,7.599999904632568,6391222784.0,2356.0438929656743,1555.0,0.0732421875,25493504.0,52878.13982796669,0.001980223460122943,0.01873779296875,2.0668845176696777,-0.019299736246466637,0.6927188634872437,-0.020668843761086464,0.0013691075146198273,0.0,-0.017470723018050194,1.1752419471740723,0.7439097776454471,6.157022476196289,2.0109641551971436,6.139552116394043,2.3223674297332764,6.9540300369262695,4.203289747238159,,,,,,
8789940000.0,105.18,7.900000095367432,6391222784.0,2295.7573611872203,1556.0,0.062255859375,25509888.0,52885.27647066116,0.002811201848089695,0.0255126953125,2.0762295722961426,-0.019336538389325142,0.6608325242996216,-0.02076229453086853,0.0014257575385272503,0.0,0.012338150292634964,1.1518964767456055,0.7271915850939745,6.250330924987793,1.9312667846679688,6.262669086456299,2.205385208129883,7.136642694473267,4.188296556472778,,,,,,
8789940000.0,104.86,8.199999809265137,6391222784.0,2349.2552334485895,1557.0,0.0634765625,25526272.0,52892.25059580803,0.0019004755886271596,0.013916015625,2.0653138160705566,-0.01957041583955288,0.6356360912322998,-0.02065313793718815,0.00108272023499012,0.0,0.025430869311094284,1.1241581439971924,0.7477425324953979,6.161565780639648,1.92939293384552,6.186996936798096,2.2382333278656006,6.974125146865845,4.23395037651062,,,,,,
8789940000.0,153.76,8.0,6391222784.0,2392.823256134947,1558.0,0.0592041015625,25542656.0,52899.097737550735,0.001573357731103897,0.01446533203125,2.111941337585449,-0.020453445613384247,0.5587538480758667,-0.021119412034749985,0.000665965024381876,0.0,0.05801498144865036,1.0557953119277954,0.7715929006643848,6.092043876647949,1.9375016689300537,6.150058746337891,2.2091474533081055,6.847141742706299,4.302133560180664,,,,,,
8789940000.0,125.67,7.800000190734863,6391222784.0,2441.6783431679264,1559.0,0.0628662109375,25559040.0,52905.80787611008,0.0016037668101489544,0.0115966796875,2.123694896697998,-0.02149048261344433,0.5790265798568726,-0.021236952394247055,-0.0002535339444875717,0.0,-0.009108010679483414,1.0765573978424072,0.7769990173591235,6.267682075500488,2.022488594055176,6.258574485778809,2.2797327041625977,6.710138559341431,4.205471038818359,,,,,,
8789940000.0,98.28,7.599999904632568,6391222784.0,2403.379835846368,1560.0,0.06591796875,25575424.0,52912.62494254112,0.0017285107169300318,0.01080322265625,2.047138214111328,-0.020812753587961197,0.6434824466705322,-0.02047138102352619,-0.00034137070178985596,0.0,-0.03298020362854004,1.1318116188049316,0.748128582905552,6.297192096710205,1.9883606433868408,6.264212131500244,2.2551989555358887,6.817066431045532,4.255431175231934,,,,,,
8789940000.0,124.09,7.900000095367432,6391222784.0,2417.3526696753884,1561.0,0.0811767578125,25591808.0,52919.402604818344,0.0016808315413072705,0.0135498046875,2.02348256111145,-0.020098403096199036,0.6098356246948242,-0.02023482508957386,0.00013642292469739914,0.0,0.004327540285885334,1.1078882217407227,0.7702993372166287,6.427973747253418,1.9753440618515015,6.4323015213012695,2.3116114139556885,6.77766227722168,4.21409010887146,,,,,,
8789940000.0,116.15,7.900000095367432,6391222784.0,2431.4829886182238,1562.0,0.0726318359375,25608192.0,52926.140879392624,0.0009086976060643792,0.00531005859375,2.0787062644958496,-0.020392343401908875,0.6180732846260071,-0.020787058398127556,0.00039471499621868134,0.0,0.02461625635623932,1.104722023010254,0.7495847974996974,6.3900041580200195,1.9697768688201904,6.414620399475098,2.2076120376586914,6.738274574279785,4.196687698364258,,,,,,
8789940000.0,101.77,8.199999809265137,6391222784.0,2398.9356609423526,1563.0,0.0677490234375,25624576.0,52932.970574855804,0.0019636445213109255,0.01434326171875,2.0975465774536133,-0.020644158124923706,0.6096140742301941,-0.020975464954972267,0.0003313052002340555,0.0,0.04847913235425949,1.1026315689086914,0.7569050892494036,6.288795471191406,2.0063326358795166,6.337274551391602,2.2363643646240234,6.829695463180542,4.195451259613037,,,,,,
8789940000.0,100.65,8.600000381469727,6391222784.0,2335.7241855816333,1564.0,0.067138671875,25640960.0,52939.98510169983,0.0015713144093751907,0.010498046875,2.13893461227417,-0.02031746879220009,0.5235268473625183,-0.021389346569776535,0.0010718787088990211,0.0,0.02935139462351799,1.0231339931488037,0.7570609813218417,6.421258926391602,1.903170108795166,6.450610160827637,2.0757925510406494,7.014526844024658,4.259848356246948,,,,,,
8789940000.0,119.94,7.800000190734863,6391222784.0,2294.631787463655,1565.0,0.0714111328125,25657344.0,52947.1252450943,0.0012571543920785189,0.00970458984375,2.120284080505371,-0.020632540807127953,0.5519605875015259,-0.02120283804833889,0.0005703014321625233,0.0,-0.013842007145285606,1.0527414083480835,0.7659944295603813,6.529905319213867,1.907814860343933,6.516063213348389,2.176248788833618,7.140143394470215,4.198373079299927,,,,,,
8789940000.0,131.5,7.599999904632568,6391222784.0,2353.216707226177,1566.0,0.0579833984375,25673728.0,52954.087629795074,0.0021499870344996452,0.0172119140625,2.125650405883789,-0.020903924480080605,0.6068742871284485,-0.021256502717733383,0.0003525747451931238,0.0,-0.056947462260723114,1.1028155088424683,0.7499274257561251,6.55687141418457,1.901289701461792,6.499924182891846,2.2053112983703613,6.9623847007751465,4.309508323669434,,,,,,
8789940000.0,139.1,7.599999904632568,6391222784.0,2419.4965280911074,1567.0,0.062255859375,25690112.0,52960.85928654671,0.0012377237435430288,0.0078125,2.123767852783203,-0.020599303767085075,0.5768696069717407,-0.021237678825855255,0.000638376921415329,0.0,-0.0438041090965271,1.0698604583740234,0.759710567917965,6.534649848937988,1.945417881011963,6.490845680236816,2.182527780532837,6.77165675163269,4.234564304351807,,,,,,
,,,,,,,,,,,,,,,,,,,,,,,,,,0.02071378007531166,0.5835596323013306,0.5396658182144165,0.02071378007531166,0.5835596323013306,0.5396658182144165
,,,,,,,,,,,,,,,,,,,,,,,,,,0.020096225664019585,0.5280464887619019,0.5014995336532593,0.020096225664019585,0.5280464887619019,0.5014995336532593
,,,,,,,,,,,,,,,,,,,,,,,,,,0.019702553749084473,0.501397430896759,0.47822704911231995,0.019702553749084473,0.501397430896759,0.47822704911231995
,,,,,,,,,,,,,,,,,,,,,,,,,,0.01914796605706215,0.47865167260169983,0.45702794194221497,0.01914796605706215,0.47865167260169983,0.45702794194221497
,,,,,,,,,,,,,,,,,,,,,,,,,,0.01924966089427471,0.45941802859306335,0.43757349252700806,0.01924966089427471,0.45941802859306335,0.43757349252700806
,,,,,,,,,,,,,,,,,,,,,,,,,,0.019307071343064308,0.4430828392505646,0.4235016107559204,0.019307071343064308,0.4430828392505646,0.4235016107559204
8789940000.0,126.22,7.5,6188634112.0,18.462838317749924,1568.0,0.059814453125,25706496.0,53848.26347208023,0.001289333333261311,0.0064697265625,2.136810302734375,-0.021264521405100822,0.6327274441719055,-0.021368104964494705,0.00010357983410358429,0.0,-0.05880765616893768,1.127490520477295,0.7508536263614655,6.425080299377441,2.0252904891967773,6.366272926330566,2.258841037750244,887.4041855335236,4.193708896636963,,,,,,
8789940000.0,111.37,7.599999904632568,6391222784.0,2373.9176297509416,1569.0,0.057373046875,25722880.0,53855.165143728256,0.001514785340987146,0.01104736328125,2.1829118728637695,-0.021185850724577904,0.5871451497077942,-0.021829120814800262,0.0006432696245610714,0.0,-0.05469949543476105,1.092671275138855,0.726895773985744,6.151033401489258,1.8750123977661133,6.096333980560303,2.090862274169922,6.901671648025513,4.189026594161987,,,,,,
8789940000.0,118.04,7.699999809265137,6391222784.0,2430.274660473333,1570.0,0.0555419921875,25739264.0,53861.90676856041,0.0007218362879939377,0.003662109375,2.152470588684082,-0.02190932258963585,0.5588304400444031,-0.02152470499277115,-0.0003846157342195511,0.0,-0.04992631822824478,1.053191900253296,0.7640074326551528,6.154905796051025,1.9090408086776733,6.104979515075684,2.1679952144622803,6.74162483215332,4.18544340133667,,,,,,
8789940000.0,120.5,8.100000381469727,6391222784.0,2420.6159688885077,1571.0,0.052490234375,25755648.0,53868.675293684006,0.0008065358852036297,0.00189208984375,2.131068229675293,-0.020818674936890602,0.4315185546875,-0.021310683339834213,0.0004920074716210365,0.0,-0.011063703335821629,0.9303485751152039,0.7833004721265269,6.133530616760254,1.7931461334228516,6.122467041015625,1.9985579252243042,6.768525123596191,4.197267055511475,,,,,,
8789940000.0,163.18,7.5,6391222784.0,2425.502472711301,1572.0,0.0469970703125,25772032.0,53875.43018269539,0.0010065978858619928,0.00567626953125,2.1265969276428223,-0.020670952275395393,0.5196166038513184,-0.021265968680381775,0.0005950145423412323,0.0,-0.04519505053758621,1.019290804862976,0.7513277776288607,6.118198871612549,1.7957205772399902,6.073003768920898,2.0440168380737305,6.754889011383057,4.186510324478149,,,,,,
8789940000.0,184.24,7.300000190734863,6391222784.0,2385.452928514631,1573.0,0.0439453125,25788416.0,53882.298480033875,0.0012457325356081128,0.00830078125,2.1342616081237793,-0.02114025317132473,0.4737499952316284,-0.02134261280298233,0.00020235800184309483,0.0,-0.03639589995145798,0.9698845148086548,0.7714862470200005,5.872145652770996,1.7716058492660522,5.835749626159668,2.0289151668548584,6.868297338485718,4.202466249465942,,,,,,
8789940000.0,124.33,7.400000095367432,6391222784.0,2403.244178287244,1574.0,0.0433349609375,25804800.0,53889.11593127251,0.0023360454943031073,0.02032470703125,2.120305061340332,-0.021608693525195122,0.4378611445426941,-0.0212030541151762,-0.00040564220398664474,0.0,-0.05512778460979462,0.9356063604354858,0.7641187748341488,5.692684173583984,1.67324697971344,5.637557029724121,1.9264012575149536,6.817451238632202,4.18872857093811,,,,,,
8789940000.0,200.25,7.300000190734863,6391222784.0,2398.64225538593,1575.0,0.0421142578125,25821184.0,53895.94646215439,0.0009118571178987622,0.0025634765625,2.115680694580078,-0.021044012159109116,0.44441020488739014,-0.021156804636120796,0.00011279433965682983,0.0,-0.012938974425196648,0.9400347471237183,0.7668041823113217,5.683141708374023,1.6744439601898193,5.670202732086182,1.9466296434402466,6.830530881881714,4.177971839904785,,,,,,
8789940000.0,138.9,7.199999809265137,6391222784.0,2397.3786019910954,1576.0,0.050048828125,25837568.0,53902.78059339523,0.0011762803187593818,0.00689697265625,2.1324071884155273,-0.020020904019474983,0.562078595161438,-0.021324070170521736,0.0013031642884016037,0.0,-0.024029508233070374,1.0585975646972656,0.7646166197412604,5.684904098510742,1.8910982608795166,5.660874843597412,2.1819419860839844,6.834131240844727,4.188532590866089,,,,,,
8789940000.0,189.94,7.699999809265137,6391222784.0,2379.0372793687498,1577.0,0.048828125,25853952.0,53909.66741275787,0.0008116028038784862,0.00439453125,2.133835792541504,-0.021699899807572365,0.44058433175086975,-0.021338358521461487,-0.0003615443129092455,0.0,0.027763327583670616,0.9383517503738403,0.8026356570094061,5.593704700469971,1.8484877347946167,5.6214680671691895,2.1121816635131836,6.886819362640381,4.20067572593689,,,,,,
8789940000.0,136.85,7.400000095367432,6391222784.0,2372.4020406955665,1578.0,0.054931640625,25870336.0,53916.57349348068,0.0011729085817933083,0.007080078125,2.089688777923584,-0.020548416301608086,0.5419909954071045,-0.02089688554406166,0.0003484725020825863,0.0,-0.009955363348126411,1.0390968322753906,0.7628219753868618,5.723148345947266,1.8672515153884888,5.713192939758301,2.1336288452148438,6.906080722808838,4.199123382568359,,,,,,
8789940000.0,118.3,8.199999809265137,6391222784.0,2401.733313095058,1579.0,0.0531005859375,25886720.0,53923.395233392715,0.001624878030270338,0.00848388671875,2.1310558319091797,-0.020844142884016037,0.4239935278892517,-0.021310554817318916,0.0004664100706577301,0.0,0.05449853092432022,0.9202319979667664,0.8175435541343188,5.759970188140869,1.925136685371399,5.814468860626221,2.1543571949005127,6.821739912033081,4.199739456176758,,,,,,
8789940000.0,162.1,6.900000095367432,6391222784.0,2431.2215639107458,1580.0,0.045166015625,25903104.0,53930.13423252106,0.001581347780302167,0.01202392578125,2.1452856063842773,-0.01965886354446411,0.6002690196037292,-0.021452855318784714,0.0017939889803528786,0.0,-0.08472724258899689,1.0937124490737915,0.7172232237844025,5.729665279388428,1.8183234930038452,5.644937992095947,2.0567493438720703,6.738999128341675,4.191364526748657,,,,,,
8789940000.0,134.6,7.300000190734863,6391222784.0,2395.7261738040756,1581.0,0.0445556640625,25919488.0,53936.97307753563,0.002337738638743758,0.021728515625,2.1473968029022217,-0.020921174436807632,0.4632418751716614,-0.021473968401551247,0.0005527939647436142,0.0,-0.06648676097393036,0.959338366985321,0.76075921508499,5.629520416259766,1.701844334602356,5.5630340576171875,1.961346983909607,6.8388450145721436,4.203211307525635,,,,,,
8789940000.0,156.96,7.0,6391222784.0,2371.7904692159996,1582.0,0.0396728515625,25935872.0,53943.880939006805,0.0015177190070971847,0.00994873046875,2.1659178733825684,-0.020655732601881027,0.43148016929626465,-0.02165917679667473,0.0010034432634711266,0.0,-0.058450378477573395,0.9253069162368774,0.7787895370694142,5.528947353363037,1.713573932647705,5.470497131347656,1.9673569202423096,6.9078614711761475,4.196800231933594,,,,,,
8789940000.0,191.39,6.699999809265137,6391222784.0,2401.449293232226,1583.0,0.032958984375,25952256.0,53950.70348572731,0.001219655037857592,0.0084228515625,2.1908438205718994,-0.021879330277442932,0.43262362480163574,-0.021908437833189964,2.910662442445755e-05,0.0,-0.030089912936091423,0.928537130355835,0.7496991198930756,5.3338541984558105,1.5965518951416016,5.303764343261719,1.8559579849243164,6.822546720504761,4.183223724365234,,,,,,
8789940000.0,191.51,7.400000095367432,6391222784.0,2443.1403543270203,1584.0,0.0537109375,25968640.0,53957.40960884094,0.0014335543382912874,0.0089111328125,2.1309056282043457,-0.02087956666946411,0.5005166530609131,-0.021309053525328636,0.00042948871850967407,0.0,0.026039019227027893,0.9995242357254028,0.7938571766507454,5.558200836181641,1.8839982748031616,5.584239959716797,2.2014527320861816,6.706123113632202,4.171527862548828,,,,,,
8789940000.0,153.97,8.0,6391222784.0,2356.4015463625706,1585.0,0.0518798828125,25985024.0,53964.36258339882,0.0011173373786732554,0.0076904296875,2.1418514251708984,-0.02127297967672348,0.4888104796409607,-0.021418513730168343,0.00014553405344486237,0.0,0.07099927961826324,0.9882674813270569,0.7925004891717665,5.556710243225098,1.9507596492767334,5.62770938873291,2.1695313453674316,6.952974557876587,4.24535608291626,,,,,,
8789940000.0,140.16,7.900000095367432,6391222784.0,2394.5214915863917,1586.0,0.0567626953125,26001408.0,53971.204869031906,0.0009300113306380808,0.00335693359375,2.129375457763672,-0.021068241447210312,0.5167085528373718,-0.021293751895427704,0.00022551417350769043,0.0,0.01637684926390648,1.016507863998413,0.8004441484691739,5.701725006103516,2.0635039806365967,5.718101501464844,2.2755088806152344,6.842285633087158,4.197668790817261,,,,,,
8789940000.0,160.31,7.400000095367432,6391222784.0,2384.2390308036174,1587.0,0.0482177734375,26017792.0,53978.07666325569,0.0013348213396966457,0.00897216796875,2.1393320560455322,-0.021260015666484833,0.5147714614868164,-0.021393319591879845,0.0001333039253950119,0.0,-0.014847716316580772,1.010908842086792,0.7876803359872867,5.617643356323242,1.9613399505615234,5.602795600891113,2.1938986778259277,6.8717942237854,4.19987678527832,,,,,,
8789940000.0,133.92,7.599999904632568,6391222784.0,2414.958742828692,1588.0,0.05615234375,26034176.0,53984.86104416847,0.0007945683319121599,0.0032958984375,2.128685235977173,-0.02134556509554386,0.6225239634513855,-0.021286850795149803,-5.871523171663284e-05,0.0,0.00822093803435564,1.1097350120544434,0.769390385147946,5.830409049987793,2.0438389778137207,5.838629722595215,2.310896635055542,6.784380912780762,4.193065881729126,,,,,,
8789940000.0,129.46,7.800000190734863,6391222784.0,2414.8748970015686,1589.0,0.0482177734375,26050560.0,53991.64566063881,0.002024359768256545,0.01544189453125,2.121690273284912,-0.020769678056240082,0.48441383242607117,-0.021216902881860733,0.0004472285509109497,0.0,0.0224253311753273,0.9755961298942566,0.7705700722940064,5.6688385009765625,1.819076418876648,5.691263675689697,2.0367841720581055,6.784616470336914,4.1952965259552,,,,,,
8789940000.0,138.39,7.300000190734863,6391222784.0,2414.369653981163,1590.0,0.05615234375,26066944.0,53998.431696891785,0.0011555234668776393,0.0067138671875,2.0746042728424072,-0.02110239490866661,0.6267096400260925,-0.02074604295194149,-0.0003563538193702698,0.0,-0.03511906787753105,1.1245619058609009,0.7530229071958947,5.944411277770996,2.000922203063965,5.909292221069336,2.2628462314605713,6.786036252975464,4.228110074996948,,,,,,
8789940000.0,119.25,8.199999809265137,6391222784.0,2390.090784004787,1591.0,0.0628662109375,26083328.0,54005.2866666317,0.0012217083713039756,0.00830078125,2.0240445137023926,-0.020094215869903564,0.5316461324691772,-0.02024044282734394,0.00014622695744037628,0.0,0.03203817456960678,1.0296553373336792,0.7805206866335607,5.8997015953063965,1.9786205291748047,5.931739807128906,2.197834014892578,6.85496973991394,4.185833692550659,,,,,,
8789940000.0,133.65,7.599999904632568,6391222784.0,2412.5058605521676,1592.0,0.04638671875,26099712.0,54012.07794547081,0.0018675444880500436,0.015380859375,2.0389511585235596,-0.0199072677642107,0.4938669502735138,-0.020389510318636894,0.00048224255442619324,0.0,0.024686619639396667,0.9919112324714661,0.7752385985890206,5.651002407073975,1.84793221950531,5.675688743591309,2.0922417640686035,6.791278839111328,4.19710373878479,,,,,,
8789940000.0,160.38,7.300000190734863,6391222784.0,2379.9575274089416,1593.0,0.0469970703125,26116096.0,54018.96210193634,0.002562479116022587,0.02569580078125,2.061929702758789,-0.019372519105672836,0.5432106256484985,-0.02061929740011692,0.001246781088411808,0.0,0.005714057944715023,1.03939950466156,0.7607721045452659,5.737436771392822,1.8942512273788452,5.74315071105957,2.125086784362793,6.8841564655303955,4.35801887512207,,,,,,
8789940000.0,126.71,7.400000095367432,6391222784.0,2402.6588579193017,1594.0,0.059814453125,26132480.0,54025.781213998795,0.0015722085954621434,0.01141357421875,2.044100284576416,-0.020318754017353058,0.6610369682312012,-0.020441003143787384,0.00012224353849887848,0.0,0.01909271813929081,1.1428308486938477,0.7448783080750642,5.994792938232422,1.9932827949523926,6.013885974884033,2.2626030445098877,6.819112062454224,4.19612979888916,,,,,,
8789940000.0,121.79,7.300000190734863,6391222784.0,2459.1858371002427,1595.0,0.0732421875,26148864.0,54032.443581581116,0.002203733893111348,0.01568603515625,1.998239278793335,-0.01956457644701004,0.7584625482559204,-0.019982393831014633,0.0004178173840045929,0.0,-0.047805748879909515,1.2273885011672974,0.7546141472901567,6.11788272857666,2.073194980621338,6.070076942443848,2.477748155593872,6.662367582321167,4.215904235839844,,,,,,
8789940000.0,106.21,7.699999809265137,6391222784.0,2394.744789282111,1596.0,0.069580078125,26165248.0,54039.285229206085,0.002478785812854767,0.01995849609375,2.0189120769500732,-0.019752897322177887,0.7550429105758667,-0.02018911950290203,0.0004362184554338455,0.0,0.06482364237308502,1.2267946004867554,0.7271282184535586,6.025125503540039,2.053333044052124,6.089949131011963,2.348511219024658,6.841647624969482,4.202401876449585,,,,,,
8789940000.0,94.98,8.399999618530273,6391222784.0,2402.5340331920715,1597.0,0.0775146484375,26181632.0,54046.10469555855,0.0023753668647259474,0.0201416015625,2.041761875152588,-0.01919010654091835,0.5908880233764648,-0.02041761949658394,0.0012275120243430138,0.0,0.10790767520666122,1.0848890542984009,0.7921065433376965,6.197105407714844,2.144887924194336,6.305013656616211,2.379387140274048,6.8194663524627686,4.292036771774292,,,,,,
8789940000.0,112.58,8.300000190734863,6391222784.0,2341.153046278257,1598.0,0.0689697265625,26198016.0,54053.10295653343,0.0021481700241565704,0.02008056640625,2.078947067260742,-0.020596034824848175,0.6636683940887451,-0.02078947052359581,0.00019343383610248566,0.0,0.09244381636381149,1.1494075059890747,0.7542178333462903,6.105572700500488,2.078481912612915,6.198016166687012,2.318455457687378,6.998260974884033,4.222498416900635,,,,,,
8789940000.0,97.64,7.5,6391222784.0,2385.27209389852,1599.0,0.0665283203125,26214400.0,54059.971774578094,0.0012332107871770859,0.0084228515625,2.0667366981506348,-0.021135685965418816,0.686642050743103,-0.020667366683483124,-0.000468316487967968,0.0,-0.008602116256952286,1.1730687618255615,0.722862236228652,6.307322978973389,2.0097031593322754,6.298720836639404,2.228309392929077,6.868818044662476,4.206053972244263,,,,,,
,,,,,,,,,,,,,,,,,,,,,,,,,,0.02432299219071865,0.5833318829536438,0.536071240901947,0.02432299219071865,0.5833318829536438,0.536071240901947
,,,,,,,,,,,,,,,,,,,,,,,,,,0.021880988031625748,0.5257070064544678,0.4970574676990509,0.021880988031625748,0.5257070064544678,0.4970574676990509
,,,,,,,,,,,,,,,,,,,,,,,,,,0.021076984703540802,0.49532631039619446,0.46989038586616516,0.021076984703540802,0.49532631039619446,0.46989038586616516
,,,,,,,,,,,,,,,,,,,,,,,,,,0.020771171897649765,0.47548893094062805,0.44833531975746155,0.020771171897649765,0.47548893094062805,0.44833531975746155
,,,,,,,,,,,,,,,,,,,,,,,,,,0.02072344906628132,0.456074059009552,0.43212974071502686,0.02072344906628132,0.456074059009552,0.43212974071502686
,,,,,,,,,,,,,,,,,,,,,,,,,,0.020841022953391075,0.44131946563720703,0.41499772667884827,0.020841022953391075,0.44131946563720703,0.41499772667884827
8789940000.0,102.21,8.199999809265137,6188634112.0,18.403015166322273,1600.0,0.069580078125,26230784.0,54950.260667562485,0.0010324058821424842,0.00439453125,2.042696237564087,-0.020914068445563316,0.6090987324714661,-0.02042696438729763,-0.00048710452392697334,0.0,0.024874093011021614,1.1045050621032715,0.7647629942688503,6.25746488571167,2.0552821159362793,6.282339096069336,2.2772717475891113,890.2888929843903,4.198159456253052,,,,,,
8789940000.0,84.29,8.0,6391222784.0,2347.6274736408313,1601.0,0.072021484375,26247168.0,54957.23962831497,0.0016235907096415758,0.010009765625,2.0080692768096924,-0.019777733832597733,0.741024911403656,-0.020080693066120148,0.00030295923352241516,0.0,0.0651344358921051,1.21662175655365,0.7048658954769962,6.38463020324707,1.9676685333251953,6.449764728546143,2.239474058151245,6.978960752487183,4.263347148895264,,,,,,
8789940000.0,123.61,8.100000381469727,6391222784.0,2390.5310294820956,1602.0,0.0836181640625,26263552.0,54964.09333562851,0.0007655235822312534,0.00262451171875,1.9725301265716553,-0.019570427015423775,0.7150194644927979,-0.01972530037164688,0.00015487335622310638,0.0,0.03974664956331253,1.1996806859970093,0.7385097217399386,6.5639119148254395,2.0462448596954346,6.603658676147461,2.3460545539855957,6.853707313537598,4.2109925746917725,,,,,,
8789940000.0,91.01,7.800000190734863,6391222784.0,2386.472374757084,1603.0,0.0811767578125,26279936.0,54970.95869898796,0.0008321067434735596,0.0057373046875,1.9765475988388062,-0.020297568291425705,0.7648705244064331,-0.019765475764870644,-0.0005320990458130836,0.0,0.016597876325249672,1.2287379503250122,0.7098852889150686,6.558601379394531,1.9939665794372559,6.575199127197266,2.2812578678131104,6.865363359451294,4.1994099617004395,,,,,,
8789940000.0,108.39,7.099999904632568,6391222784.0,2388.2550593806677,1604.0,0.074462890625,26296320.0,54977.81893777847,0.0010771870147436857,0.00628662109375,2.0108258724212646,-0.019496560096740723,0.7858355641365051,-0.020108256489038467,0.0006117001175880432,0.0,-0.011176317930221558,1.2550212144851685,0.695125843849917,6.4830708503723145,1.9476196765899658,6.471894264221191,2.272954225540161,6.860238790512085,4.186320543289185,,,,,,
8789940000.0,76.59,7.400000095367432,6391222784.0,2431.2121024056128,1605.0,0.0823974609375,26312704.0,54984.55796313286,0.000780500122345984,0.00433349609375,2.014024496078491,-0.019821221008896828,0.7728058695793152,-0.02014024369418621,0.00031902105547487736,0.0,-0.031505923718214035,1.2399224042892456,0.7255600496256497,6.401216506958008,1.9879090785980225,6.369710445404053,2.3668508529663086,6.739025354385376,4.199259996414185,,,,,,
8789940000.0,112.12,7.699999809265137,6391222784.0,2388.266098520063,1606.0,0.069580078125,26329088.0,54991.4181702137,0.0007626991719007492,0.00372314453125,2.019315719604492,-0.020210852846503258,0.6914550065994263,-0.020193155854940414,-1.7695128917694092e-05,0.0,0.027203258126974106,1.1746864318847656,0.7246520946829108,6.242844581604004,1.9306305646896362,6.270047664642334,2.2386229038238525,6.8602070808410645,4.196538209915161,,,,,,
8789940000.0,128.15,8.0,6391222784.0,2377.7923004755135,1607.0,0.062255859375,26345472.0,54998.30859541893,0.0013381526805460453,0.01092529296875,2.0727646350860596,-0.021654445677995682,0.6180077195167542,-0.020727645605802536,-0.000926801934838295,0.0,0.06597011536359787,1.1098716259002686,0.7196768627387617,6.081650733947754,1.8612338304519653,6.147620677947998,2.0962514877319336,6.890425205230713,4.185099363327026,,,,,,
8789940000.0,101.21,7.400000095367432,6391222784.0,2420.8734972644484,1608.0,0.06103515625,26361856.0,55005.07640051842,0.0016484230291098356,0.012939453125,2.0791196823120117,-0.020305510610342026,0.6225107908248901,-0.020791197195649147,0.00048568472266197205,0.0,-0.054784055799245834,1.1118725538253784,0.7450714010659416,6.007969856262207,1.8905835151672363,5.95318603515625,2.202144145965576,6.767805099487305,4.189961671829224,,,,,,
8789940000.0,125.49,7.5,6391222784.0,2355.7138042349216,1609.0,0.0555419921875,26378240.0,55012.03140497208,0.0007362902397289872,0.00457763671875,2.113316059112549,-0.020780667662620544,0.608457624912262,-0.02113315835595131,0.00035249069333076477,0.0,-0.03508584573864937,1.1028907299041748,0.7314043678777329,5.86611270904541,1.8272563219070435,5.831027030944824,2.1280558109283447,6.955004453659058,4.19038462638855,,,,,,
8789940000.0,125.64,7.900000095367432,6391222784.0,2326.761020930377,1610.0,0.069580078125,26394624.0,55019.07295322418,0.0012153233401477337,0.00946044921875,2.0789597034454346,-0.020734742283821106,0.5750839710235596,-0.02078959532082081,5.484931170940399e-05,0.0,0.06250593811273575,1.0726394653320312,0.7728684216948036,6.114208698272705,1.9552842378616333,6.176714897155762,2.2506871223449707,7.041548252105713,4.18406081199646,,,,,,
8789940000.0,112.79,7.599999904632568,6391222784.0,2355.912395594438,1611.0,0.0830078125,26411008.0,55026.027371406555,0.0018596434965729713,0.0157470703125,2.0086193084716797,-0.02005290985107422,0.667095959186554,-0.020086191594600677,3.328174352645874e-05,0.0,0.04412378743290901,1.1560717821121216,0.7633056052848957,6.430093765258789,2.071450710296631,6.474217414855957,2.3762428760528564,6.954418182373047,4.1938135623931885,,,,,,
8789940000.0,115.82,7.699999809265137,6391222784.0,2385.908697050617,1612.0,0.074462890625,26427392.0,55032.8943567276,0.0010792090324684978,0.0068359375,1.9815154075622559,-0.019309092313051224,0.6670469045639038,-0.019815154373645782,0.000506056472659111,0.0,0.037502698600292206,1.152551293373108,0.7428819508759992,6.409171104431152,1.9912632703781128,6.446673393249512,2.2729711532592773,6.866985321044922,4.176077842712402,,,,,,
8789940000.0,80.56,8.5,6391222784.0,2465.6949057501397,1613.0,0.07568359375,26443776.0,55039.53913664818,0.002377792028710246,0.02362060546875,2.0393316745758057,-0.020584698766469955,0.6013928651809692,-0.020393315702676773,-0.0001913853920996189,0.0,0.03906882926821709,1.0930818319320679,0.7603229077404153,6.402099132537842,2.013749122619629,6.441167831420898,2.232746124267578,6.644779920578003,4.1923816204071045,,,,,,
8789940000.0,94.87,6.599999904632568,6391222784.0,2441.160782780222,1614.0,0.0750732421875,26460160.0,55046.25069785118,0.0008934716461226344,0.00555419921875,1.9925405979156494,-0.019763100892305374,0.8175880908966064,-0.019925406202673912,0.0001623048447072506,0.0,-0.0339326336979866,1.2818444967269897,0.6902460804906483,6.445198059082031,1.9674588441848755,6.4112653732299805,2.3031742572784424,6.71156120300293,4.182677984237671,,,,,,
8789940000.0,117.74,7.5,6391222784.0,2396.839772552404,1615.0,0.0732421875,26476544.0,55053.08636546135,0.0021965918131172657,0.016845703125,1.9990074634552002,-0.01900554448366165,0.7430001497268677,-0.019990071654319763,0.0009845271706581116,0.0,-0.06793700158596039,1.2201192378997803,0.721528002613707,6.478616237640381,1.945997714996338,6.410679340362549,2.3121259212493896,6.835667610168457,4.204219818115234,,,,,,
8789940000.0,99.62,7.400000095367432,6391222784.0,2416.3144073738094,1616.0,0.0811767578125,26492928.0,55059.866940021515,0.0013479983899742365,0.0115966796875,2.006781578063965,-0.01837586984038353,0.774817943572998,-0.020067816600203514,0.0016919467598199844,0.0,0.001531866379082203,1.2438105344772339,0.704202112439277,6.45400333404541,1.9687045812606812,6.455535411834717,2.2869505882263184,6.780574560165405,4.177158832550049,,,,,,
8789940000.0,87.92,7.5,6391222784.0,2414.640448128634,1617.0,0.08544921875,26509312.0,55066.652215242386,0.0013217066880315542,0.00982666015625,1.9983490705490112,-0.020634878426790237,0.7321084141731262,-0.01998349092900753,-0.0006513837724924088,0.0,-0.025935344398021698,1.2088708877563477,0.7374491508917935,6.498656272888184,1.9887396097183228,6.472721099853516,2.359246253967285,6.785275220870972,4.201087951660156,,,,,,
8789940000.0,96.3,8.100000381469727,6391222784.0,2315.326436761626,1618.0,0.0726318359375,26525696.0,55073.72853922844,0.001262545119971037,0.00897216796875,2.009761333465576,-0.019967202097177505,0.5824145078659058,-0.020097611472010612,0.0001304089091718197,0.0,0.041893698275089264,1.0811090469360352,0.7522565871666849,6.263480186462402,1.9011865854263306,6.3053741455078125,2.172044515609741,7.076323986053467,4.196797132492065,,,,,,
8789940000.0,100.73,8.300000190734863,6391222784.0,2423.580344416243,1619.0,0.0823974609375,26542080.0,55080.488785505295,0.0006994492141529918,0.0032958984375,2.0235228538513184,-0.019892998039722443,0.5729314684867859,-0.020235229283571243,0.00034223240800201893,0.0,0.05260748416185379,1.0753169059753418,0.7655554393641497,6.45178747177124,1.970290184020996,6.504395008087158,2.2208364009857178,6.760246276855469,4.191457748413086,,,,,,
8789940000.0,129.45,7.699999809265137,6391222784.0,2391.822936092907,1620.0,0.0531005859375,26558464.0,55087.338790893555,0.0011184521717950702,0.008056640625,2.0973124504089355,-0.02058367058634758,0.5471572875976562,-0.020973121747374535,0.00038945244159549475,0.0,0.0011212080717086792,1.0474978685379028,0.732793384486718,6.178699016571045,1.797061800956726,6.179820537567139,2.026421308517456,6.850005388259888,4.196212291717529,,,,,,
8789940000.0,119.99,8.100000381469727,6391222784.0,2386.0443099996537,1621.0,0.0628662109375,26574848.0,55094.205385923386,0.0012805404840037227,0.00830078125,2.0899417400360107,-0.0212564617395401,0.5135914087295532,-0.020899416878819466,-0.0003570420667529106,0.0,-0.014089379459619522,1.015710473060608,0.7551257974161114,6.271997928619385,1.7869964838027954,6.257908821105957,2.05257248878479,6.866595029830933,4.189215660095215,,,,,,
8789940000.0,125.49,8.199999809265137,6391222784.0,2405.741249145845,1622.0,0.0494384765625,26591232.0,55101.01576089859,0.0018292744643986225,0.01611328125,2.162086009979248,-0.02136608213186264,0.390224814414978,-0.0216208603233099,0.00025477632880210876,0.0,0.03897976875305176,0.882754385471344,0.7946475528602273,6.159820556640625,1.7162115573883057,6.198800086975098,1.9480035305023193,6.810374975204468,4.1994287967681885,,,,,,
8789940000.0,168.91,8.0,6391222784.0,2408.1894180155246,1623.0,0.0506591796875,26607616.0,55107.819212436676,0.0015738678630441427,0.0120849609375,2.1531546115875244,-0.021082166582345963,0.448832631111145,-0.021531546488404274,0.00044937990605831146,0.0,-0.0347503200173378,0.9476056098937988,0.7708722708383069,6.1776862144470215,1.762290596961975,6.142935752868652,1.9796512126922607,6.8034515380859375,4.191076278686523,,,,,,
8789940000.0,163.55,8.199999809265137,6391222784.0,2406.1445646611633,1624.0,0.054931640625,26624000.0,55114.628445863724,0.0014677094295620918,0.00897216796875,2.148940324783325,-0.020571358501911163,0.40107306838035583,-0.021489404141902924,0.0009180455235764384,0.0,-0.00564926490187645,0.8941130042076111,0.7998028070138995,6.203375816345215,1.7617169618606567,6.197726249694824,1.9983112812042236,6.8092334270477295,4.194595813751221,,,,,,
8789940000.0,145.88,7.300000190734863,6391222784.0,2432.7429851895376,1625.0,0.052490234375,26640384.0,55121.36323046684,0.0022000963799655437,0.0174560546875,2.115757703781128,-0.02054574526846409,0.6036404967308044,-0.021157575771212578,0.0006118258461356163,0.0,-0.07419899106025696,1.097912073135376,0.7119209742844554,6.186217308044434,1.7863315343856812,6.11201810836792,2.0455589294433594,6.7347846031188965,4.221961498260498,,,,,,
8789940000.0,117.38,8.300000190734863,6391222784.0,2477.8518395575834,1626.0,0.0506591796875,26656768.0,55127.97540950775,0.0018923445604741573,0.0166015625,2.1475584506988525,-0.0210275799036026,0.40869003534317017,-0.02147558517754078,0.0004480034112930298,0.0,0.0024441394489258528,0.9035193920135498,0.7940497227806328,5.977076053619385,1.7545872926712036,5.979519844055176,1.9909309148788452,6.6121790409088135,4.189908027648926,,,,,,
8789940000.0,187.28,7.400000095367432,6391222784.0,2420.404955852104,1627.0,0.0439453125,26673152.0,55134.74452471733,0.0012195773888379335,0.00811767578125,2.1817946434020996,-0.02178904414176941,0.45449742674827576,-0.021817946806550026,2.890266478061676e-05,0.0,-0.02269074320793152,0.9524186253547668,0.7663435989453947,5.871715545654297,1.7133837938308716,5.849024772644043,1.9703291654586792,6.769115209579468,4.223492383956909,,,,,,
8789940000.0,136.54,8.300000190734863,6391222784.0,2383.993455208179,1628.0,0.0677490234375,26689536.0,55141.61702680588,0.0015303025720641017,0.0103759765625,2.1297719478607178,-0.020771827548742294,0.5182787179946899,-0.021297721192240715,0.0005258973687887192,0.0,0.07058683037757874,1.014851689338684,0.8021418155735605,6.2698469161987305,2.0300133228302,6.3404340744018555,2.2815277576446533,6.872502088546753,4.203919410705566,,,,,,
8789940000.0,142.7,7.199999809265137,6391222784.0,2405.7308900648927,1629.0,0.0616455078125,26705920.0,55148.42743110657,0.0011558342957869172,0.006591796875,2.0730929374694824,-0.020954487845301628,0.6165180206298828,-0.02073092944920063,-0.00022355467081069946,0.0,-0.031718820333480835,1.1075284481048584,0.7596072866164671,6.17922830581665,1.9741393327713013,6.147509574890137,2.2588863372802734,6.810404300689697,4.209644317626953,,,,,,
8789940000.0,101.13,7.400000095367432,6391222784.0,2339.132979599181,1630.0,0.064697265625,26722304.0,55155.43173575401,0.0013764722971245646,0.0106201171875,2.0470192432403564,-0.019934849813580513,0.647477388381958,-0.020470190793275833,0.000535343773663044,0.0,-0.024749696254730225,1.1375095844268799,0.735612177904984,6.27944803237915,1.9335333108901978,6.254697799682617,2.2122507095336914,7.004304647445679,4.208446502685547,,,,,,
8789940000.0,120.0,7.699999809265137,6391222784.0,2373.190531560739,1631.0,0.0616455078125,26738688.0,55162.33552193642,0.0011960598640143871,0.00726318359375,2.075369358062744,-0.02068369835615158,0.5706116557121277,-0.02075369469821453,6.99944794178009e-05,0.0,-0.023189552128314972,1.066206455230713,0.7525677808956741,6.232309341430664,1.9011322259902954,6.20911979675293,2.143449306488037,6.9037861824035645,4.201306581497192,,,,,,
,,,,,,,,,,,,,,,,,,,,,,,,,,0.01958552561700344,0.6432415246963501,0.5991997718811035,0.01958552561700344,0.6432415246963501,0.5991997718811035
,,,,,,,,,,,,,,,,,,,,,,,,,,0.018045812845230103,0.5855807662010193,0.5603732466697693,0.018045812845230103,0.5855807662010193,0.5603732466697693
,,,,,,,,,,,,,,,,,,,,,,,,,,0.01751277782022953,0.558173656463623,0.5339757204055786,0.01751277782022953,0.558173656463623,0.5339757204055786
,,,,,,,,,,,,,,,,,,,,,,,,,,0.017705528065562248,0.5361987948417664,0.5113651752471924,0.017705528065562248,0.5361987948417664,0.5113651752471924
,,,,,,,,,,,,,,,,,,,,,,,,,,0.017171446233987808,0.5161499381065369,0.4927757978439331,0.017171446233987808,0.5161499381065369,0.4927757978439331
,,,,,,,,,,,,,,,,,,,,,,,,,,0.017753640189766884,0.49900004267692566,0.4736717939376831,0.017753640189766884,0.49900004267692566,0.4736717939376831
8789940000.0,139.37,7.800000190734863,6188634112.0,18.456783089956083,1632.0,0.0555419921875,26755072.0,56050.03084349632,0.0005997973494231701,0.00140380859375,2.124326229095459,-0.021204141899943352,0.5328238010406494,-0.02124326303601265,3.911973908543587e-05,0.0,-0.010541321709752083,1.0266239643096924,0.7559885812403233,6.024540901184082,1.850998044013977,6.013998985290527,2.0782904624938965,887.695321559906,4.198285818099976,,,,,,
8789940000.0,108.16,8.199999809265137,6391222784.0,2444.4469843362117,1633.0,0.078125,26771456.0,56056.73338198662,0.0006809172336943448,0.00323486328125,2.0808074474334717,-0.020416362211108208,0.6030911803245544,-0.02080807462334633,0.00039171241223812103,0.0,0.06997257471084595,1.1012171506881714,0.7605994206989968,6.375767707824707,1.9977169036865234,6.445740222930908,2.250662088394165,6.70253849029541,4.18186616897583,,,,,,
8789940000.0,139.21,7.300000190734863,6391222784.0,2395.8786924469173,1634.0,0.057373046875,26787840.0,56063.571791648865,0.0009435657411813736,0.00433349609375,2.1279354095458984,-0.021162942051887512,0.6257967352867126,-0.02127935364842415,0.00011640973389148712,0.0,-0.06475426256656647,1.114325761795044,0.7563256525950744,6.24308967590332,1.9758597612380981,6.178335666656494,2.2573935985565186,6.838409662246704,4.188878059387207,,,,,,
8789940000.0,149.7,8.199999809265137,6391222784.0,2399.6009458382687,1635.0,0.0537109375,26804224.0,56070.39959359169,0.0014545193407684565,0.00958251953125,2.159457206726074,-0.020600464195013046,0.4542444348335266,-0.021594572812318802,0.0009941081516444683,0.0,0.016246382147073746,0.9540743827819824,0.7904903621507197,6.17516565322876,1.876899003982544,6.191411972045898,2.084395408630371,6.827801942825317,4.205127000808716,,,,,,
8789940000.0,133.18,7.300000190734863,6391222784.0,2406.641313716769,1636.0,0.054931640625,26820608.0,56077.207421541214,0.0018994126003235579,0.01776123046875,2.145265817642212,-0.02155844122171402,0.5635174512863159,-0.021452656015753746,-0.00010578439105302095,0.0,-0.06471626460552216,1.0623178482055664,0.7516517418399145,6.189366817474365,1.8593533039093018,6.124650001525879,2.131688117980957,6.807827949523926,4.175690412521362,,,,,,
8789940000.0,128.43,8.600000381469727,6391222784.0,2399.751025192479,1637.0,0.0537109375,26836992.0,56084.034796476364,0.004543576389551163,0.04168701171875,2.158050298690796,-0.02150573767721653,0.4125158190727234,-0.02158050425350666,7.476657629013062e-05,0.0,0.07856181263923645,0.9015921354293823,0.80549732234029,6.139181137084961,1.8424630165100098,6.217742919921875,2.0443131923675537,6.8273749351501465,4.1993067264556885,,,,,,
8789940000.0,171.67,7.199999809265137,6391222784.0,2425.6083766862953,1638.0,0.0457763671875,26853376.0,56090.789390563965,0.0013174200430512428,0.0081787109375,2.173375129699707,-0.021605119109153748,0.5605784058570862,-0.02173374965786934,0.00012863380834460258,0.0,-0.05836886167526245,1.0543670654296875,0.7249025198532754,5.992837429046631,1.7572050094604492,5.9344682693481445,2.0102415084838867,6.754594087600708,4.173935413360596,,,,,,
8789940000.0,150.3,8.100000381469727,6391222784.0,2404.8055020353167,1639.0,0.050048828125,26869760.0,56097.602415561676,0.0011436219792813063,0.00531005859375,2.1408133506774902,-0.02126004546880722,0.42346787452697754,-0.02140813320875168,0.0001480868086218834,0.0,0.009621942415833473,0.9221513867378235,0.7886879420576216,6.0525712966918945,1.7617677450180054,6.062192916870117,2.006042242050171,6.813024997711182,4.186162948608398,,,,,,
8789940000.0,116.86,8.0,6391222784.0,2390.526206273509,1640.0,0.0628662109375,26886144.0,56104.45613670349,0.0016264538280665874,0.011962890625,2.091804027557373,-0.02102898433804512,0.48783355951309204,-0.020918039605021477,-0.00011094287037849426,0.0,0.01728646457195282,0.9897562861442566,0.7797651581097526,6.207777976989746,1.87328040599823,6.225064754486084,2.1090428829193115,6.8537211418151855,4.180832386016846,,,,,,
8789940000.0,159.86,7.199999809265137,6391222784.0,2318.3337617043094,1641.0,0.0531005859375,26902528.0,56111.52328133583,0.0007401874754577875,0.0020751953125,2.0781772136688232,-0.020913930609822273,0.5567314028739929,-0.02078177034854889,-0.00013215793296694756,0.0,-0.052270449697971344,1.05290687084198,0.7477609971942997,6.165227890014648,1.8248354196548462,6.11295747756958,2.0964467525482178,7.0671446323394775,4.194680690765381,,,,,,
8789940000.0,133.52,8.0,6391222784.0,2305.191834580697,1642.0,0.0677490234375,26918912.0,56118.630715847015,0.001081525580957532,0.005126953125,2.032465696334839,-0.020306074991822243,0.5394299030303955,-0.02032465673983097,1.8579885363578796e-05,0.0,0.01077791303396225,1.039534568786621,0.7868859618035,6.3947954177856445,1.9790537357330322,6.405572891235352,2.2518157958984375,7.107434511184692,4.1935296058654785,,,,,,
8789940000.0,119.67,8.0,6391222784.0,2439.2922113999302,1643.0,0.0634765625,26935296.0,56125.34741830826,0.0009403495932929218,0.00579833984375,2.044548273086548,-0.01987401582300663,0.5398135781288147,-0.020445480942726135,0.0005714660510420799,0.0,0.048706069588661194,1.039182186126709,0.7789042378281168,6.23373556137085,1.939831256866455,6.28244161605835,2.2100460529327393,6.716702461242676,4.18138861656189,,,,,,
8789940000.0,117.97,7.300000190734863,6391222784.0,2381.002309679912,1644.0,0.07568359375,26951680.0,56132.22855401039,0.0009712164173834026,0.00616455078125,2.006166934967041,-0.0195130817592144,0.7642685174942017,-0.020061668008565903,0.0005485881119966507,0.0,-0.021116752177476883,1.2414957284927368,0.7050377267407628,6.3800530433654785,2.018510103225708,6.358936309814453,2.2859253883361816,6.881135702133179,4.194104909896851,,,,,,
8789940000.0,93.66,8.399999618530273,6391222784.0,2394.0497494432975,1645.0,0.0762939453125,26968064.0,56139.07218790054,0.0013999305665493011,0.009765625,2.0164308547973633,-0.020442724227905273,0.5561652183532715,-0.020164309069514275,-0.0002784144598990679,0.0,0.03495904803276062,1.0533511638641357,0.788313911162156,6.515563011169434,2.030688524246216,6.5505218505859375,2.2894277572631836,6.8436338901519775,4.201724290847778,,,,,,
8789940000.0,108.07,7.800000190734863,6391222784.0,2407.8656493240037,1646.0,0.057373046875,26984448.0,56145.87655425072,0.001231388421729207,0.008544921875,2.0751633644104004,-0.020074037835001945,0.5004963874816895,-0.02075163461267948,0.0006775958463549614,0.0,-0.01654020883142948,0.9977864623069763,0.7819855505042452,6.084816932678223,1.871496558189392,6.068276882171631,2.136953592300415,6.80436635017395,4.200654983520508,,,,,,
8789940000.0,118.97,7.699999809265137,6391222784.0,2434.00842643699,1647.0,0.04638671875,27000832.0,56152.60783743858,0.002439158968627453,0.021728515625,2.1226727962493896,-0.020613661035895348,0.47103187441825867,-0.021226726472377777,0.0006130654364824295,0.0,-0.04881298169493675,0.9648362994194031,0.7852906139295928,6.063941955566406,1.8874790668487549,6.0151286125183105,2.0822269916534424,6.731283187866211,4.202391862869263,,,,,,
8789940000.0,154.53,8.0,6391222784.0,2405.389764001535,1648.0,0.06103515625,27017216.0,56159.41920757294,0.0026497659273445606,0.0245361328125,2.1191253662109375,-0.021033721044659615,0.4696725308895111,-0.021191250532865524,0.00015753041952848434,0.0,-0.0319589227437973,0.9675732254981995,0.7884171969117311,6.028294563293457,1.8451790809631348,5.996335506439209,2.103504180908203,6.811370134353638,4.211716413497925,,,,,,
8789940000.0,126.78,7.400000095367432,6391222784.0,2389.6820288944386,1649.0,0.0506591796875,27033600.0,56166.27534985542,0.0017025694251060486,0.0145263671875,2.102768659591675,-0.02069220505654812,0.5307869911193848,-0.021027686074376106,0.00033547962084412575,0.0,-0.06652291119098663,1.0286754369735718,0.7559048600533074,5.870660781860352,1.8268077373504639,5.804137706756592,2.0820865631103516,6.856142282485962,4.192897081375122,,,,,,
8789940000.0,164.63,8.399999618530273,6391222784.0,2399.3491798192526,1650.0,0.052490234375,27049984.0,56173.10386824608,0.0014411734882742167,0.0107421875,2.1241514682769775,-0.020799759775400162,0.45144912600517273,-0.021241512149572372,0.00044175051152706146,0.0,0.07095015048980713,0.9461863040924072,0.7874053003497992,5.930535316467285,1.8417595624923706,6.001485347747803,2.0521085262298584,6.828518390655518,4.189693212509155,,,,,,
8789940000.0,174.9,8.100000381469727,6391222784.0,2393.935908496886,1651.0,0.050048828125,27066368.0,56179.94782757759,0.0031819110736250877,0.02911376953125,2.10745906829834,-0.02060152404010296,0.4234088063240051,-0.02107458934187889,0.0004730683285742998,0.0,0.030927913263440132,0.9171615242958069,0.7895737799821397,5.932363033294678,1.7867556810379028,5.963291168212891,1.9993829727172852,6.843959331512451,4.201857328414917,,,,,,
8789940000.0,135.37,8.0,6391222784.0,2393.6694879462393,1652.0,0.050048828125,27082752.0,56186.79254865646,0.0014519162941724062,0.01068115234375,2.139230489730835,-0.020471982657909393,0.39475560188293457,-0.021392306312918663,0.0009203217923641205,0.0,-0.023946024477481842,0.8843703866004944,0.8099044428412701,5.98184871673584,1.8079978227615356,5.957902908325195,2.0283751487731934,6.844721078872681,4.2076451778411865,,,,,,
8789940000.0,177.93,7.800000190734863,6391222784.0,2370.2118643389667,1653.0,0.0445556640625,27099136.0,56193.70501089096,0.0015107113867998123,0.00994873046875,2.1395721435546875,-0.021392781287431717,0.44161492586135864,-0.021395722404122353,2.9373914003372192e-06,0.0,0.012515257112681866,0.9370104670524597,0.7962755605419024,5.936618804931641,1.8577874898910522,5.94913387298584,2.075979232788086,6.91246223449707,4.19985818862915,,,,,,
8789940000.0,155.44,7.599999904632568,6391222784.0,2380.8506067923913,1654.0,0.057373046875,27115520.0,56200.58658504486,0.0016773910028859973,0.0125732421875,2.0807037353515625,-0.0201424453407526,0.6347026824951172,-0.020807037129998207,0.000664594117552042,0.0,-0.035619284957647324,1.1244820356369019,0.7504287817634697,6.133498191833496,1.9880577325820923,6.097878932952881,2.2508952617645264,6.8815741539001465,4.201204061508179,,,,,,
8789940000.0,92.04,8.300000190734863,6391222784.0,2344.2058899781296,1655.0,0.0640869140625,27131904.0,56207.57573223114,0.002603781409561634,0.02508544921875,2.080543041229248,-0.020626064389944077,0.6089853644371033,-0.02080542966723442,0.00017936527729034424,0.0,0.05782170593738556,1.1057381629943848,0.7345862629653008,6.045802116394043,1.9179672002792358,6.103623867034912,2.146301031112671,6.989147186279297,4.20971941947937,,,,,,
8789940000.0,129.38,7.900000095367432,6391222784.0,2344.582675810836,1656.0,0.064697265625,27148288.0,56214.56375622749,0.0015790574252605438,0.01220703125,2.097869873046875,-0.021072546020150185,0.5330342650413513,-0.020978698506951332,-9.384751319885254e-05,0.0,0.03063906356692314,1.031872272491455,0.7905579362746008,6.156152725219727,1.9712260961532593,6.186791896820068,2.254727363586426,6.988023996353149,4.192080497741699,,,,,,
8789940000.0,103.77,7.699999809265137,6391222784.0,2425.9528639982536,1657.0,0.0714111328125,27164672.0,56221.31739115715,0.001443406566977501,0.00982666015625,2.0512094497680664,-0.0199076347053051,0.6765402555465698,-0.020512094721198082,0.0006044614128768444,0.0,-0.018638623878359795,1.1583061218261719,0.73542504545664,6.36104679107666,1.9307620525360107,6.342408180236816,2.2518997192382812,6.753634929656982,4.176788806915283,,,,,,
8789940000.0,102.41,8.300000190734863,6391222784.0,2402.0184076684814,1658.0,0.0543212890625,27181056.0,56228.13832139969,0.0018622477073222399,0.0162353515625,2.1244821548461914,-0.020952880382537842,0.4303211569786072,-0.021244820207357407,0.00029193819500505924,0.0,0.01369409915059805,0.9258723855018616,0.7904665004291845,6.058830738067627,1.8025715351104736,6.0725250244140625,2.0226681232452393,6.820930242538452,4.194920301437378,,,,,,
8789940000.0,137.54,7.5,6391222784.0,2406.367844629814,1659.0,0.0482177734375,27197440.0,56234.9469230175,0.0016137827187776566,0.01190185546875,2.123828172683716,-0.02088683471083641,0.4761602580547333,-0.021238280460238457,0.0003514457494020462,0.0,-0.037276603281497955,0.9736698865890503,0.745026564767742,5.985263824462891,1.6700505018234253,5.9479875564575195,1.928255319595337,6.80860161781311,4.211607933044434,,,,,,
8789940000.0,165.2,6.800000190734863,6391222784.0,2377.6086768154055,1660.0,0.0396728515625,27213824.0,56241.837880373,0.004817013628780842,0.05120849609375,2.1274235248565674,-0.019025063142180443,0.5330269932746887,-0.021274235099554062,0.0022491710260510445,0.0,-0.044111140072345734,1.0326786041259766,0.7022774363237048,5.872675895690918,1.6310620307922363,5.828564643859863,1.8926016092300415,6.890957355499268,4.207431077957153,,,,,,
8789940000.0,152.31,7.800000190734863,6391222784.0,2407.111033395487,1661.0,0.06103515625,27230208.0,56248.6443798542,0.004430445376783609,0.04376220703125,2.0870320796966553,-0.01897427812218666,0.5448062419891357,-0.02087031677365303,0.0018960463348776102,0.0,-0.018150854855775833,1.0423592329025269,0.7487194604008174,6.158400535583496,1.812238335609436,6.140249729156494,2.079399824142456,6.806499481201172,4.192044973373413,,,,,,
8789940000.0,108.87,8.199999809265137,6391222784.0,2395.974673880679,1662.0,0.069580078125,27246592.0,56255.4825155735,0.002740061841905117,0.025146484375,2.056215286254883,-0.019369199872016907,0.6377522945404053,-0.020562151446938515,0.0011929530883207917,0.0,0.04745113104581833,1.1281182765960693,0.7358621868605932,6.323227405548096,1.882246494293213,6.370678424835205,2.1950244903564453,6.838135719299316,4.1902079582214355,,,,,,
8789940000.0,121.38,7.800000190734863,6391222784.0,2406.0358044102077,1663.0,0.05615234375,27262976.0,56262.292056798935,0.003120975336059928,0.0262451171875,2.114450454711914,-0.020129449665546417,0.5448204278945923,-0.021144503727555275,0.0010150517337024212,0.0,-0.001275516115128994,1.0421515703201294,0.7396252181369607,6.182949066162109,1.7895368337631226,6.181674003601074,2.042356252670288,6.80954122543335,4.204881429672241,,,,,,
,,,,,,,,,,,,,,,,,,,,,,,,,,0.02551290951669216,0.5578334331512451,0.5111536979675293,0.02551290951669216,0.5578334331512451,0.5111536979675293
,,,,,,,,,,,,,,,,,,,,,,,,,,0.0253007635474205,0.5124805569648743,0.48311057686805725,0.0253007635474205,0.5124805569648743,0.48311057686805725
,,,,,,,,,,,,,,,,,,,,,,,,,,0.02160346508026123,0.48113706707954407,0.4548768699169159,0.02160346508026123,0.48113706707954407,0.4548768699169159
,,,,,,,,,,,,,,,,,,,,,,,,,,0.020633405074477196,0.46038538217544556,0.43733668327331543,0.020633405074477196,0.46038538217544556,0.43733668327331543
,,,,,,,,,,,,,,,,,,,,,,,,,,0.020584363490343094,0.440713495016098,0.41823551058769226,0.020584363490343094,0.440713495016098,0.41823551058769226
,,,,,,,,,,,,,,,,,,,,,,,,,,0.020761657506227493,0.4241901636123657,0.4015323221683502,0.020761657506227493,0.4241901636123657,0.4015323221683502
8789940000.0,127.69,7.900000095367432,6188634112.0,18.47615743343252,1664.0,0.054931640625,27279360.0,57149.05652928352,0.00045368066639639437,0.0013427734375,2.115851640701294,-0.020909609273076057,0.5862979292869568,-0.02115851454436779,0.0002489062026143074,0.0,-0.006851165555417538,1.0835011005401611,0.732868130706543,6.25760555267334,1.8535664081573486,6.250754356384277,2.0963644981384277,886.7644724845886,4.2080864906311035,,,,,,
8789940000.0,117.7,7.599999904632568,6391222784.0,2438.7546306702984,1665.0,0.06591796875,27295744.0,57155.77471232414,0.0005727941752411425,0.00189208984375,2.121676206588745,-0.020978648215532303,0.627496600151062,-0.02121676132082939,0.00023811543360352516,0.0,-0.0448148213326931,1.1232887506484985,0.7274966662277706,6.297421455383301,1.9027787446975708,6.252606391906738,2.1518185138702393,6.7181830406188965,4.196610450744629,,,,,,
8789940000.0,137.14,8.399999618530273,6391222784.0,2421.427454192847,1666.0,0.0732421875,27312128.0,57162.54096913338,0.0009320614626631141,0.00250244140625,2.1275744438171387,-0.021608414128422737,0.668928861618042,-0.021275747567415237,-0.0003326684236526489,0.0,0.015508254989981651,1.1549063920974731,0.7283360376419599,6.355862140655518,1.9492881298065186,6.371370315551758,2.2158007621765137,6.766256809234619,4.190936326980591,,,,,,
8789940000.0,124.9,7.099999904632568,6391222784.0,2429.0775785489327,1667.0,0.064697265625,27328512.0,57169.28591632843,0.0010693089570850134,0.0045166015625,2.0993213653564453,-0.02116830088198185,0.844658613204956,-0.02099321410059929,-0.00017508678138256073,0.0,-0.08269330859184265,1.302598476409912,0.6804938828463007,6.397669792175293,1.9196974039077759,6.314976692199707,2.3044707775115967,6.744947195053101,4.205291271209717,,,,,,
8789940000.0,121.11,7.800000190734863,6391222784.0,2437.75722839366,1668.0,0.064697265625,27344896.0,57176.00684809685,0.0008780783973634243,0.0030517578125,2.1603283882141113,-0.02159435674548149,0.6096027493476868,-0.021603282541036606,8.920207619667053e-06,0.0,0.01549205370247364,1.0887409448623657,0.7535536394784282,6.299319267272949,1.924674153327942,6.3148112297058105,2.1931254863739014,6.720931768417358,4.196847200393677,,,,,,
8789940000.0,102.25,7.699999809265137,6391222784.0,2381.766314850901,1669.0,0.059814453125,27361280.0,57182.885776519775,0.0008775479509495199,0.0032958984375,2.154984712600708,-0.02189396321773529,0.5792055726051331,-0.021549846976995468,-0.000344117172062397,0.0,-0.026443468406796455,1.070887565612793,0.7376295555506175,6.018042087554932,1.814002275466919,5.991599082946777,2.0906753540039062,6.8789284229278564,4.190506458282471,,,,,,
8789940000.0,123.66,8.199999809265137,6391222784.0,2375.322093674333,1670.0,0.0531005859375,27377664.0,57189.7833673954,0.0013198214583098888,0.00604248046875,2.1437363624572754,-0.021693246439099312,0.478644460439682,-0.02143736369907856,-0.00025588274002075195,0.0,-0.02181393653154373,0.9786110520362854,0.7755039305727142,6.101609230041504,1.852705717086792,6.079794883728027,2.065406560897827,6.89759087562561,4.197375059127808,,,,,,
8789940000.0,143.29,6.900000095367432,6391222784.0,2407.2097720289835,1671.0,0.0543212890625,27394048.0,57196.589587688446,0.0010130794253200293,0.00469970703125,2.143617630004883,-0.02168281003832817,0.619655430316925,-0.02143617905676365,-0.0002466344740241766,0.0,-0.11068278551101685,1.116330623626709,0.7540555487344947,6.1843156814575195,1.895363450050354,6.07363224029541,2.250993490219116,6.806220293045044,4.176176309585571,,,,,,
8789940000.0,143.52,7.400000095367432,6391222784.0,2404.5400222323674,1672.0,0.05615234375,27410432.0,57203.403364896774,0.0008712026756256819,0.0029296875,2.1701016426086426,-0.021655907854437828,0.5917835235595703,-0.021701015532016754,4.511140286922455e-05,0.0,-0.029069870710372925,1.0876612663269043,0.7573193215209484,6.195281982421875,1.8961750268936157,6.16621208190918,2.2078819274902344,6.813777208328247,4.182645797729492,,,,,,
8789940000.0,120.64,8.0,6391222784.0,2333.096572566086,1673.0,0.0653076171875,27426816.0,57210.42579174042,0.0010492339497432113,0.0047607421875,2.139394521713257,-0.020723707973957062,0.5786647796630859,-0.021393945440649986,0.0006702360697090626,0.0,0.006850863806903362,1.082122564315796,0.7630820017838805,6.282192230224609,1.9621357917785645,6.2890424728393555,2.2231931686401367,7.0224268436431885,4.178024053573608,,,,,,
8789940000.0,122.59,8.300000190734863,6391222784.0,2361.033360432284,1674.0,0.057373046875,27443200.0,57217.365126132965,0.0009431955404579639,0.004150390625,2.187361717224121,-0.022332720458507538,0.4547976851463318,-0.02187361940741539,-0.0004591066390275955,0.0,0.012269395403563976,0.9571102857589722,0.801280163368954,6.224428653717041,1.9451932907104492,6.236697673797607,2.1470463275909424,6.939334392547607,4.282040596008301,,,,,,
8789940000.0,145.12,7.400000095367432,6391222784.0,2388.822918914244,1675.0,0.0347900390625,27459584.0,57224.223734140396,0.0017425015103071928,0.01251220703125,2.2015457153320312,-0.02197219803929329,0.4459255635738373,-0.022015457972884178,4.3264590203762054e-05,0.0,-0.05372771993279457,0.9381632208824158,0.7563956987770948,5.902996063232422,1.676946759223938,5.849267959594727,1.900796890258789,6.85860800743103,4.193726062774658,,,,,,
8789940000.0,155.98,7.599999904632568,6391222784.0,2432.1385610364896,1676.0,0.0494384765625,27475968.0,57230.96019244194,0.0010210901964455843,0.00616455078125,2.1603455543518066,-0.021517034620046616,0.4418625235557556,-0.021603453904390335,8.642114698886871e-05,0.0,-0.039967019110918045,0.9376230239868164,0.7994587441888983,5.974551677703857,1.8251174688339233,5.934584617614746,2.0937576293945312,6.7364583015441895,4.195660591125488,,,,,,
8789940000.0,159.6,7.5,6391222784.0,2401.4521465256207,1677.0,0.0543212890625,27492352.0,57237.78273105621,0.0009666861733421683,0.0052490234375,2.183006525039673,-0.021561719477176666,0.5055719614028931,-0.021830065175890923,0.0002683401107788086,0.0,-0.011568129062652588,0.9955125451087952,0.7872326510712753,5.929150581359863,1.89275324344635,5.917581558227539,2.158210515975952,6.822538614273071,4.190218687057495,,,,,,
8789940000.0,129.98,8.100000381469727,6391222784.0,2424.2507329339755,1678.0,0.0579833984375,27508736.0,57244.54110789299,0.0007197991944849491,0.0020751953125,2.192196846008301,-0.021172087639570236,0.5222349166870117,-0.021921968087553978,0.000749882310628891,0.0,0.00019073160365223885,1.0105557441711426,0.7984426824796722,6.069792747497559,2.0682287216186523,6.06998348236084,2.2509241104125977,6.758376836776733,4.191876173019409,,,,,,
8789940000.0,154.48,7.5,6391222784.0,2401.7407837912856,1679.0,0.052490234375,27525120.0,57251.36282658577,0.0009920509764924645,0.006103515625,2.2130484580993652,-0.021993381902575493,0.5200906991958618,-0.022130481898784637,0.00013709813356399536,0.0,-0.03198886662721634,1.0175200700759888,0.7784433298866735,6.006534576416016,1.9146512746810913,5.974545478820801,2.1617255210876465,6.821718692779541,4.214462518692017,,,,,,
8789940000.0,143.01,7.800000190734863,6391222784.0,2408.6546767653344,1680.0,0.0518798828125,27541504.0,57258.16496396065,0.0013032038696110249,0.009521484375,2.2155959606170654,-0.020928697660565376,0.46972155570983887,-0.02215595915913582,0.0012272605672478676,0.0,0.0067450618371367455,0.9692717790603638,0.7833303973681764,5.832944869995117,1.8311336040496826,5.839690208435059,2.0823163986206055,6.80213737487793,4.1976823806762695,,,,,,
8789940000.0,180.32,6.199999809265137,6391222784.0,2424.9319318682096,1681.0,0.0360107421875,27557888.0,57264.92144227028,0.0008530904888175428,0.00531005859375,2.2289459705352783,-0.02233036607503891,0.551355242729187,-0.0222894586622715,-4.0908344089984894e-05,0.0,-0.15553370118141174,1.0430231094360352,0.7217463435355282,5.805294036865234,1.6915086507797241,5.6497602462768555,1.9773043394088745,6.756478309631348,4.208257436752319,,,,,,
8789940000.0,143.06,8.100000381469727,6391222784.0,2421.652299602253,1682.0,0.059814453125,27574272.0,57271.68707084656,0.0015218760818243027,0.00933837890625,2.186525583267212,-0.021350299939513206,0.4647041857242584,-0.021865254268050194,0.0005149543285369873,0.0,0.07199327647686005,0.9640958905220032,0.8055598261579102,6.030402660369873,1.918229579925537,6.102396011352539,2.1863887310028076,6.7656285762786865,4.2341673374176025,,,,,,
8789940000.0,143.22,7.5,6391222784.0,2430.5311534783173,1683.0,0.0567626953125,27590656.0,57278.42798423767,0.0014929266180843115,0.008544921875,2.1471378803253174,-0.02189941518008709,0.5509780049324036,-0.021471377462148666,-0.0004280507564544678,0.0,0.01307956874370575,1.0436508655548096,0.7650642720406102,6.0240888595581055,1.8829320669174194,6.037168502807617,2.1531822681427,6.740913391113281,4.212710618972778,,,,,,
8789940000.0,126.0,8.100000381469727,6391222784.0,2386.1365223545404,1684.0,0.067138671875,27607040.0,57285.29431390762,0.0014787797117605805,0.007080078125,2.157952070236206,-0.021321309730410576,0.6016368865966797,-0.021579522639513016,0.00025821011513471603,0.0,0.04704635217785835,1.0927355289459229,0.7724845995126906,6.196103572845459,2.0417673587799072,6.243149757385254,2.2909185886383057,6.866329669952393,4.217308044433594,,,,,,
8789940000.0,106.71,8.0,6391222784.0,2389.7875704018106,1685.0,0.0592041015625,27623424.0,57292.150153398514,0.0009944376070052385,0.00714111328125,2.163085460662842,-0.02196071669459343,0.4880966544151306,-0.02163085527718067,-0.0003298623487353325,0.0,0.024584077298641205,0.9897179007530212,0.7818411228148858,5.883525371551514,1.8674898147583008,5.908109664916992,2.1189706325531006,6.855839490890503,4.249993562698364,,,,,,
8789940000.0,105.8,7.599999904632568,6391222784.0,2378.4498596662365,1686.0,0.06591796875,27639808.0,57299.0386736393,0.001680314657278359,0.0133056640625,2.1273560523986816,-0.020722942426800728,0.5813130140304565,-0.02127355895936489,0.0005506165325641632,0.0,-0.012488004751503468,1.0773272514343262,0.7740839426159307,6.139586448669434,1.9929829835891724,6.127098083496094,2.266594886779785,6.888520240783691,4.180362701416016,,,,,,
8789940000.0,118.25,7.800000190734863,6391222784.0,2380.4631468798516,1687.0,0.0628662109375,27656192.0,57305.92136788368,0.0010138461366295815,0.0042724609375,2.161661386489868,-0.021879710257053375,0.5931527614593506,-0.021616613492369652,-0.00026309629902243614,0.0,-0.0630163848400116,1.0895733833312988,0.7771785429515237,6.035834312438965,1.9910564422607422,5.972817420959473,2.3082242012023926,6.882694244384766,4.1941094398498535,,,,,,
8789940000.0,171.79,7.0,6391222784.0,2324.6521439074827,1688.0,0.0445556640625,27672576.0,57312.96930408478,0.001182254170998931,0.00830078125,2.1797547340393066,-0.021599657833576202,0.5365691781044006,-0.02179754711687565,0.00019788974896073341,0.0,-0.055380597710609436,1.0315266847610474,0.7568280500013304,5.852991104125977,1.8056520223617554,5.797610282897949,2.0918169021606445,7.047936201095581,4.186158895492554,,,,,,
8789940000.0,92.7,7.900000095367432,6391222784.0,2380.559216601603,1689.0,0.064697265625,27688960.0,57319.85172057152,0.0013158993097022176,0.00921630859375,2.17330265045166,-0.021285545080900192,0.5614986419677734,-0.02173302322626114,0.00044747814536094666,0.0,0.03271394968032837,1.0613206624984741,0.7811036484587331,5.932699680328369,1.992958903312683,5.965413570404053,2.2684402465820312,6.882416486740112,4.204580545425415,,,,,,
8789940000.0,140.97,7.699999809265137,6391222784.0,2426.7966416862214,1690.0,0.059814453125,27705344.0,57326.60300731659,0.00165104353800416,0.01361083984375,2.1945960521698,-0.022022545337677002,0.5925578474998474,-0.021945960819721222,-7.658521644771099e-05,0.0,0.045512907207012177,1.0887807607650757,0.7687730853665339,5.96005916595459,2.001847743988037,6.005571365356445,2.264232873916626,6.751286745071411,4.209436416625977,,,,,,
8789940000.0,179.04,6.900000095367432,6391222784.0,2411.569499281086,1691.0,0.057373046875,27721728.0,57333.396923065186,0.0016634732019156218,0.01336669921875,2.1936936378479004,-0.021701449528336525,0.5798120498657227,-0.021936936303973198,0.00023548677563667297,0.0,-0.01915917918086052,1.0758857727050781,0.7664661950209779,5.91202974319458,1.9583030939102173,5.8928704261779785,2.226339101791382,6.793915748596191,4.206694841384888,,,,,,
8789940000.0,128.85,7.199999809265137,6391222784.0,2420.201991765334,1692.0,0.047607421875,27738112.0,57340.1666059494,0.0012787869200110435,0.01092529296875,2.2142586708068848,-0.02215137705206871,0.5460731983184814,-0.02214258909225464,-8.78889113664627e-06,0.0,-0.0664244219660759,1.044231653213501,0.7697870523295823,5.849053382873535,1.9577527046203613,5.782629013061523,2.1763670444488525,6.769682884216309,4.220099687576294,,,,,,
8789940000.0,178.49,7.099999904632568,6391222784.0,2422.657318400409,1693.0,0.0341796875,27754496.0,57346.92942786217,0.001421833410859108,0.01226806640625,2.2322170734405518,-0.021651864051818848,0.41516923904418945,-0.022322172299027443,0.0006703115068376064,0.0,-0.04947323352098465,0.9114484786987305,0.7817595017258183,5.463842868804932,1.7122766971588135,5.414369583129883,1.9510328769683838,6.762821912765503,4.205278635025024,,,,,,
8789940000.0,169.14,7.400000095367432,6391222784.0,2394.6726051654164,1694.0,0.04150390625,27770880.0,57353.77128171921,0.0014244267949834466,0.01116943359375,2.253936290740967,-0.021602729335427284,0.43592244386672974,-0.02253936231136322,0.0009366348385810852,0.0,0.04047124460339546,0.9286828637123108,0.798155579126699,5.523365020751953,1.8365293741226196,5.563836097717285,2.0670883655548096,6.841853857040405,4.2867467403411865,,,,,,
8789940000.0,177.46,7.800000190734863,6391222784.0,2425.0448033614935,1695.0,0.048828125,27787264.0,57360.52744555473,0.0015982005279511213,0.01416015625,2.2517173290252686,-0.02167668379843235,0.43122994899749756,-0.02251717448234558,0.0008404869586229324,0.0,0.007410600781440735,0.9235410094261169,0.8163100352008514,5.59681510925293,1.9089652299880981,5.604226112365723,2.154832124710083,6.756163835525513,4.193118095397949,,,,,,
,,,,,,,,,,,,,,,,,,,,,,,,,,0.032207388430833817,0.5845295786857605,0.5383183360099792,0.032207388430833817,0.5845295786857605,0.5383183360099792
,,,,,,,,,,,,,,,,,,,,,,,,,,0.028499003499746323,0.5273110866546631,0.5040623545646667,0.028499003499746323,0.5273110866546631,0.5040623545646667
,,,,,,,,,,,,,,,,,,,,,,,,,,0.026267822831869125,0.5002582669258118,0.47929009795188904,0.026267822831869125,0.5002582669258118,0.47929009795188904
,,,,,,,,,,,,,,,,,,,,,,,,,,0.025560157373547554,0.47848787903785706,0.45715999603271484,0.025560157373547554,0.47848787903785706,0.45715999603271484
,,,,,,,,,,,,,,,,,,,,,,,,,,0.025128154084086418,0.4593920409679413,0.43661725521087646,0.025128154084086418,0.4593920409679413,0.43661725521087646
,,,,,,,,,,,,,,,,,,,,,,,,,,0.02527984417974949,0.44602876901626587,0.4228645861148834,0.02527984417974949,0.44602876901626587,0.4228645861148834
8789940000.0,165.01,7.5,6188634112.0,18.4588045649819,1696.0,0.0543212890625,27803648.0,58248.1255531311,0.0014168452471494675,0.0107421875,2.293794870376587,-0.023173538967967033,0.5434257388114929,-0.022937947884202003,-0.00023558922111988068,0.0,-0.02501218393445015,1.0395773649215698,0.780990116252047,5.974257946014404,1.9902849197387695,5.949245452880859,2.2213900089263916,887.5981075763702,4.197849750518799,,,,,,
8789940000.0,152.91,7.599999904632568,6391222784.0,2379.092874476034,1697.0,0.047607421875,27820032.0,58255.0122115612,0.001213256735354662,0.007568359375,2.2935709953308105,-0.023196596652269363,0.5283269286155701,-0.022935710847377777,-0.0002608869690448046,0.0,-0.03752123564481735,1.02604079246521,0.7619822167510926,5.878281593322754,1.905516266822815,5.840760231018066,2.1030991077423096,6.886658430099487,4.192326784133911,,,,,,
8789940000.0,135.88,7.800000190734863,6391222784.0,2386.2878223943844,1698.0,0.0396728515625,27836416.0,58261.87810587883,0.0006418913835659623,0.00238037109375,2.3099913597106934,-0.022877641022205353,0.38304048776626587,-0.02309991419315338,0.0002222806215286255,0.0,0.00039046676829457283,0.8757877945899963,0.7940424291834091,5.654006004333496,1.7633239030838013,5.654396057128906,1.9297889471054077,6.865894317626953,4.193378686904907,,,,,,
8789940000.0,212.0,7.199999809265137,6391222784.0,2337.957562004743,1699.0,0.0323486328125,27852800.0,58268.88593196869,0.0006270721205510199,0.00244140625,2.283848285675049,-0.02282462641596794,0.40098217129707336,-0.02283848077058792,1.3854354619979858e-05,0.0,-0.057287637144327164,0.896105945110321,0.7607636198858885,5.483792304992676,1.5865126848220825,5.426504135131836,1.832085371017456,7.007826089859009,4.199182510375977,,,,,,
8789940000.0,196.91,7.400000095367432,6391222784.0,2418.8399193427604,1700.0,0.0445556640625,27869184.0,58275.65942692757,0.001104300725273788,0.0057373046875,2.261453628540039,-0.022752756252884865,0.41481736302375793,-0.02261453866958618,-0.00013821572065353394,0.0,-0.027088284492492676,0.9124452471733093,0.8042158101872166,5.669853687286377,1.7976102828979492,5.642765045166016,2.062138080596924,6.7734949588775635,4.188473224639893,,,,,,
8789940000.0,165.23,7.699999809265137,6391222784.0,2470.0722244984936,1701.0,0.047607421875,27885568.0,58282.29243135452,0.0010711743962019682,0.00439453125,2.2279562950134277,-0.02260398492217064,0.4705042243003845,-0.022279562428593636,-0.0003244238905608654,0.0,0.016110200434923172,0.9716981649398804,0.7829918646806056,5.74036979675293,1.8281458616256714,5.756479740142822,2.085899829864502,6.633004426956177,4.194775342941284,,,,,,
8789940000.0,132.32,8.399999618530273,6391222784.0,2433.167380848511,1702.0,0.062255859375,27901952.0,58289.0260412693,0.0010252805659547448,0.00482177734375,2.186572313308716,-0.021167878061532974,0.5022952556610107,-0.02186572179198265,0.0006978483870625496,0.0,0.06103920936584473,1.0013132095336914,0.8105518887648122,6.052542686462402,2.082951307296753,6.113582134246826,2.300513982772827,6.733609914779663,4.191025972366333,,,,,,
8789940000.0,161.48,7.800000190734863,6391222784.0,2460.894831290086,1703.0,0.054931640625,27918336.0,58295.68378210068,0.0006404974847100675,0.00213623046875,2.1839475631713867,-0.021721046417951584,0.5048925876617432,-0.021839475259184837,0.00011843070387840271,0.0,0.02672366052865982,1.0054391622543335,0.7823332173023275,5.8904314041137695,1.9158953428268433,5.9171552658081055,2.1550614833831787,6.657740831375122,4.197523832321167,,,,,,
8789940000.0,131.6,7.900000095367432,6391222784.0,2480.2580042346613,1704.0,0.0579833984375,27934720.0,58302.289546489716,0.0006222494994290173,0.00177001953125,2.1522107124328613,-0.02169938012957573,0.5329238772392273,-0.02152210846543312,-0.00017727212980389595,0.0,0.010771255008876324,1.0319709777832031,0.7770764716845717,6.089390277862549,1.9528142213821411,6.100161552429199,2.1856958866119385,6.605764389038086,4.202505826950073,,,,,,
8789940000.0,121.51,8.399999618530273,6391222784.0,2487.1050740044257,1705.0,0.047607421875,27951104.0,58308.877125024796,0.0008797376067377627,0.00335693359375,2.1535587310791016,-0.021484375,0.38272494077682495,-0.021535584703087807,5.120900459587574e-05,0.0,0.011335693299770355,0.8750334978103638,0.8020324265368479,5.818661689758301,1.7824259996414185,5.829997539520264,1.9666528701782227,6.587578535079956,4.196519374847412,,,,,,
8789940000.0,170.18,7.599999904632568,6391222784.0,2460.333065327317,1706.0,0.0439453125,27967488.0,58315.53638601303,0.0010235831141471863,0.003662109375,2.142573356628418,-0.021075913682579994,0.5012250542640686,-0.021425731480121613,0.00034981779754161835,0.0,0.0003358181565999985,1.0031602382659912,0.74009890787966,5.740971565246582,1.7280173301696777,5.741307258605957,1.9677340984344482,6.659260988235474,4.194854974746704,,,,,,
8789940000.0,160.99,7.699999809265137,6391222784.0,2414.324442705593,1707.0,0.052490234375,27983872.0,58322.32254934311,0.0014118863036856055,0.00897216796875,2.119408130645752,-0.021320359781384468,0.5332874059677124,-0.021194081753492355,-0.00012627895921468735,0.0,-0.011973928660154343,1.0289921760559082,0.7555190503110778,6.02639627456665,1.8350107669830322,6.014422416687012,2.0810835361480713,6.786163330078125,4.188406705856323,,,,,,
8789940000.0,153.2,6.900000095367432,6391222784.0,2391.5459992597007,1708.0,0.0408935546875,28000256.0,58329.17334794998,0.0010484885424375534,0.005615234375,2.177913188934326,-0.02122078835964203,0.5744170546531677,-0.021779131144285202,0.0005583390593528748,0.0,-0.09283581376075745,1.0664544105529785,0.7065664022116106,5.743230819702148,1.730933666229248,5.650395393371582,1.9687352180480957,6.850798606872559,4.199223756790161,,,,,,
8789940000.0,159.55,7.5,6391222784.0,2372.8560307672547,1709.0,0.05126953125,28016640.0,58336.078107357025,0.0013913268921896815,0.01043701171875,2.128938913345337,-0.02119150198996067,0.5074902176856995,-0.021289387717843056,9.788945317268372e-05,0.0,-0.0038972324691712856,0.9961406588554382,0.7754177148602273,5.840686798095703,1.7969348430633545,5.836789608001709,2.1020009517669678,6.904759407043457,4.197633504867554,,,,,,
8789940000.0,172.23,8.0,6391222784.0,2372.4714140738133,1710.0,0.0543212890625,28033024.0,58342.9839861393,0.000832176418043673,0.0023193359375,2.1110191345214844,-0.021052749827504158,0.5124183893203735,-0.02111019194126129,5.744025111198425e-05,0.0,0.10590823739767075,1.0051476955413818,0.7628859594870336,6.064661979675293,1.7937263250350952,6.170570373535156,2.0641980171203613,6.905878782272339,4.196409463882446,,,,,,
8789940000.0,140.15,7.300000190734863,6391222784.0,2408.2068872928517,1711.0,0.0592041015625,28049408.0,58349.78738832474,0.0008588143391534686,0.00433349609375,2.1144461631774902,-0.020811881870031357,0.5375552177429199,-0.021144460886716843,0.0003325780853629112,0.0,0.005773747339844704,1.0347973108291626,0.7631432751657907,6.141653060913086,1.8893380165100098,6.147426605224609,2.1262404918670654,6.8034021854400635,4.201516389846802,,,,,,
8789940000.0,126.16,7.900000095367432,6391222784.0,2391.3807167640616,1712.0,0.0579833984375,28065792.0,58356.63866043091,0.0015922794118523598,0.0126953125,2.125002861022949,-0.02082425355911255,0.5649264454841614,-0.021250028163194656,0.00042577367275953293,0.0,-0.005706164054572582,1.062453031539917,0.7716860733065373,6.232716083526611,1.991521954536438,6.2270097732543945,2.2235324382781982,6.851272106170654,4.18216347694397,,,,,,
8789940000.0,154.1,8.199999809265137,6391222784.0,2403.689619465613,1713.0,0.0518798828125,28082176.0,58363.45484828949,0.0007220572442747653,0.00262451171875,2.103980779647827,-0.0209934264421463,0.4249395728111267,-0.0210398081690073,4.637986421585083e-05,0.0,0.023919686675071716,0.9208436012268066,0.8038164995193002,6.074666976928711,1.8760228157043457,6.0985870361328125,2.0790014266967773,6.816187858581543,4.210472106933594,,,,,,
8789940000.0,135.75,8.300000190734863,6391222784.0,2412.49468088617,1714.0,0.042724609375,28098560.0,58370.24615859985,0.0014231440145522356,0.0113525390625,2.1327247619628906,-0.020824473351240158,0.39525824785232544,-0.021327245980501175,0.0005027744919061661,0.0,0.005195233039557934,0.8827298283576965,0.7999067547242045,5.9286675453186035,1.7976256608963013,5.933862686157227,1.9733837842941284,6.7913103103637695,4.230830192565918,,,,,,
8789940000.0,158.37,7.900000095367432,6391222784.0,2386.6290221925196,1715.0,0.0555419921875,28114944.0,58377.11107134819,0.0009122478077188134,0.004638671875,2.12744402885437,-0.021654563024640083,0.5298762917518616,-0.021274439990520477,-0.0003801225684583187,0.0,-0.0016897683963179588,1.0296698808670044,0.7651591194605812,6.3152971267700195,1.918941855430603,6.313607215881348,2.124765634536743,6.864912748336792,4.206920146942139,,,,,,
8789940000.0,172.98,7.599999904632568,6391222784.0,2405.4188119464816,1716.0,0.0494384765625,28131328.0,58383.922359228134,0.0012098288862034678,0.0050048828125,2.1513254642486572,-0.022339053452014923,0.46210551261901855,-0.021513253450393677,-0.0008257990702986717,0.0,-0.008580333553254604,0.9621975421905518,0.7999567129957827,6.0668134689331055,1.8923866748809814,6.058233737945557,2.15130615234375,6.811287879943848,4.216185092926025,,,,,,
8789940000.0,166.88,8.300000190734863,6391222784.0,2455.3964209466203,1717.0,0.045166015625,28147712.0,58390.5950088501,0.0013115141773596406,0.00836181640625,2.122753620147705,-0.020915884524583817,0.41830015182495117,-0.021227534860372543,0.00031165359541773796,0.0,0.03913863003253937,0.9161475896835327,0.7848001236771217,5.855072975158691,1.792360782623291,5.8942108154296875,1.9748964309692383,6.672649621963501,4.201668977737427,,,,,,
8789940000.0,153.24,7.800000190734863,6391222784.0,2453.513972747079,1718.0,0.045166015625,28164096.0,58397.27277803421,0.001141148735769093,0.00665283203125,2.0552315711975098,-0.019618798047304153,0.43997302651405334,-0.020552316680550575,0.0009335195645689964,0.0,0.01249682903289795,0.9361072182655334,0.7797715049258587,5.761641502380371,1.7637653350830078,5.774138450622559,1.9947515726089478,6.677769184112549,4.220041036605835,,,,,,
8789940000.0,169.53,8.399999618530273,6391222784.0,2453.1996216074986,1719.0,0.0482177734375,28180480.0,58403.9514029026,0.0028221593238413334,0.0328369140625,2.057907819747925,-0.020757153630256653,0.4225350022315979,-0.020579079166054726,-0.00017807446420192719,0.0,0.05419810488820076,0.9178979992866516,0.790574259205463,5.854380130767822,1.7886133193969727,5.908578872680664,2.005763292312622,6.678624868392944,4.1987144947052,,,,,,
8789940000.0,137.44,7.5,6391222784.0,2382.1502354419163,1720.0,0.0506591796875,28196864.0,58410.82922267914,0.0011845006374642253,0.007568359375,2.0709733963012695,-0.020611604675650597,0.5636204481124878,-0.020709732547402382,9.813462384045124e-05,0.0,-0.02392696589231491,1.057129144668579,0.7582300873945493,6.029995441436768,1.9007527828216553,6.006068229675293,2.1499412059783936,6.877819776535034,4.275193452835083,,,,,,
8789940000.0,152.2,7.400000095367432,6391222784.0,2409.32756025258,1721.0,0.0604248046875,28213248.0,58417.62946033478,0.0013640655670315027,0.00885009765625,2.0560736656188965,-0.01921851560473442,0.6496167778968811,-0.02056073769927025,0.0013422202318906784,0.0,0.0234969574958086,1.1431922912597656,0.7478262389721635,6.184351921081543,1.964074969291687,6.207849025726318,2.2765085697174072,6.800237655639648,4.202211380004883,,,,,,
8789940000.0,124.15,8.0,6391222784.0,2386.2709182615426,1722.0,0.068359375,28229632.0,58424.495403289795,0.002066866960376501,0.018798828125,2.0311145782470703,-0.01972372457385063,0.6108156442642212,-0.0203111432492733,0.0005874224007129669,0.0,0.0027225418016314507,1.103549838066101,0.7472137318727463,6.524773597717285,1.9451769590377808,6.527496337890625,2.1949024200439453,6.86594295501709,4.191129207611084,,,,,,
8789940000.0,89.15,8.0,6391222784.0,2402.847967728303,1723.0,0.0787353515625,28246016.0,58431.31397867203,0.0009276721393689513,0.00531005859375,1.9802734851837158,-0.019648682326078415,0.7335594892501831,-0.01980273425579071,0.00015405379235744476,0.0,-0.027707498520612717,1.2077676057815552,0.7221734109015185,6.604339599609375,1.9905563592910767,6.576632499694824,2.2913777828216553,6.818575382232666,4.285228729248047,,,,,,
8789940000.0,92.35,7.900000095367432,6391222784.0,2386.2041327064617,1724.0,0.08056640625,28262400.0,58438.18011379242,0.0008816937333904207,0.0062255859375,2.0528669357299805,-0.020175054669380188,0.6640331745147705,-0.020528670400381088,0.0003536150325089693,0.0,0.10692324489355087,1.15212881565094,0.7439004596982972,6.486588478088379,1.9731515645980835,6.593511581420898,2.2766506671905518,6.866135120391846,4.187486410140991,,,,,,
8789940000.0,86.91,7.5,6391222784.0,2405.0594245641523,1725.0,0.0811767578125,28278784.0,58444.99241948128,0.0009658195776864886,0.007080078125,2.0265817642211914,-0.020488711073994637,0.7733945250511169,-0.020265817642211914,-0.00022288993932306767,0.0,-0.01116458885371685,1.2459123134613037,0.7321109917334034,6.722908973693848,2.0379698276519775,6.7117438316345215,2.4071881771087646,6.812305688858032,4.2130537033081055,,,,,,
8789940000.0,95.33,7.699999809265137,6391222784.0,2410.7502295001177,1726.0,0.089111328125,28295168.0,58451.788644075394,0.000905756838619709,0.00518798828125,2.0110981464385986,-0.019214540719985962,0.8579789400100708,-0.020110981538891792,0.0008964370936155319,0.0,-0.05639398843050003,1.3065115213394165,0.7239533265100914,6.639988899230957,2.1160385608673096,6.583595275878906,2.486692428588867,6.796224594116211,4.181459188461304,,,,,,
8789940000.0,97.15,7.199999809265137,6391222784.0,2316.499661994776,1727.0,0.09033203125,28311552.0,58458.861384153366,0.0007801427855156362,0.0035400390625,2.0202174186706543,-0.020205652341246605,0.8284534811973572,-0.02020217292010784,-3.4796539694070816e-06,0.0,-0.05218679457902908,1.2780988216400146,0.7223816726122259,6.565582275390625,2.0775840282440186,6.5133957862854,2.425719738006592,7.072740077972412,4.201838493347168,,,,,,
,,,,,,,,,,,,,,,,,,,,,,,,,,0.019056744873523712,0.5714560747146606,0.5291491746902466,0.019056744873523712,0.5714560747146606,0.5291491746902466
,,,,,,,,,,,,,,,,,,,,,,,,,,0.01877288892865181,0.519883930683136,0.49234893918037415,0.01877288892865181,0.519883930683136,0.49234893918037415
,,,,,,,,,,,,,,,,,,,,,,,,,,0.017512083053588867,0.4898979961872101,0.46607881784439087,0.017512083053588867,0.4898979961872101,0.46607881784439087
,,,,,,,,,,,,,,,,,,,,,,,,,,0.0174501184374094,0.46842485666275024,0.4466526508331299,0.0174501184374094,0.46842485666275024,0.4466526508331299
,,,,,,,,,,,,,,,,,,,,,,,,,,0.017411235719919205,0.4498401880264282,0.42816653847694397,0.017411235719919205,0.4498401880264282,0.42816653847694397
,,,,,,,,,,,,,,,,,,,,,,,,,,0.017665328457951546,0.43476152420043945,0.4114535450935364,0.017665328457951546,0.43476152420043945,0.4114535450935364
8789940000.0,98.62,7.400000095367432,6188634112.0,18.44920353214055,1728.0,0.0836181640625,28327936.0,59346.921401023865,0.0005629806546494365,0.00189208984375,2.0511558055877686,-0.020240606740117073,0.7514567375183105,-0.020511560142040253,0.0002709534019231796,0.0,0.025393981486558914,1.222353458404541,0.7516498147085269,6.550724983215332,2.1926944255828857,6.5761189460754395,2.4528133869171143,888.0600168704987,4.203725814819336,,,,,,
8789940000.0,96.54,7.800000190734863,6391222784.0,2407.6522981657627,1729.0,0.081787109375,28344320.0,59353.726370334625,0.001179438317194581,0.0040283203125,2.034738540649414,-0.020395059138536453,0.7468395233154297,-0.020347384735941887,-4.767067730426788e-05,0.0,0.01750359870493412,1.214726209640503,0.7335787726751618,6.710035800933838,2.0928988456726074,6.727539539337158,2.3533904552459717,6.804969310760498,4.200943231582642,,,,,,
8789940000.0,94.87,8.800000190734863,6391222784.0,2445.9922345562104,1730.0,0.0970458984375,28360704.0,59360.424674510956,0.0016868978273123503,0.00970458984375,1.9851570129394531,-0.019973618909716606,0.608535647392273,-0.019851569086313248,-0.00012204796075820923,0.0,0.14925894141197205,1.0985194444656372,0.7458089526722229,6.820432186126709,2.021923303604126,6.969691276550293,2.1788525581359863,6.698304176330566,4.200352430343628,,,,,,
8789940000.0,88.81,7.900000095367432,6391222784.0,2427.240140754156,1731.0,0.0909423828125,28377088.0,59367.1747276783,0.000849777483381331,0.002197265625,1.8707246780395508,-0.018941346555948257,0.7995867133140564,-0.01870724745094776,-0.00023410096764564514,0.0,-0.08730100095272064,1.2602802515029907,0.7363856172094532,7.042268753051758,2.124221086502075,6.954967975616455,2.4546122550964355,6.75005316734314,4.199650287628174,,,,,,
8789940000.0,88.7,8.199999809265137,6391222784.0,2457.1808917975445,1732.0,0.101318359375,28393472.0,59373.84253144264,0.0007437961176037788,0.00433349609375,1.850606083869934,-0.01832432672381401,0.7933423519134521,-0.018506061285734177,0.0001817340962588787,0.0,0.0922233909368515,1.256551742553711,0.6941231535329944,6.977739334106445,1.9642424583435059,7.069963455200195,2.2719948291778564,6.667803764343262,4.1860926151275635,,,,,,
8789940000.0,85.78,7.800000190734863,6391222784.0,2440.19815099608,1733.0,0.1055908203125,28409856.0,59380.556740283966,0.001204555039294064,0.00787353515625,1.8108019828796387,-0.0184073057025671,0.8252712488174438,-0.018108021467924118,-0.00029928330332040787,0.0,0.018974436447024345,1.2859615087509155,0.6979106042762192,7.1382856369018555,2.0041511058807373,7.157259941101074,2.3396999835968018,6.7142088413238525,4.189907789230347,,,,,,
8789940000.0,76.66,8.399999618530273,6391222784.0,2431.1709887204056,1734.0,0.1104736328125,28426240.0,59387.29587960243,0.000708503182977438,0.00225830078125,1.8156383037567139,-0.018056517466902733,0.7965488433837891,-0.0181563850492239,9.986571967601776e-05,0.0,0.07329867780208588,1.2621591091156006,0.6838680605603231,7.322759628295898,2.000861167907715,7.396058082580566,2.2448105812072754,6.7391393184661865,4.188317775726318,,,,,,
8789940000.0,69.84,8.5,6391222784.0,2436.0182912619516,1735.0,0.103759765625,28442624.0,59394.02160906792,0.0005258090095594525,0.00238037109375,1.834792971611023,-0.017880892381072044,0.696975827217102,-0.018347930163145065,0.00046703778207302094,0.0,0.050993308424949646,1.1810357570648193,0.7282616856828139,7.185335636138916,1.9868972301483154,7.236328601837158,2.265622615814209,6.725729465484619,4.199553728103638,,,,,,
8789940000.0,81.93,8.100000381469727,6391222784.0,2442.053791974807,1736.0,0.1019287109375,28459008.0,59400.73071599007,0.0010003614006564021,0.00665283203125,1.8132617473602295,-0.017733365297317505,0.8607585430145264,-0.018132615834474564,0.0003992505371570587,0.0,-0.08218660950660706,1.313477873802185,0.6697595454321112,7.325559616088867,1.931336522102356,7.243373394012451,2.2856390476226807,6.709106922149658,4.193126440048218,,,,,,
8789940000.0,75.18,8.399999618530273,6391222784.0,2453.6303968273946,1737.0,0.10986328125,28475392.0,59407.40816831589,0.0007381362374871969,0.00433349609375,1.7976101636886597,-0.01798265241086483,0.8575801849365234,-0.017976101487874985,-6.553833372890949e-06,0.0,0.04461630433797836,1.3092178106307983,0.6727197650824077,7.222850322723389,1.9585515260696411,7.2674665451049805,2.288506507873535,6.677452325820923,4.1935648918151855,,,,,,
8789940000.0,94.82,8.300000190734863,6391222784.0,2438.9701539047314,1738.0,0.1007080078125,28491776.0,59414.125757694244,0.0016307267360389233,0.0128173828125,1.8608733415603638,-0.018844783306121826,0.7941938042640686,-0.018608730286359787,-0.00023604929447174072,0.0,-0.02653040550649166,1.2558789253234863,0.6937264393430604,7.198957443237305,1.8726119995117188,7.172426223754883,2.2693045139312744,6.717589378356934,4.199320077896118,,,,,,
8789940000.0,81.58,8.399999618530273,6391222784.0,2432.669095011886,1739.0,0.106201171875,28508160.0,59420.860746860504,0.0017983326688408852,0.010498046875,1.904698133468628,-0.019869698211550713,0.7703090906143188,-0.019046980887651443,-0.0008227173238992691,0.0,0.037523746490478516,1.238959789276123,0.6834312349288107,7.186094284057617,1.849334716796875,7.223618030548096,2.2020299434661865,6.734989166259766,4.188502073287964,,,,,,
8789940000.0,86.68,7.5,6391222784.0,2401.2092212726952,1740.0,0.0982666015625,28524544.0,59427.683975696564,0.0009783587884157896,0.00469970703125,1.9054738283157349,-0.01892217993736267,0.9075331091880798,-0.01905473694205284,0.00013255979865789413,0.0,-0.06086317077279091,1.3419560194015503,0.664061549273526,7.061027526855469,1.8691246509552002,7.00016450881958,2.3153066635131836,6.82322883605957,4.188001394271851,,,,,,
8789940000.0,77.66,7.699999809265137,6391222784.0,2381.050406583391,1741.0,0.086669921875,28540928.0,59434.564972400665,0.000977211631834507,0.00482177734375,1.9466698169708252,-0.019315991550683975,0.8338713645935059,-0.019466696307063103,0.0001507038250565529,0.0,-0.11706558614969254,1.2943065166473389,0.6971036831190387,6.922020435333252,1.8964067697525024,6.80495548248291,2.351746082305908,6.8809967041015625,4.214663982391357,,,,,,
8789940000.0,87.69,7.900000095367432,6391222784.0,2392.9333249250385,1742.0,0.0946044921875,28557312.0,59441.41179919243,0.000892173673491925,0.00555419921875,1.9990652799606323,-0.02006916143000126,0.7823044657707214,-0.019990652799606323,-7.851049304008484e-05,0.0,0.001101336907595396,1.2518608570098877,0.7175984930056423,6.816214084625244,1.9699435234069824,6.817315578460693,2.3557145595550537,6.846826791763306,4.204385995864868,,,,,,
8789940000.0,71.7,8.199999809265137,6391222784.0,2424.7324856467058,1743.0,0.101318359375,28573696.0,59448.16883325577,0.0006139334291219711,0.0037841796875,1.9930263757705688,-0.01973341591656208,0.7141826748847961,-0.019930263981223106,0.0001968472497537732,0.0,0.02392851561307907,1.1951305866241455,0.7464445395792205,6.947416305541992,2.0207736492156982,6.971344470977783,2.3734421730041504,6.757034063339233,4.185948610305786,,,,,,
8789940000.0,79.9,8.0,6391222784.0,2405.077185156305,1744.0,0.0982666015625,28590080.0,59454.981088638306,0.0008522290154360235,0.0042724609375,1.9995183944702148,-0.0201245304197073,0.7833983302116394,-0.019995182752609253,-0.00012934813275933266,0.0,-0.010244859382510185,1.2512893676757812,0.7068647730709583,7.111743450164795,1.999767541885376,7.101498603820801,2.311126708984375,6.812255382537842,4.258119106292725,,,,,,
8789940000.0,92.39,8.600000381469727,6391222784.0,2427.57411491076,1745.0,0.0909423828125,28606464.0,59461.73021316528,0.0013399464078247547,0.0072021484375,2.043001174926758,-0.02084186300635338,0.7026989459991455,-0.020430009812116623,-0.00041185226291418076,0.0,0.0597366988658905,1.1843805313110352,0.7199629192772644,6.890890598297119,1.965543508529663,6.950627326965332,2.2381210327148438,6.749124526977539,4.200089931488037,,,,,,
8789940000.0,104.47,7.5,6391222784.0,2419.1815498686283,1746.0,0.0665283203125,28622848.0,59468.50275158882,0.002306621987372637,0.02008056640625,2.1445865631103516,-0.021872054785490036,0.5693972110748291,-0.02144586481153965,-0.0004261918365955353,0.0,-0.054766688495874405,1.0651088953018188,0.7357332559235625,6.5704121589660645,1.8048725128173828,6.5156450271606445,2.0719168186187744,6.772538423538208,4.19453501701355,,,,,,
8789940000.0,129.68,7.900000095367432,6391222784.0,2420.4766535288823,1747.0,0.0555419921875,28639232.0,59475.271666288376,0.0007191384211182594,0.001953125,2.1670470237731934,-0.021522432565689087,0.5075498819351196,-0.021670471876859665,0.00014804117381572723,0.0,-0.009703793562948704,1.0083966255187988,0.7468920757434308,6.493367671966553,1.729806900024414,6.483664035797119,2.0043723583221436,6.768914699554443,4.222188949584961,,,,,,
8789940000.0,147.0,8.100000381469727,6391222784.0,2427.7544734419407,1748.0,0.05615234375,28655616.0,59482.02028942108,0.0014173913514241576,0.01165771484375,2.1366307735443115,-0.021325284615159035,0.49654528498649597,-0.021366309374570847,4.1023362427949905e-05,0.0,0.05588802695274353,0.9952921867370605,0.7491205957433529,6.53952693939209,1.7619752883911133,6.595415115356445,1.9870918989181519,6.7486231327056885,4.198883533477783,,,,,,
8789940000.0,112.07,7.699999809265137,6391222784.0,2457.3255189405386,1749.0,0.0634765625,28672000.0,59488.68770074844,0.0012646028771996498,0.0076904296875,2.134965419769287,-0.02098815143108368,0.5760080218315125,-0.021349653601646423,0.00036150217056274414,0.0,-0.011065124534070492,1.0690706968307495,0.7345403857736523,6.545476913452148,1.8217520713806152,6.534411907196045,2.0749478340148926,6.6674113273620605,4.19617486000061,,,,,,
8789940000.0,108.85,8.199999809265137,6391222784.0,2437.191626537403,1750.0,0.074462890625,28688384.0,59495.410192251205,0.0012524555204436183,0.006591796875,2.0736875534057617,-0.021199140697717667,0.6518776416778564,-0.020736875012516975,-0.00046226754784584045,0.0,-0.02718307077884674,1.1370635032653809,0.7367302666536799,6.727896213531494,1.8828285932540894,6.700713157653809,2.2160747051239014,6.722491502761841,4.196129560470581,,,,,,
8789940000.0,97.74,8.5,6391222784.0,2409.469481270089,1751.0,0.081787109375,28704768.0,59502.21002936363,0.0009104465134441853,0.0037841796875,2.0324554443359375,-0.02013653889298439,0.6163082122802734,-0.020324554294347763,0.0001880154013633728,0.0,0.00875803641974926,1.1109503507614136,0.749338210907087,6.7642822265625,1.8773177862167358,6.773039817810059,2.218966245651245,6.799837112426758,4.318536996841431,,,,,,
8789940000.0,105.14,8.0,6391222784.0,2404.5393491409673,1752.0,0.0848388671875,28721152.0,59509.02380847931,0.001156291225925088,0.0068359375,2.051785945892334,-0.020464275032281876,0.7326781749725342,-0.020517859607934952,5.358387716114521e-05,0.0,0.028690993785858154,1.2092586755752563,0.7121242272341332,6.732696533203125,1.908825159072876,6.761387825012207,2.2538063526153564,6.81377911567688,4.207720756530762,,,,,,
8789940000.0,80.34,8.300000190734863,6391222784.0,2422.8115770518652,1753.0,0.0836181640625,28737536.0,59515.78619980812,0.0011085991282016039,0.00653076171875,2.0655016899108887,-0.019817402586340904,0.693806529045105,-0.020655013620853424,0.0008376110345125198,0.0,-0.022430960088968277,1.1756501197814941,0.7313727157204293,6.728582859039307,1.9144207239151,6.706151962280273,2.2683143615722656,6.7623913288116455,4.20332145690918,,,,,,
8789940000.0,78.34,7.900000095367432,6391222784.0,2442.873464447531,1754.0,0.0811767578125,28753920.0,59522.49305558205,0.003539152443408966,0.03216552734375,2.106572151184082,-0.019723329693078995,0.6663534641265869,-0.021065719425678253,0.0013423934578895569,0.0,-0.005314591806381941,1.1523891687393188,0.7418130384837542,6.714925765991211,1.9361830949783325,6.709611892700195,2.2679431438446045,6.706855773925781,4.198400259017944,,,,,,
8789940000.0,102.4,7.800000190734863,6391222784.0,2385.4532597387165,1755.0,0.0689697265625,28770304.0,59529.36135196686,0.0011984949233010411,0.005615234375,2.125154495239258,-0.020427225157618523,0.5740411281585693,-0.02125154435634613,0.0008243117481470108,0.0,0.023939043283462524,1.061704158782959,0.7419727984389773,6.515756130218506,1.8326164484024048,6.539694786071777,2.0901167392730713,6.868296384811401,4.19655179977417,,,,,,
8789940000.0,108.53,7.900000095367432,6391222784.0,2361.6977524865547,1756.0,0.0665283203125,28786688.0,59536.29873418808,0.0006266889395192266,0.0032958984375,2.1272356510162354,-0.020835766568779945,0.586033046245575,-0.02127235382795334,0.0004365891218185425,0.0,-0.03741287440061569,1.0839169025421143,0.7479389254534563,6.65800666809082,1.866064429283142,6.620594024658203,2.1589531898498535,6.937382221221924,4.1988160610198975,,,,,,
8789940000.0,136.59,7.699999809265137,6391222784.0,2337.874285092196,1757.0,0.068359375,28803072.0,59543.30680990219,0.0008859268855303526,0.0030517578125,2.1273419857025146,-0.021102413535118103,0.599083662033081,-0.02127341739833355,0.00017100595869123936,0.0,-0.027950074523687363,1.0950639247894287,0.7397692959539077,6.720968723297119,1.8682386875152588,6.693018913269043,2.1466457843780518,7.008075714111328,4.209285736083984,,,,,,
8789940000.0,95.54,7.800000190734863,6391222784.0,2395.0965926598724,1758.0,0.07568359375,28819456.0,59550.14745259285,0.0011165764881297946,0.00653076171875,2.1306982040405273,-0.020702984184026718,0.578576922416687,-0.021306980401277542,0.0006039952859282494,0.0,-0.031280118972063065,1.0744057893753052,0.7499369305979493,6.611173152923584,1.859506607055664,6.579893112182617,2.148541212081909,6.840642690658569,4.200322389602661,,,,,,
8789940000.0,119.8,8.399999618530273,6391222784.0,2404.975928044476,1759.0,0.0714111328125,28835840.0,59556.95999479294,0.0007734723039902747,0.00274658203125,2.109872579574585,-0.021026406437158585,0.5425382852554321,-0.021098725497722626,7.231812924146652e-05,0.0,0.06443698704242706,1.0363516807556152,0.7634228722661999,6.492208003997803,1.8582825660705566,6.556644916534424,2.130692958831787,6.812542200088501,4.23015022277832,,,,,,
,,,,,,,,,,,,,,,,,,,,,,,,,,0.020801974460482597,0.7342373132705688,0.6839552521705627,0.020801974460482597,0.7342373132705688,0.6839552521705627
,,,,,,,,,,,,,,,,,,,,,,,,,,0.019512977451086044,0.6694888472557068,0.6355332136154175,0.019512977451086044,0.6694888472557068,0.6355332136154175
,,,,,,,,,,,,,,,,,,,,,,,,,,0.01832462288439274,0.6350984573364258,0.6022048592567444,0.01832462288439274,0.6350984573364258,0.6022048592567444
,,,,,,,,,,,,,,,,,,,,,,,,,,0.018690545111894608,0.6079790592193604,0.5769614577293396,0.018690545111894608,0.6079790592193604,0.5769614577293396
,,,,,,,,,,,,,,,,,,,,,,,,,,0.01926894299685955,0.5826650261878967,0.5530760884284973,0.01926894299685955,0.5826650261878967,0.5530760884284973
,,,,,,,,,,,,,,,,,,,,,,,,,,0.019034493714571,0.5638787150382996,0.5336499810218811,0.019034493714571,0.5638787150382996,0.5336499810218811
8789940000.0,107.24,8.0,6188634112.0,18.453027845420472,1760.0,0.0799560546875,28852224.0,60444.83596491814,0.000964218401350081,0.0028076171875,2.069544792175293,-0.020429592579603195,0.6564980745315552,-0.02069544978439808,0.0002658558078110218,0.0,-0.034884609282016754,1.1460788249969482,0.7299262678682207,6.710050582885742,1.9027763605117798,6.67516565322876,2.2053284645080566,887.8759701251984,4.203725337982178,,,,,,
8789940000.0,96.6,7.699999809265137,6391222784.0,2415.0700087807018,1761.0,0.0811767578125,28868608.0,60451.62003326416,0.0004995143390260637,0.0013427734375,2.0721426010131836,-0.02061033993959427,0.764214277267456,-0.020721426233649254,0.00011108489707112312,0.0,-0.06376400589942932,1.234553575515747,0.7042365479123878,6.810673713684082,1.9208205938339233,6.746909141540527,2.2700605392456055,6.78406834602356,4.206637382507324,,,,,,
8789940000.0,96.42,7.699999809265137,6391222784.0,2415.2913829781887,1762.0,0.076904296875,28884992.0,60458.40347981453,0.0011317732278257608,0.0074462890625,2.047023296356201,-0.021048465743660927,0.7355378270149231,-0.020470231771469116,-0.0005782339721918106,0.0,-0.0421181321144104,1.209380865097046,0.6944217842035617,6.728982448577881,1.8455331325531006,6.686864376068115,2.187772035598755,6.783446550369263,4.184078931808472,,,,,,
8789940000.0,79.37,8.399999618530273,6391222784.0,2466.9504112985464,1763.0,0.093994140625,28901376.0,60465.04487800598,0.0009412657818756998,0.00506591796875,2.0386126041412354,-0.020052606239914894,0.693903923034668,-0.02038612589240074,0.00033351778984069824,0.0,0.05930117517709732,1.1802057027816772,0.7219051403979102,6.766600608825684,1.9290062189102173,6.825901985168457,2.2380051612854004,6.641398191452026,4.18955659866333,,,,,,
8789940000.0,113.54,7.300000190734863,6391222784.0,2402.959548917139,1764.0,0.069580078125,28917760.0,60471.86313676834,0.0005262518534436822,0.00152587890625,2.0860788822174072,-0.020668473094701767,0.59978187084198,-0.020860789343714714,0.00019231531769037247,0.0,-0.02992844022810459,1.0919990539550781,0.7299940284991276,6.534377098083496,1.7985209226608276,6.504448890686035,2.1015307903289795,6.818258762359619,4.194130897521973,,,,,,
8789940000.0,114.9,8.0,6391222784.0,2426.607428180154,1765.0,0.0689697265625,28934144.0,60478.614949941635,0.0009146397933363914,0.00518798828125,2.0768649578094482,-0.020667366683483124,0.5991355776786804,-0.020768649876117706,0.00010127527639269829,0.0,-0.01999817043542862,1.090550184249878,0.7299058718898446,6.5594377517700195,1.8403618335723877,6.539439678192139,2.098400354385376,6.751813173294067,4.177983522415161,,,,,,
8789940000.0,98.97,8.199999809265137,6391222784.0,2432.3973417857187,1766.0,0.07080078125,28950528.0,60485.35069155693,0.0008553768275305629,0.00457763671875,2.100682258605957,-0.020395774394273758,0.622033953666687,-0.02100682444870472,0.0006110481917858124,0.0,0.023755431175231934,1.1080384254455566,0.7288874076711054,6.509978294372559,1.8298624753952026,6.53373384475708,2.128040075302124,6.73574161529541,4.190012454986572,,,,,,
8789940000.0,119.16,8.0,6391222784.0,2436.9056401816174,1767.0,0.07568359375,28966912.0,60492.07397198677,0.0005490666953846812,0.00189208984375,2.10241436958313,-0.021104389801621437,0.6065131425857544,-0.02102414332330227,-8.024461567401886e-05,0.0,-0.0038689980283379555,1.099698543548584,0.7450846950868463,6.6383795738220215,1.8757365942001343,6.634510517120361,2.1780893802642822,6.723280429840088,4.200483322143555,,,,,,
8789940000.0,101.69,8.199999809265137,6391222784.0,2424.168378542842,1768.0,0.0726318359375,28983296.0,60498.83257842064,0.0011331192217767239,0.0069580078125,2.1254827976226807,-0.0204183179885149,0.5510461926460266,-0.021254828199744225,0.000836507068015635,0.0,0.043689023703336716,1.0519213676452637,0.7502226436018877,6.633126735687256,1.8798531293869019,6.676815986633301,2.104780435562134,6.758606433868408,4.190962076187134,,,,,,
8789940000.0,128.7,8.100000381469727,6391222784.0,2422.0917859940137,1769.0,0.074462890625,28999680.0,60505.596979379654,0.0011291512055322528,0.0084228515625,2.0874781608581543,-0.020614322274923325,0.694527268409729,-0.020874779671430588,0.0002604557666927576,0.0,-0.039714276790618896,1.1716340780258179,0.6969406070520902,6.8333234786987305,1.8377776145935059,6.793609142303467,2.1282765865325928,6.764400959014893,4.206154823303223,,,,,,
8789940000.0,133.79,8.0,6391222784.0,2388.9345300762784,1770.0,0.0628662109375,29016064.0,60512.455266952515,0.0013281956780701876,0.0081787109375,2.1352529525756836,-0.020610343664884567,0.51506507396698,-0.021352529525756836,0.0007421849295496941,0.0,0.045203033834695816,1.0145859718322754,0.7535534487852287,6.486349105834961,1.7753740549087524,6.531552314758301,2.0437493324279785,6.858287572860718,4.1984477043151855,,,,,,
8789940000.0,114.14,7.5,6391222784.0,2387.0092056516833,1771.0,0.0567626953125,29032448.0,60519.31908631325,0.0015703587559983134,0.01287841796875,2.136991024017334,-0.02124980092048645,0.5194364786148071,-0.02136990986764431,0.00012011057697236538,0.0,-0.0786895677447319,1.0159357786178589,0.7548748015227543,6.526689529418945,1.7232656478881836,6.447999954223633,2.0519750118255615,6.863819360733032,4.192701101303101,,,,,,
8789940000.0,116.65,8.5,6391222784.0,2426.986656133634,1772.0,0.0677490234375,29048832.0,60526.06984448433,0.002349392045289278,0.01800537109375,2.1659188270568848,-0.0204574316740036,0.488591730594635,-0.021659187972545624,0.0012017576955258846,0.0,0.04451631009578705,0.9810141324996948,0.7637246844465271,6.50123405456543,1.7706328630447388,6.545750617980957,2.0182085037231445,6.750758171081543,4.192884922027588,,,,,,
8789940000.0,139.48,7.900000095367432,6391222784.0,2389.107531378135,1773.0,0.0640869140625,29065216.0,60532.92763543129,0.0022865859791636467,0.02081298828125,2.1417107582092285,-0.020962979644536972,0.5717883706092834,-0.021417107433080673,0.0004541296511888504,0.0,-0.015132314525544643,1.069036602973938,0.7364691056151711,6.34345817565918,1.7992428541183472,6.328326225280762,2.082460880279541,6.857790946960449,4.191534042358398,,,,,,
8789940000.0,145.53,8.100000381469727,6391222784.0,2406.818659403006,1774.0,0.0469970703125,29081600.0,60539.73496174812,0.0013060718774795532,0.00994873046875,2.172987461090088,-0.02080380730330944,0.44921228289604187,-0.02172987535595894,0.0009260678198188543,0.0,0.024384090676903725,0.9456595182418823,0.7668794515516326,6.291049480438232,1.7586984634399414,6.315433502197266,1.958593487739563,6.807326316833496,4.194957256317139,,,,,,
8789940000.0,131.4,8.100000381469727,6391222784.0,2464.057960592127,1775.0,0.06591796875,29097984.0,60546.38415598869,0.0013006054796278477,0.00927734375,2.1662728786468506,-0.02149340882897377,0.5393909811973572,-0.021662728860974312,0.00016932631842792034,0.0,0.021269753575325012,1.0344291925430298,0.7553823619257013,6.492657661437988,1.8238860368728638,6.513927459716797,2.0914947986602783,6.649194240570068,4.198693752288818,,,,,,
8789940000.0,135.7,7.400000095367432,6391222784.0,2413.561535206815,1776.0,0.057373046875,29114368.0,60553.17246437073,0.0017636176198720932,0.01318359375,2.132085084915161,-0.02159317582845688,0.5214038491249084,-0.021320851519703865,-0.0002723243087530136,0.0,-0.08678121864795685,1.0258259773254395,0.7560450367453797,6.624290466308594,1.8099071979522705,6.537509441375732,2.076916217803955,6.788308382034302,4.187447547912598,,,,,,
8789940000.0,152.17,7.599999904632568,6391222784.0,2339.043010842357,1777.0,0.057373046875,29130752.0,60560.17703843117,0.0015529044903814793,0.010498046875,2.117450475692749,-0.020351530984044075,0.5994950532913208,-0.021174507215619087,0.000822974368929863,0.0,-0.022251378744840622,1.08767569065094,0.7300407613246573,6.403500556945801,1.7679798603057861,6.381248950958252,2.0933916568756104,7.0045740604400635,4.188992261886597,,,,,,
8789940000.0,106.63,7.699999809265137,6391222784.0,2437.593624721871,1778.0,0.072021484375,29147136.0,60566.89842128754,0.0011800802312791348,0.00689697265625,2.0744104385375977,-0.020555682480335236,0.6344822645187378,-0.02074410580098629,0.00018842145800590515,0.0,0.0477399006485939,1.124413013458252,0.7343980020443401,6.482169151306152,1.8888804912567139,6.529909133911133,2.181776762008667,6.7213828563690186,4.201152563095093,,,,,,
8789940000.0,126.75,7.800000190734863,6391222784.0,2429.873440039959,1779.0,0.0689697265625,29163520.0,60573.641159296036,0.0009921285090968013,0.00555419921875,2.081900119781494,-0.02079286053776741,0.596913754940033,-0.02081899903714657,2.6137568056583405e-05,0.0,0.020906561985611916,1.088391661643982,0.7548600848841353,6.49442195892334,1.8889553546905518,6.515328407287598,2.1982555389404297,6.7427380084991455,4.208700180053711,,,,,,
8789940000.0,106.25,7.400000095367432,6391222784.0,2362.05541963169,1780.0,0.0787353515625,29179904.0,60580.577491045,0.0010736247058957815,0.00567626953125,2.0290398597717285,-0.020377252250909805,0.7395451664924622,-0.020290400832891464,-8.68507195264101e-05,0.0,-0.09537287056446075,1.2165509462356567,0.7160939200871383,6.694859504699707,1.9210869073867798,6.599486351013184,2.2831943035125732,6.936331748962402,4.339441776275635,,,,,,
8789940000.0,105.59,8.199999809265137,6391222784.0,2429.4312113087067,1781.0,0.0714111328125,29196288.0,60587.32145643234,0.0017426335252821445,0.0120849609375,2.044175863265991,-0.020340899005532265,0.5674887299537659,-0.020441757515072823,0.00010086223483085632,0.0,0.07744394242763519,1.062307357788086,0.756727260245603,6.5081706047058105,1.846941590309143,6.585615158081055,2.1537909507751465,6.74396538734436,4.196191072463989,,,,,,
8789940000.0,110.28,7.900000095367432,6391222784.0,2439.33974805532,1782.0,0.0665283203125,29212672.0,60594.038028001785,0.0009395036613568664,0.00567626953125,2.1051714420318604,-0.021022740751504898,0.5623965263366699,-0.021051712334156036,2.897297963500023e-05,0.0,-0.03343025594949722,1.0579328536987305,0.7620230501066114,6.647592067718506,1.8792893886566162,6.614161968231201,2.1686553955078125,6.716571569442749,4.173327684402466,,,,,,
8789940000.0,106.88,8.0,6391222784.0,2392.147484116657,1783.0,0.064697265625,29229056.0,60600.887104034424,0.0015575159341096878,0.0107421875,2.107274293899536,-0.02059851586818695,0.5207544565200806,-0.021072741597890854,0.0004742230521515012,0.0,-0.006679719313979149,1.01901376247406,0.7716592513920443,6.449005603790283,1.8597548007965088,6.442326545715332,2.1324973106384277,6.84907603263855,4.192647695541382,,,,,,
8789940000.0,125.99,7.699999809265137,6391222784.0,2397.095861925948,1784.0,0.0616455078125,29245440.0,60607.722041368484,0.0019404087215662003,0.01568603515625,2.114758014678955,-0.020183997228741646,0.5672834515571594,-0.021147578954696655,0.0009635798633098602,0.0,-0.009129824116826057,1.0660624504089355,0.7459291572986398,6.479540824890137,1.8581615686416626,6.4704108238220215,2.1149747371673584,6.834937334060669,4.221930503845215,,,,,,
8789940000.0,127.98,7.300000190734863,6391222784.0,2410.6889166435167,1785.0,0.0537109375,29261824.0,60614.51843881607,0.0018363847630098462,0.0133056640625,2.141239643096924,-0.02130310982465744,0.6162916421890259,-0.02141239494085312,0.00010928791016340256,0.0,-0.07466433942317963,1.1020252704620361,0.7349580646151332,6.309822082519531,1.8647347688674927,6.2351579666137695,2.140594720840454,6.79639744758606,4.204448461532593,,,,,,
8789940000.0,133.4,7.900000095367432,6391222784.0,2367.3008477840144,1786.0,0.07080078125,29278208.0,60621.43940114975,0.0011625431943684816,0.00531005859375,2.126577854156494,-0.021696973592042923,0.553295910358429,-0.021265776827931404,-0.0004311933880671859,0.0,-0.007591525092720985,1.0527970790863037,0.7772182850916775,6.5215301513671875,1.9181715250015259,6.513938903808594,2.23051381111145,6.920962333679199,4.200922250747681,,,,,,
8789940000.0,98.97,7.800000190734863,6391222784.0,2385.0365697748593,1787.0,0.0689697265625,29294592.0,60628.30889749527,0.0018822590354830027,0.0150146484375,2.123783588409424,-0.021523645147681236,0.5190602540969849,-0.02123783715069294,-0.0002858121879398823,0.0,0.012646653689444065,1.0184882879257202,0.7891626514979101,6.364629745483398,1.9133775234222412,6.377276420593262,2.218106985092163,6.8694963455200195,4.196044445037842,,,,,,
8789940000.0,104.8,7.599999904632568,6391222784.0,2372.2360361070055,1788.0,0.0750732421875,29310976.0,60635.21546149254,0.0009763908456079662,0.0064697265625,2.0634260177612305,-0.019615281373262405,0.6687778830528259,-0.020634261891245842,0.001018979586660862,0.0,0.018727589398622513,1.153669834136963,0.7408589985177629,6.517790794372559,1.9687002897262573,6.536518096923828,2.266277313232422,6.906563997268677,4.227872848510742,,,,,,
8789940000.0,119.09,8.100000381469727,6391222784.0,2372.5404638614314,1789.0,0.0775146484375,29327360.0,60642.12113928795,0.0011250297538936138,0.0054931640625,2.1004631519317627,-0.01977694407105446,0.6034111976623535,-0.021004630252718925,0.0012276899069547653,0.0,0.040374547243118286,1.0969691276550293,0.7714942389142849,6.556722640991211,2.0042665004730225,6.5970964431762695,2.2948038578033447,6.905677795410156,4.191016674041748,,,,,,
8789940000.0,80.75,8.0,6391222784.0,2399.4269242192217,1790.0,0.0799560546875,29343744.0,60648.94943642616,0.0013735247775912285,0.01055908203125,2.1035497188568115,-0.021206190809607506,0.6436029672622681,-0.021035494282841682,-0.0001706923358142376,0.0,-0.041655149310827255,1.1329137086868286,0.7735480077473675,6.591474533081055,2.087938070297241,6.5498199462890625,2.380722999572754,6.828297138214111,4.204353332519531,,,,,,
8789940000.0,122.06,7.900000095367432,6391222784.0,2429.8927718908767,1791.0,0.0836181640625,29360128.0,60655.69212079048,0.0011731074191629887,0.0076904296875,2.076165199279785,-0.02102656662464142,0.6840513348579407,-0.020761653780937195,-0.0002649144735187292,0.0,0.024263732135295868,1.169933795928955,0.730052462479446,6.680227756500244,1.9417041540145874,6.70449161529541,2.251758098602295,6.742684364318848,4.188499927520752,,,,,,
,,,,,,,,,,,,,,,,,,,,,,,,,,0.02142077311873436,0.6261789798736572,0.5810158848762512,0.02142077311873436,0.6261789798736572,0.5810158848762512
,,,,,,,,,,,,,,,,,,,,,,,,,,0.019966362044215202,0.5710353255271912,0.543634295463562,0.019966362044215202,0.5710353255271912,0.543634295463562
,,,,,,,,,,,,,,,,,,,,,,,,,,0.01921548880636692,0.5433915853500366,0.5180138945579529,0.01921548880636692,0.5433915853500366,0.5180138945579529
,,,,,,,,,,,,,,,,,,,,,,,,,,0.01988077349960804,0.5250843167304993,0.5021864175796509,0.01988077349960804,0.5250843167304993,0.5021864175796509
,,,,,,,,,,,,,,,,,,,,,,,,,,0.019414808601140976,0.5021772980690002,0.4793286919593811,0.019414808601140976,0.5021772980690002,0.4793286919593811
,,,,,,,,,,,,,,,,,,,,,,,,,,0.01959294080734253,0.4863874018192291,0.46289384365081787,0.01959294080734253,0.4863874018192291,0.46289384365081787
8789940000.0,101.34,8.399999618530273,6188634112.0,18.428914118225688,1792.0,0.0677490234375,29376512.0,61544.729852199554,0.0009125809883698821,0.00469970703125,2.17274808883667,-0.021714359521865845,0.4806615114212036,-0.021727479994297028,1.311860978603363e-05,0.0,0.03707414120435715,0.9756158590316772,0.7751659184771149,6.518009662628174,1.841600775718689,6.555084228515625,2.0575380325317383,889.0377314090729,4.182559490203857,,,,,,
8789940000.0,132.1,8.199999809265137,6391222784.0,2381.608901906355,1793.0,0.0555419921875,29392896.0,61551.60923528671,0.0011311837006360292,0.00482177734375,2.1987595558166504,-0.021130740642547607,0.4711923599243164,-0.021987594664096832,0.0008568549528717995,0.0,-0.01037098653614521,0.9729804396629333,0.7586973433803162,6.418598175048828,1.8171632289886475,6.40822696685791,1.9807188510894775,6.879383087158203,4.192575693130493,,,,,,
8789940000.0,132.17,7.900000095367432,6391222784.0,2405.195960598026,1794.0,0.05615234375,29409280.0,61558.421154260635,0.0009008082561194897,0.00604248046875,2.222517490386963,-0.02173561230301857,0.5154590606689453,-0.02222517505288124,0.0004895636811852455,0.0,-0.03853801637887955,1.0116902589797974,0.7729293786686093,6.40224552154541,1.8552958965301514,6.363707542419434,2.1230826377868652,6.8119189739227295,4.169574022293091,,,,,,
8789940000.0,165.74,7.5,6391222784.0,2355.6458918964204,1795.0,0.0518798828125,29425664.0,61565.37635922432,0.0012785440776497126,0.0072021484375,2.212332010269165,-0.021983206272125244,0.5677523612976074,-0.022123320028185844,0.0001401081681251526,0.0,-0.05159524828195572,1.0623023509979248,0.7485186367683524,6.3440117835998535,1.8391931056976318,6.292416572570801,2.1183388233184814,6.955204963684082,4.191637992858887,,,,,,
8789940000.0,163.63,7.699999809265137,6391222784.0,2406.7524888731505,1796.0,0.0445556640625,29442048.0,61572.18387269974,0.0006553776329383254,0.00189208984375,2.260599136352539,-0.02228286676108837,0.41663438081741333,-0.02260599285364151,0.00032312795519828796,0.0,-0.06284226477146149,0.9079245924949646,0.7851361997449913,6.0947136878967285,1.7489429712295532,6.031871795654297,1.9587019681930542,6.807513475418091,4.191306114196777,,,,,,
8789940000.0,152.61,7.800000190734863,6391222784.0,2387.7491115365297,1797.0,0.0384521484375,29458432.0,61579.04556512833,0.0007936627953313291,0.00347900390625,2.256589651107788,-0.02279849536716938,0.3630779981613159,-0.022565895691514015,-0.00023259874433279037,0.0,-0.050663985311985016,0.849941611289978,0.7939243971097129,6.023612022399902,1.6844935417175293,5.97294807434082,1.8723019361495972,6.861692428588867,4.176070690155029,,,,,,
8789940000.0,154.86,7.099999904632568,6391222784.0,2380.338638864063,1798.0,0.037841796875,29474816.0,61585.928619384766,0.000820582383312285,0.00445556640625,2.25532865524292,-0.022204957902431488,0.3939586281776428,-0.022553283721208572,0.0003483220934867859,0.0,-0.07204663753509521,0.8849271535873413,0.7748665848902323,5.835385322570801,1.6109371185302734,5.763339042663574,1.865037441253662,6.883054256439209,4.206469774246216,,,,,,
8789940000.0,226.82,7.0,6391222784.0,2389.413895674168,1799.0,0.0360107421875,29491200.0,61592.785531044006,0.0005946910823695362,0.0020751953125,2.2716903686523438,-0.022377371788024902,0.4401359558105469,-0.02271690033376217,0.00033952854573726654,0.0,-0.08162631839513779,0.9334914088249207,0.7588971471716659,5.576478004455566,1.635753870010376,5.494851112365723,1.9011186361312866,6.856911659240723,4.193491697311401,,,,,,
8789940000.0,172.49,8.100000381469727,6391222784.0,2368.8464242280506,1800.0,0.05126953125,29507584.0,61599.7019777298,0.0009217532933689654,0.004638671875,2.2508695125579834,-0.022668302059173584,0.4226781725883484,-0.02250869758427143,-0.00015961099416017532,0.0,0.041002724319696426,0.9186164140701294,0.8090686670646976,5.795912265777588,1.8313344717025757,5.836915016174316,2.102304697036743,6.916446685791016,4.179008483886719,,,,,,
8789940000.0,157.81,6.800000190734863,6391222784.0,2407.983603441046,1801.0,0.045166015625,29523968.0,61606.5060107708,0.0012308221776038408,0.0064697265625,2.2473065853118896,-0.02252408117055893,0.48978087306022644,-0.022473067045211792,-5.101459100842476e-05,0.0,-0.09649784117937088,0.9858041405677795,0.7923342881359305,5.774096488952637,1.877730131149292,5.67759895324707,2.163257122039795,6.804033041000366,4.184793949127197,,,,,,
8789940000.0,172.64,8.100000381469727,6391222784.0,2380.6599125897615,1802.0,0.0537109375,29540352.0,61613.38813614845,0.0009296642965637147,0.0054931640625,2.247785806655884,-0.02215912938117981,0.44901496171951294,-0.022477857768535614,0.0003187255933880806,0.0,0.032047808170318604,0.9475703835487366,0.8042644086336181,5.9245147705078125,1.9023122787475586,5.956562519073486,2.1417880058288574,6.882125377655029,4.195688724517822,,,,,,
8789940000.0,136.7,7.599999904632568,6391222784.0,2386.925879899062,1803.0,0.0518798828125,29556736.0,61620.25219511986,0.0012546994257718325,0.00732421875,2.2140815258026123,-0.02280309423804283,0.5022679567337036,-0.02214081585407257,-0.0006622765213251114,0.0,-0.041924767196178436,0.9997595548629761,0.7876507009718565,5.956106185913086,1.929337501525879,5.914181709289551,2.1695523262023926,6.864058971405029,4.184878826141357,,,,,,
8789940000.0,149.39,8.0,6391222784.0,2355.86668188804,1804.0,0.0347900390625,29573120.0,61627.20674824715,0.0008901702240109444,0.00421142578125,2.2176132202148438,-0.022555746138095856,0.3296302556991577,-0.02217612788081169,-0.0003796163946390152,0.0,0.021860139444470406,0.8111497163772583,0.7991422632593859,5.647918701171875,1.64156973361969,5.669778823852539,1.8099091053009033,6.954553127288818,4.197628498077393,,,,,,
8789940000.0,199.47,7.300000190734863,6391222784.0,2338.4590987560373,1805.0,0.0341796875,29589504.0,61634.21307134628,0.0007489983108825982,0.00347900390625,2.2158617973327637,-0.021801713854074478,0.374387264251709,-0.022158615291118622,0.0003569014370441437,0.0,-0.08140874654054642,0.8657940626144409,0.7918937201869432,5.486385345458984,1.6698381900787354,5.4049763679504395,1.8978933095932007,7.0063230991363525,4.1841466426849365,,,,,,
8789940000.0,207.01,7.300000190734863,6391222784.0,2387.9762926913954,1806.0,0.0433349609375,29605888.0,61641.0741109848,0.0007712492370046675,0.00250244140625,2.187584638595581,-0.02153097465634346,0.448444664478302,-0.02187584526836872,0.0003448706120252609,0.0,-0.031167956069111824,0.9445502161979675,0.7856668285436342,5.659465789794922,1.7741707563400269,5.628298282623291,2.0402374267578125,6.861039638519287,4.193296670913696,,,,,,
8789940000.0,188.5,8.100000381469727,6391222784.0,2384.319687243713,1807.0,0.0457763671875,29622272.0,61647.94567275047,0.0007826880319043994,0.004150390625,2.2045016288757324,-0.02143370360136032,0.4505113363265991,-0.022045014426112175,0.0006113108247518539,0.0,0.07902596890926361,0.9495599865913391,0.8081149774341411,5.795177936553955,1.9593698978424072,5.874203681945801,2.1677122116088867,6.871561765670776,4.193267583847046,,,,,,
8789940000.0,141.94,7.599999904632568,6391222784.0,2403.941119925357,1808.0,0.052490234375,29638656.0,61654.761147499084,0.0007707599434070289,0.0045166015625,2.209998607635498,-0.021925505250692368,0.5154098868370056,-0.022099986672401428,0.00017448700964450836,0.0,-0.013087576255202293,1.010165810585022,0.8006720350727143,5.796441078186035,2.019864082336426,5.783353805541992,2.262605667114258,6.81547474861145,4.201168775558472,,,,,,
8789940000.0,140.37,7.5,6391222784.0,2362.1108734201757,1809.0,0.0469970703125,29655040.0,61661.69731640816,0.001229243353009224,0.00811767578125,2.218313694000244,-0.022180309519171715,0.39149928092956543,-0.022183135151863098,2.823770046234131e-06,0.0,-0.04640320688486099,0.8815723657608032,0.8294913968579007,5.70003080368042,1.9075264930725098,5.653627395629883,2.134934902191162,6.936168909072876,4.297850608825684,,,,,,
8789940000.0,149.67,8.100000381469727,6391222784.0,2399.4624470443473,1810.0,0.045166015625,29671424.0,61668.525512456894,0.001383875496685505,0.00872802734375,2.22826886177063,-0.021727614104747772,0.3956279456615448,-0.022282687947154045,0.0005550701171159744,0.0,0.04323756694793701,0.8870553374290466,0.8136899151587089,5.476900100708008,1.8403105735778809,5.520137786865234,2.055098295211792,6.828196048736572,4.186259031295776,,,,,,
8789940000.0,190.29,7.199999809265137,6391222784.0,2392.153063315956,1811.0,0.0384521484375,29687808.0,61675.37457251549,0.001206895336508751,0.0081787109375,2.188469171524048,-0.021444270387291908,0.5301003456115723,-0.021884692832827568,0.0004404224455356598,0.0,-0.016907496377825737,1.0294806957244873,0.756958718541706,5.509467124938965,1.8874589204788208,5.492559432983398,2.088228464126587,6.84906005859375,4.2413740158081055,,,,,,
8789940000.0,146.16,7.599999904632568,6391222784.0,2370.612022585564,1812.0,0.0604248046875,29704192.0,61682.28586792946,0.0012756942305713892,0.00762939453125,2.1487467288970947,-0.02048611082136631,0.52711021900177,-0.021487463265657425,0.0010013571009039879,0.0,0.00010919850319623947,1.0226229429244995,0.8026777508990528,5.837012767791748,2.03615403175354,5.837121963500977,2.3021175861358643,6.911295413970947,4.1950671672821045,,,,,,
8789940000.0,122.67,8.100000381469727,6391222784.0,2352.789533156713,1813.0,0.0628662109375,29720576.0,61689.24951672554,0.0011868943693116307,0.0079345703125,2.139662504196167,-0.020787639543414116,0.5449662804603577,-0.02139662578701973,0.0006089843809604645,0.0,0.0343647375702858,1.0455479621887207,0.7943441002943032,5.936305046081543,2.0480473041534424,5.970669269561768,2.3055431842803955,6.963648796081543,4.194311141967773,,,,,,
8789940000.0,139.52,7.5,6391222784.0,2330.502763881341,1814.0,0.0494384765625,29736960.0,61696.27975940704,0.0007619384559802711,0.00323486328125,2.149625539779663,-0.021407032385468483,0.5736989378929138,-0.021496253088116646,8.922629058361053e-05,0.0,0.021018968895077705,1.0676383972167969,0.7524889947711697,5.93228006362915,1.9358859062194824,5.953299045562744,2.145986318588257,7.030242681503296,4.203520774841309,,,,,,
8789940000.0,130.86,8.0,6391222784.0,2368.117777125476,1815.0,0.062255859375,29753344.0,61703.19833421707,0.0011174622923135757,0.00762939453125,2.1812431812286377,-0.02216319367289543,0.5290039777755737,-0.021812431514263153,-0.00035075843334198,0.0,0.027413491159677505,1.0287673473358154,0.7917008165983865,6.086629867553711,2.0474162101745605,6.114043712615967,2.254101514816284,6.918574810028076,4.183182954788208,,,,,,
8789940000.0,155.73,7.599999904632568,6391222784.0,2391.0149461144215,1816.0,0.0604248046875,29769728.0,61710.050654411316,0.0012996563455089927,0.0093994140625,2.1262145042419434,-0.021703507751226425,0.5839661359786987,-0.021262144669890404,-0.0004413668066263199,0.0,0.02089431881904602,1.0769596099853516,0.7661389461088846,6.103878974914551,1.9822741746902466,6.124773025512695,2.2270007133483887,6.852320194244385,4.240055322647095,,,,,,
8789940000.0,118.06,8.300000190734863,6391222784.0,2449.939121330059,1817.0,0.05615234375,29786112.0,61716.73816752434,0.0017424895195290446,0.0146484375,2.149231433868408,-0.021186381578445435,0.5024944543838501,-0.02149231545627117,0.0003059348091483116,0.0,0.05906416103243828,1.0075416564941406,0.7780845200854641,6.028868198394775,1.8952453136444092,6.087932586669922,2.1387956142425537,6.687513113021851,4.182594299316406,,,,,,
8789940000.0,171.05,7.800000190734863,6391222784.0,2418.0684551524937,1818.0,0.04638671875,29802496.0,61723.513823509216,0.003358680522069335,0.0345458984375,2.165278196334839,-0.021421421319246292,0.4695262014865875,-0.02165278233587742,0.00023135938681662083,0.0,-0.0031827669590711594,0.9667014479637146,0.7641320712649509,5.970381736755371,1.805173397064209,5.967198848724365,1.9904797077178955,6.77565598487854,4.2089056968688965,,,,,,
8789940000.0,106.49,7.800000190734863,6391222784.0,2377.4335532533773,1819.0,0.06103515625,29818880.0,61730.40528845787,0.0013361081946641207,0.007080078125,2.13140869140625,-0.020770149305462837,0.5213863253593445,-0.02131408452987671,0.0005439359229058027,0.0,-0.03091135248541832,1.0213311910629272,0.7797344871065952,6.219034194946289,1.9553887844085693,6.188122749328613,2.1761722564697266,6.891464948654175,4.208851337432861,,,,,,
8789940000.0,139.67,8.199999809265137,6391222784.0,2402.405609981442,1820.0,0.0567626953125,29835264.0,61737.22511935234,0.0009567086817696691,0.0050048828125,2.147341251373291,-0.021694762632250786,0.48256322741508484,-0.021473411470651627,-0.00022135197650641203,0.0,0.018819378688931465,0.9824603199958801,0.7846353636727468,5.942059516906738,1.8795758485794067,5.960878372192383,2.1170337200164795,6.819830894470215,4.191385984420776,,,,,,
8789940000.0,170.47,7.300000190734863,6391222784.0,2358.2815154105706,1821.0,0.05615234375,29851648.0,61744.17255115509,0.0021153264679014683,0.01641845703125,2.0823121070861816,-0.019813166931271553,0.6271205544471741,-0.020823119208216667,0.0010099518112838268,0.0,-0.046921275556087494,1.1197549104690552,0.7444243878099044,6.0578718185424805,1.9211342334747314,6.010950565338135,2.2149455547332764,6.947431802749634,4.2128379344940186,,,,,,
8789940000.0,117.7,7.699999809265137,6391222784.0,2379.879968080552,1822.0,0.057373046875,29868032.0,61751.056931972504,0.0011228455696254969,0.00799560546875,2.1265923976898193,-0.020706236362457275,0.550755500793457,-0.021265923976898193,0.0005596857517957687,0.0,-0.022469157353043556,1.043275237083435,0.7815003136515066,6.129573822021484,1.9834134578704834,6.107104301452637,2.2318930625915527,6.88438081741333,4.1974968910217285,,,,,,
8789940000.0,122.27,8.0,6391222784.0,2416.3404061641763,1823.0,0.0592041015625,29884416.0,61757.837433576584,0.003101285081356764,0.03106689453125,2.1635563373565674,-0.020664218813180923,0.47897398471832275,-0.02163556218147278,0.0009713424369692802,0.0,-0.022834591567516327,0.9787436723709106,0.7984037598650511,5.9708757400512695,1.9167245626449585,5.948040962219238,2.179856777191162,6.7805016040802,4.23715615272522,,,,,,
,,,,,,,,,,,,,,,,,,,,,,,,,,0.02694205939769745,0.5186578631401062,0.4751814603805542,0.02694205939769745,0.5186578631401062,0.4751814603805542
,,,,,,,,,,,,,,,,,,,,,,,,,,0.024080265313386917,0.47013917565345764,0.44529807567596436,0.024080265313386917,0.47013917565345764,0.44529807567596436
,,,,,,,,,,,,,,,,,,,,,,,,,,0.023192672058939934,0.4453105330467224,0.4242556393146515,0.023192672058939934,0.4453105330467224,0.4242556393146515
,,,,,,,,,,,,,,,,,,,,,,,,,,0.022719986736774445,0.4232354164123535,0.40367117524147034,0.022719986736774445,0.4232354164123535,0.40367117524147034
,,,,,,,,,,,,,,,,,,,,,,,,,,0.022640492767095566,0.4061700403690338,0.3864952623844147,0.022640492767095566,0.4061700403690338,0.3864952623844147
,,,,,,,,,,,,,,,,,,,,,,,,,,0.02250630222260952,0.39043116569519043,0.3700970411300659,0.02250630222260952,0.39043116569519043,0.3700970411300659
8789940000.0,132.23,8.100000381469727,6188634112.0,18.463148432564235,1824.0,0.0640869140625,29900800.0,62645.2267138958,0.0011629369109869003,0.0057373046875,2.1919031143188477,-0.02278451807796955,0.5797828435897827,-0.02191903255879879,-0.0008654827252030373,0.0,-0.0018949208315461874,1.075363039970398,0.7891905757108659,6.297189712524414,2.120750904083252,6.295294761657715,2.342125654220581,887.3892803192139,4.198114395141602,,,,,,
8789940000.0,142.77,7.599999904632568,6391222784.0,2387.740897980179,1825.0,0.0506591796875,29917184.0,62652.088429927826,0.0008528261678293347,0.00244140625,2.171576976776123,-0.021854646503925323,0.6152394413948059,-0.021715767681598663,-0.00013887695968151093,0.0,-0.031043440103530884,1.1093538999557495,0.7328215777501434,6.17043399810791,1.941510796546936,6.139390468597412,2.1461966037750244,6.861716032028198,4.198030471801758,,,,,,
8789940000.0,115.96,8.100000381469727,6391222784.0,2354.3927604475175,1826.0,0.0677490234375,29933568.0,62659.04733681679,0.000631545262876898,0.0015869140625,2.1173739433288574,-0.021365128457546234,0.6654459834098816,-0.021173737943172455,-0.0001913909800350666,0.0,0.030654627829790115,1.1522287130355835,0.7494452410248225,6.4573259353637695,2.041438579559326,6.487980842590332,2.3019044399261475,6.958906888961792,4.187963247299194,,,,,,
8789940000.0,86.85,7.099999904632568,6391222784.0,2345.242882805969,1827.0,0.0640869140625,29949952.0,62666.033393621445,0.0007412128616124392,0.00189208984375,2.1284470558166504,-0.02122173085808754,0.6804491877555847,-0.021284470334649086,6.273947656154633e-05,0.0,-0.10895488411188126,1.1634119749069214,0.7451294447493187,6.128058433532715,1.9839200973510742,6.01910400390625,2.304485559463501,6.986056804656982,4.18470311164856,,,,,,
8789940000.0,147.78,7.5,6391222784.0,2352.3388401484585,1828.0,0.064697265625,29966336.0,62672.998376607895,0.0009775693761184812,0.00396728515625,2.1017580032348633,-0.02141645923256874,0.5940304398536682,-0.02101758122444153,-0.000398881733417511,0.0,-0.004323288332670927,1.0853385925292969,0.768869879588439,6.034422874450684,1.933559775352478,6.030099868774414,2.2575480937957764,6.964982986450195,4.203250885009766,,,,,,
8789940000.0,104.74,8.199999809265137,6391222784.0,2440.2146146745013,1829.0,0.0726318359375,29982720.0,62679.71254014969,0.0008941310807131231,0.0037841796875,2.056286334991455,-0.020452605560421944,0.7404695749282837,-0.02056286484003067,0.00011025986168533564,0.0,0.04840877652168274,1.2175387144088745,0.7123097589086351,6.1625213623046875,2.001973867416382,6.210930347442627,2.2699713706970215,6.714163541793823,4.188235759735107,,,,,,
8789940000.0,102.49,7.5,6391222784.0,2413.865385444232,1830.0,0.081787109375,29999104.0,62686.499994039536,0.000977970426902175,0.0035400390625,2.0392115116119385,-0.02027418650686741,0.7433786392211914,-0.02039211429655552,0.00011792592704296112,0.0,0.10040675848722458,1.219368577003479,0.73885120876115,6.401423931121826,2.093971014022827,6.5018310546875,2.3861145973205566,6.787453889846802,4.183786392211914,,,,,,
8789940000.0,98.51,7.5,6391222784.0,2430.1976543746014,1831.0,0.089111328125,30015488.0,62693.241832494736,0.0009113638661801815,0.0057373046875,1.968883752822876,-0.019448425620794296,0.7800198197364807,-0.019688839092850685,0.00024041254073381424,0.0,0.03400270640850067,1.2506141662597656,0.7254429637144311,6.641371726989746,2.105772018432617,6.675373554229736,2.386749029159546,6.741838455200195,4.201179265975952,,,,,,
8789940000.0,75.06,8.100000381469727,6391222784.0,2416.4065951523953,1832.0,0.0946044921875,30031872.0,62700.02214837074,0.0009684255928732455,0.00537109375,1.9683713912963867,-0.019919611513614655,0.7778186798095703,-0.0196837130934,-0.00023589655756950378,0.0,0.04156753420829773,1.2453619241714478,0.7356695383368617,6.7067484855651855,2.0997915267944336,6.748315811157227,2.4222660064697266,6.78031587600708,4.175609350204468,,,,,,
8789940000.0,91.58,8.300000190734863,6391222784.0,2421.3511783669933,1833.0,0.086669921875,30048256.0,62706.78861832619,0.0009695079643279314,0.0035400390625,1.9851653575897217,-0.019683418795466423,0.6296855211257935,-0.019851654767990112,0.0001682378351688385,0.0,0.014328780584037304,1.122399926185608,0.7676415748460327,6.586691856384277,2.05189847946167,6.601020812988281,2.328458547592163,6.766469955444336,4.169450283050537,,,,,,
8789940000.0,95.77,7.800000190734863,6391222784.0,2385.1055250980644,1834.0,0.0909423828125,30064640.0,62713.65791606903,0.00070472143124789,0.00225830078125,1.948375940322876,-0.019522113725543022,0.7510847449302673,-0.019483759999275208,-3.8352853152900934e-05,0.0,0.021111153066158295,1.2232815027236938,0.729950072847612,6.768527984619141,2.044618606567383,6.789639472961426,2.353989839553833,6.869297742843628,4.183531045913696,,,,,,
8789940000.0,93.37,8.300000190734863,6391222784.0,2412.251633459926,1835.0,0.0982666015625,30081024.0,62720.44991064072,0.0008353920420631766,0.00341796875,1.953310489654541,-0.01991698518395424,0.7190771102905273,-0.019533103331923485,-0.0003838827833533287,0.0,0.0823427140712738,1.1974196434020996,0.73203905903599,6.978630065917969,2.059412956237793,7.060972690582275,2.313185691833496,6.791994571685791,4.20377254486084,,,,,,
8789940000.0,87.77,7.599999904632568,6391222784.0,2379.797221724888,1836.0,0.0872802734375,30097408.0,62727.33453083038,0.001072841347195208,0.00421142578125,1.9547652006149292,-0.01960652321577072,0.8772467970848083,-0.01954765059053898,-5.887215957045555e-05,0.0,-0.06298553198575974,1.32600736618042,0.6749240420665241,6.9249773025512695,1.9696084260940552,6.861991882324219,2.325700044631958,6.884620189666748,4.200103521347046,,,,,,
8789940000.0,94.1,8.0,6391222784.0,2407.3192287593884,1837.0,0.07080078125,30113792.0,62734.14044165611,0.0007316026603803039,0.00335693359375,2.018702983856201,-0.019847875460982323,0.6103531718254089,-0.020187031477689743,0.00033915392123162746,0.0,0.05538023263216019,1.097773551940918,0.7296302593057111,6.600473880767822,1.8415894508361816,6.655854225158691,2.111220359802246,6.80591082572937,4.205846309661865,,,,,,
8789940000.0,104.02,8.399999618530273,6391222784.0,2425.2981392788884,1838.0,0.0897216796875,30130176.0,62740.895899772644,0.0016513561131432652,0.01141357421875,2.0240678787231445,-0.020171452313661575,0.5701425075531006,-0.020240677520632744,6.922241300344467e-05,0.0,0.11619816720485687,1.0681754350662231,0.7661206503969149,6.836966514587402,1.9478129148483276,6.953165054321289,2.2087509632110596,6.755458116531372,4.183800458908081,,,,,,
8789940000.0,119.95,7.599999904632568,6391222784.0,2431.1223937936,1839.0,0.0689697265625,30146560.0,62747.63517379761,0.0016052951104938984,0.011962890625,2.058703899383545,-0.019726449623703957,0.6507123708724976,-0.02058704011142254,0.0008605886250734329,0.0,-0.022998783737421036,1.1389187574386597,0.7276184999332984,6.72379207611084,1.8948132991790771,6.7007927894592285,2.182246208190918,6.739274024963379,4.1929028034210205,,,,,,
8789940000.0,94.31,8.199999809265137,6391222784.0,2436.328945343387,1840.0,0.072021484375,30162944.0,62754.36004567146,0.0016397414728999138,0.01129150390625,2.0641400814056396,-0.01945289969444275,0.5469327569007874,-0.020641401410102844,0.0011885035783052444,0.0,0.011120462790131569,1.043233871459961,0.7645340633767536,6.71157169342041,1.9057005643844604,6.722691535949707,2.1498961448669434,6.724871873855591,4.19328236579895,,,,,,
8789940000.0,95.86,7.900000095367432,6391222784.0,2430.233062822852,1841.0,0.0628662109375,30179328.0,62761.10178589821,0.0011852456955239177,0.00640869140625,2.0861332416534424,-0.02078360691666603,0.5077489614486694,-0.02086133323609829,7.77263194322586e-05,0.0,-0.030925769358873367,0.9964814782142639,0.751659014051336,6.5392351150512695,1.734484314918518,6.508309364318848,1.9996094703674316,6.7417402267456055,4.197281837463379,,,,,,
8789940000.0,129.85,7.900000095367432,6391222784.0,2424.7092147802396,1842.0,0.0616455078125,30195712.0,62767.8588848114,0.0006811540806666017,0.00244140625,2.0513501167297363,-0.019998857751488686,0.5782887935638428,-0.020513499155640602,0.0005146416369825602,0.0,-0.028660399839282036,1.0760860443115234,0.7124602620464665,6.676788330078125,1.7323126792907715,6.648128032684326,2.006772994995117,6.757098913192749,4.181453466415405,,,,,,
8789940000.0,139.5,7.400000095367432,6391222784.0,2350.5484062736314,1843.0,0.0665283203125,30212096.0,62774.829173088074,0.0007219506078399718,0.0035400390625,2.0303874015808105,-0.020217832177877426,0.6221810579299927,-0.020303869619965553,8.603604510426521e-05,0.0,-0.06044614315032959,1.1145377159118652,0.6984445082295061,6.701231479644775,1.7245861291885376,6.640785217285156,2.029602527618408,6.970288276672363,4.201935291290283,,,,,,
8789940000.0,110.49,8.399999618530273,6391222784.0,2348.849727742249,1844.0,0.0689697265625,30228480.0,62781.804502248764,0.0006573633290827274,0.00250244140625,2.0183873176574707,-0.019635895267128944,0.5477975606918335,-0.020183872431516647,0.0005479771643877029,0.0,0.010586641728878021,1.0453592538833618,0.7305537796106129,6.700948238372803,1.720941424369812,6.7115349769592285,2.0138614177703857,6.975329160690308,4.204503297805786,,,,,,
8789940000.0,106.53,8.0,6391222784.0,2325.812407044639,1845.0,0.062255859375,30244864.0,62788.84892249107,0.0010704282904043794,0.00390625,2.069042682647705,-0.019792107865214348,0.48696842789649963,-0.020690426230430603,0.0008983220905065536,0.0,0.003897622227668762,0.9854075312614441,0.7673149798168661,6.535160541534424,1.7903790473937988,6.539058208465576,2.04282808303833,7.04442024230957,4.190712213516235,,,,,,
8789940000.0,126.6,7.900000095367432,6391222784.0,2304.3188278734165,1846.0,0.057373046875,30261248.0,62795.95904970169,0.000855924270581454,0.003662109375,2.1112678050994873,-0.021739505231380463,0.5104328393936157,-0.021112678572535515,-0.0006268303841352463,0.0,-0.013573779724538326,0.9991708993911743,0.7579236137327212,6.413151741027832,1.7671325206756592,6.399577617645264,2.0307819843292236,7.110127210617065,4.1980485916137695,,,,,,
8789940000.0,139.57,7.199999809265137,6391222784.0,2335.4637375541383,1847.0,0.0616455078125,30277632.0,62802.97435879707,0.001224461360834539,0.00762939453125,2.0737829208374023,-0.020402466878294945,0.5839684009552002,-0.020737826824188232,0.0003353608772158623,0.0,-0.090115487575531,1.0770748853683472,0.7427667367011214,6.48171854019165,1.8075307607650757,6.391602993011475,2.1236462593078613,7.01530909538269,4.195431470870972,,,,,,
8789940000.0,121.37,7.199999809265137,6391222784.0,2424.2761330807907,1848.0,0.054931640625,30294016.0,62809.73266482353,0.0014346602838486433,0.01141357421875,2.051177501678467,-0.02053014561533928,0.5855444073677063,-0.020511776208877563,-1.8369406461715698e-05,0.0,-0.07496672868728638,1.085176706314087,0.7354913054935104,6.21474027633667,1.7717413902282715,6.139773368835449,2.1099908351898193,6.75830602645874,4.187640428543091,,,,,,
8789940000.0,104.52,8.600000381469727,6391222784.0,2413.0791266679894,1849.0,0.0653076171875,30310400.0,62816.52233028412,0.001492985524237156,0.01251220703125,2.0926764011383057,-0.020545046776533127,0.48562949895858765,-0.020926764234900475,0.000381717924028635,0.0,0.033398378640413284,0.9856600165367126,0.7789274724688813,6.256422519683838,1.8530336618423462,6.289820671081543,2.096330165863037,6.789665460586548,4.17464804649353,,,,,,
8789940000.0,113.85,8.100000381469727,6391222784.0,2396.4269509834544,1850.0,0.05615234375,30326784.0,62823.35917544365,0.0006980376783758402,0.002685546875,2.1467444896698,-0.020930249243974686,0.46768566966056824,-0.02146744355559349,0.0005371943116188049,0.0,0.0063845510594546795,0.9636269807815552,0.7715672907182678,6.111611843109131,1.7798821926116943,6.1179962158203125,2.0161821842193604,6.83684515953064,4.249876260757446,,,,,,
8789940000.0,168.58,7.5,6391222784.0,2445.4451701716475,1851.0,0.0506591796875,30343168.0,62830.05897808075,0.0008573505328968167,0.0050048828125,2.158754825592041,-0.022051699459552765,0.5011046528816223,-0.021587546914815903,-0.0004641488194465637,0.0,-0.07930594682693481,0.9977830052375793,0.7683131746408662,6.211452007293701,1.794024109840393,6.132145881652832,2.07293438911438,6.69980263710022,4.1815266609191895,,,,,,
8789940000.0,156.69,7.5,6391222784.0,2396.6819490948133,1852.0,0.0506591796875,30359552.0,62836.895095825195,0.001443143468350172,0.01141357421875,2.1801233291625977,-0.02074684575200081,0.5297136306762695,-0.021801233291625977,0.0010543889366090298,0.0,-0.02483859285712242,1.0306791067123413,0.752174143189798,6.041285991668701,1.7934972047805786,6.016447067260742,2.070380687713623,6.836117744445801,4.201362609863281,,,,,,
8789940000.0,123.48,7.199999809265137,6391222784.0,2379.337359055994,1853.0,0.0518798828125,30375936.0,62843.78104662895,0.000917380559258163,0.0057373046875,2.174415111541748,-0.02125031128525734,0.5597994327545166,-0.021744150668382645,0.0004938431084156036,0.0,-0.05140696093440056,1.0601511001586914,0.751833181753952,6.097522735595703,1.8097501993179321,6.046116352081299,2.1281189918518066,6.885950803756714,4.187062740325928,,,,,,
8789940000.0,157.06,7.699999809265137,6391222784.0,2390.072329662488,1854.0,0.0421142578125,30392320.0,62850.63606929779,0.0020717326551675797,0.0150146484375,2.240208864212036,-0.021515516564249992,0.4430081248283386,-0.022402087226510048,0.0008865725249052048,0.0,-0.03479993715882301,0.939208447933197,0.7617918783580702,5.876437187194824,1.6831518411636353,5.841636657714844,1.9243478775024414,6.855022668838501,4.2103400230407715,,,,,,
8789940000.0,171.29,7.800000190734863,6391222784.0,2422.9453521176024,1855.0,0.0445556640625,30408704.0,62857.39808726311,0.0012798979878425598,0.00982666015625,2.2402656078338623,-0.021695975214242935,0.39826700091362,-0.022402655333280563,0.0007066819816827774,0.0,-0.04886390268802643,0.8928333520889282,0.7935516395742537,5.756126403808594,1.723678708076477,5.7072625160217285,1.9650095701217651,6.7620179653167725,4.209300994873047,,,,,,
,,,,,,,,,,,,,,,,,,,,,,,,,,0.028420383110642433,0.6520430445671082,0.601504385471344,0.028420383110642433,0.6520430445671082,0.601504385471344
,,,,,,,,,,,,,,,,,,,,,,,,,,0.02611374855041504,0.592863917350769,0.5662026405334473,0.02611374855041504,0.592863917350769,0.5662026405334473
,,,,,,,,,,,,,,,,,,,,,,,,,,0.025623869150877,0.5637142658233643,0.5324528813362122,0.025623869150877,0.5637142658233643,0.5324528813362122
,,,,,,,,,,,,,,,,,,,,,,,,,,0.025355128571391106,0.5437477231025696,0.5126405954360962,0.025355128571391106,0.5437477231025696,0.5126405954360962
,,,,,,,,,,,,,,,,,,,,,,,,,,0.02386217564344406,0.5197775363922119,0.49253639578819275,0.02386217564344406,0.5197775363922119,0.49253639578819275
,,,,,,,,,,,,,,,,,,,,,,,,,,0.023884255439043045,0.5014339089393616,0.4747936725616455,0.023884255439043045,0.5014339089393616,0.4747936725616455
8789940000.0,170.3,6.400000095367432,6188634112.0,18.377842861029055,1856.0,0.03662109375,30425088.0,63748.90641736984,0.0005407307180576026,0.00115966796875,2.2677853107452393,-0.022001899778842926,0.5506805181503296,-0.02267785370349884,0.0006759464740753174,0.0,-0.23769830167293549,1.0477770566940308,0.725254168927907,5.935949802398682,1.7930448055267334,5.698251724243164,1.9989570379257202,891.5083301067352,4.243488073348999,,,,,,
8789940000.0,174.25,6.5,6391222784.0,2283.272959021019,1857.0,0.028076171875,30441472.0,63756.08208155632,0.0004896341706626117,0.002197265625,2.2957372665405273,-0.023031800985336304,0.3437684178352356,-0.022957369685173035,-7.442955393344164e-05,0.0,-0.117983877658844,0.8283975720405579,0.7786013091912453,5.499329566955566,1.53424870967865,5.381345272064209,1.7605623006820679,7.175664186477661,4.225879907608032,,,,,,
8789940000.0,193.49,7.800000190734863,6391222784.0,2347.2096218292704,1858.0,0.0482177734375,30457856.0,63763.06228470802,0.0007812812691554427,0.00384521484375,2.2712535858154297,-0.022700725123286247,0.4813498556613922,-0.02271253429353237,1.180451363325119e-05,0.0,0.03496931865811348,0.9811536073684692,0.7807142145388399,5.681997299194336,1.8136460781097412,5.71696662902832,2.0952298641204834,6.980203151702881,4.189053058624268,,,,,,
8789940000.0,185.79,7.300000190734863,6391222784.0,2357.702196409136,1859.0,0.0439453125,30474240.0,63770.0114235878,0.0006801222916692495,0.00323486328125,2.2564101219177246,-0.02225961908698082,0.487117737531662,-0.022564100101590157,0.00030448101460933685,0.0,-0.022871967405080795,0.9827339053153992,0.7751025985760096,5.689001560211182,1.8223448991775513,5.6661295890808105,2.0722572803497314,6.949138879776001,4.207683324813843,,,,,,
8789940000.0,160.95,7.900000095367432,6391222784.0,2337.9791974743644,1860.0,0.0445556640625,30490624.0,63777.019184827805,0.0005448612500913441,0.001708984375,2.2680306434631348,-0.022625094279646873,0.3863912522792816,-0.02268030494451523,5.52106648683548e-05,0.0,-0.011887261644005775,0.8724226951599121,0.8102163614444551,5.622025489807129,1.7627182006835938,5.610137939453125,2.0026142597198486,7.007761240005493,4.223282337188721,,,,,,
8789940000.0,184.53,7.599999904632568,6391222784.0,2343.111011457668,1861.0,0.0360107421875,30507008.0,63784.01159787178,0.0007694163941778243,0.00079345703125,2.2664756774902344,-0.022339923307299614,0.3995053768157959,-0.022664755582809448,0.0003248341381549835,0.0,-0.013886481523513794,0.8952441215515137,0.7868670026650273,5.649735450744629,1.7579647302627563,5.6358489990234375,1.939171314239502,6.99241304397583,4.183536767959595,,,,,,
8789940000.0,200.6,7.599999904632568,6391222784.0,2333.9698046810377,1862.0,0.0335693359375,30523392.0,63791.03139734268,0.0011523073771968484,0.0067138671875,2.293250560760498,-0.02286217361688614,0.3733741044998169,-0.02293250523507595,7.033091969788074e-05,0.0,-0.02021467685699463,0.8642460703849792,0.7923211315530743,5.474431037902832,1.686928153038025,5.454216003417969,1.896447777748108,7.019799470901489,4.196038007736206,,,,,,
8789940000.0,220.51,7.699999809265137,6391222784.0,2316.7601930639203,1863.0,0.037841796875,30539776.0,63798.103342056274,0.0006526057841256261,0.0010986328125,2.2702701091766357,-0.022452399134635925,0.37698033452033997,-0.022702699527144432,0.000250302255153656,0.0,0.02867141179740429,0.8655054569244385,0.7994218631654064,5.548636436462402,1.7001075744628906,5.57730770111084,1.932536005973816,7.071944713592529,4.175351142883301,,,,,,
8789940000.0,232.14,7.0,6391222784.0,2310.648037339711,1864.0,0.0347900390625,30556160.0,63805.19399356842,0.000900596845895052,0.00518798828125,2.272420883178711,-0.022681284695863724,0.4553743898868561,-0.022724207490682602,4.29241918027401e-05,0.0,-0.04592035710811615,0.9540912508964539,0.7606571510096387,5.589238166809082,1.7353264093399048,5.543317794799805,1.9502025842666626,7.090651512145996,4.189847230911255,,,,,,
8789940000.0,153.62,7.5,6391222784.0,2320.823410099745,1865.0,0.045166015625,30572544.0,63812.25355696678,0.0015352852642536163,0.00836181640625,2.2159528732299805,-0.022105693817138672,0.42497581243515015,-0.022159531712532043,5.383905954658985e-05,0.0,-0.0034325416199862957,0.9201101660728455,0.8109462461011319,5.5450897216796875,1.870030164718628,5.541656970977783,2.116152763366699,7.059563398361206,4.190606117248535,,,,,,
8789940000.0,120.18,8.5,6391222784.0,2347.275605421196,1866.0,0.0634765625,30588928.0,63819.233563899994,0.00093911646399647,0.00433349609375,2.182675361633301,-0.021976089105010033,0.5232130885124207,-0.02182675153017044,-0.00014933687634766102,0.0,0.08495859801769257,1.0242458581924438,0.8056796261494699,5.92536735534668,2.0866823196411133,6.010325908660889,2.3235132694244385,6.98000693321228,4.192563533782959,,,,,,
8789940000.0,120.74,6.400000095367432,6391222784.0,2331.781698238141,1867.0,0.0537109375,30605312.0,63826.25995063782,0.0014202343299984932,0.01123046875,2.182803153991699,-0.020915156230330467,0.6909509897232056,-0.021828029304742813,0.0009128754027187824,0.0,-0.09083116054534912,1.1734238862991333,0.7324740628238497,5.721548557281494,1.9614824056625366,5.630717754364014,2.268673896789551,7.026386737823486,4.20287561416626,,,,,,
8789940000.0,116.81,7.599999904632568,6391222784.0,2344.9596628036984,1868.0,0.0762939453125,30621696.0,63833.246851205826,0.0013356577837839723,0.00872802734375,2.130277395248413,-0.02176525816321373,0.7310159206390381,-0.02130277082324028,-0.00046249479055404663,0.0,0.034389764070510864,1.2020076513290405,0.7529661709726705,6.166438579559326,2.065049886703491,6.200828552246094,2.418405055999756,6.986900568008423,4.198621511459351,,,,,,
8789940000.0,118.1,8.100000381469727,6391222784.0,2366.1434771879412,1869.0,0.0689697265625,30638080.0,63840.17119884491,0.0011713469866663218,0.00701904296875,2.1359312534332275,-0.021280724555253983,0.6206486821174622,-0.021359311416745186,7.858965545892715e-05,0.0,0.033030956983566284,1.1130390167236328,0.7686208417219392,6.123678207397461,2.045572519302368,6.156709671020508,2.313920736312866,6.924347639083862,4.199541330337524,,,,,,
8789940000.0,121.19,8.0,6391222784.0,2367.2464547958066,1870.0,0.07080078125,30654464.0,63847.09232020378,0.0007227633614093065,0.00335693359375,2.110081672668457,-0.020267531275749207,0.6133367419242859,-0.02110081911087036,0.0008332887664437294,0.0,0.05986993759870529,1.105491042137146,0.7743283475583066,6.094255447387695,2.0783631801605225,6.154125690460205,2.32710862159729,6.92112135887146,4.187005996704102,,,,,,
8789940000.0,119.49,7.800000190734863,6391222784.0,2318.0434759920277,1871.0,0.0714111328125,30670848.0,63854.160349845886,0.001026913640089333,0.00494384765625,2.100881814956665,-0.02121582441031933,0.5766537189483643,-0.021008817479014397,-0.000207006698474288,0.0,0.036649443209171295,1.0737286806106567,0.781860019321144,6.099891662597656,2.0354061126708984,6.136541366577148,2.298936128616333,7.0680296421051025,4.195626497268677,,,,,,
8789940000.0,110.19,8.300000190734863,6391222784.0,2288.198563871427,1872.0,0.0762939453125,30687232.0,63861.32056760788,0.001057102927006781,0.00445556640625,2.0774729251861572,-0.02057763561606407,0.5447062253952026,-0.020774725824594498,0.00019709020853042603,0.0,0.09501730650663376,1.0437660217285156,0.8124095771573143,6.251032829284668,2.149106025695801,6.346050262451172,2.40989351272583,7.160217761993408,4.204672336578369,,,,,,
8789940000.0,98.01,7.400000095367432,6391222784.0,2360.5057970403664,1873.0,0.0604248046875,30703616.0,63868.261452913284,0.0008982127183116972,0.00390625,2.1060194969177246,-0.019997620955109596,0.6727461814880371,-0.021060196682810783,0.0010625775903463364,0.0,-0.026774214580655098,1.1662631034851074,0.7296406533813227,6.2190093994140625,2.0480895042419434,6.192235469818115,2.2429826259613037,6.940885305404663,4.196408987045288,,,,,,
8789940000.0,122.86,8.0,6391222784.0,2386.6058967535037,1874.0,0.0616455078125,30720000.0,63875.126432180405,0.0019532700534909964,0.01422119140625,2.140547275543213,-0.019815338775515556,0.5307809710502625,-0.021405473351478577,0.0015901317819952965,0.0,0.004627668298780918,1.0279654264450073,0.778685519973608,6.196315765380859,1.9715567827224731,6.200943470001221,2.1851115226745605,6.864979267120361,4.210808992385864,,,,,,
8789940000.0,133.9,7.599999904632568,6391222784.0,2373.2671637096782,1875.0,0.05859375,30736384.0,63882.02999544144,0.001571125932969153,0.01165771484375,2.1023154258728027,-0.020874781534075737,0.5898594856262207,-0.021023152396082878,0.00014837109483778477,0.0,-0.028309956192970276,1.0862151384353638,0.7605804792597204,6.221132278442383,1.9402987957000732,6.192822456359863,2.219914197921753,6.9035632610321045,4.197815895080566,,,,,,
8789940000.0,119.61,9.0,6391222784.0,2373.2039725637296,1876.0,0.0787353515625,30752768.0,63888.93374252319,0.002079873811453581,0.01593017578125,2.0421571731567383,-0.020090404897928238,0.5309637188911438,-0.020421572029590607,0.00033116526901721954,0.0,0.1483180969953537,1.0268272161483765,0.7761281277005281,6.4323201179504395,1.9572681188583374,6.5806379318237305,2.170189619064331,6.903747081756592,4.19074821472168,,,,,,
8789940000.0,112.1,8.199999809265137,6391222784.0,2350.8371598072067,1877.0,0.0738525390625,30769152.0,63895.90317463875,0.0017713586566969752,0.01239013671875,2.0532736778259277,-0.020135220140218735,0.6834200620651245,-0.02053273655474186,0.0003975159488618374,0.0,-0.01275251992046833,1.1649290323257446,0.7434531475928695,6.597421169281006,2.027113199234009,6.58466911315918,2.299938678741455,6.96943211555481,4.180914640426636,,,,,,
8789940000.0,109.04,8.100000381469727,6391222784.0,2358.0391539049524,1878.0,0.0689697265625,30785536.0,63902.85132050514,0.0012326729483902454,0.00872802734375,2.052730083465576,-0.0202987939119339,0.5917395353317261,-0.020527301356196404,0.00022850651293992996,0.0,0.011138234287500381,1.087024211883545,0.7685190791939956,6.460204124450684,2.009373664855957,6.471342086791992,2.2593393325805664,6.948145866394043,4.199860334396362,,,,,,
8789940000.0,122.82,7.800000190734863,6391222784.0,2417.9495109860436,1879.0,0.06103515625,30801920.0,63909.627309799194,0.002082421910017729,0.0172119140625,2.0715065002441406,-0.0202691201120615,0.5484816431999207,-0.02071506530046463,0.0004459470510482788,0.0,-0.021274201571941376,1.0460718870162964,0.7562179033360408,6.207941055297852,1.8757706880569458,6.186666488647461,2.1186559200286865,6.775989294052124,4.18379807472229,,,,,,
8789940000.0,120.3,8.199999809265137,6391222784.0,2319.315969921564,1880.0,0.06591796875,30818304.0,63916.69146156311,0.0019426848739385605,0.01690673828125,2.061225414276123,-0.020277004688978195,0.5588999390602112,-0.020612256601452827,0.00033524632453918457,0.0,0.006318076979368925,1.053170919418335,0.7661682348138714,6.276813507080078,1.9229886531829834,6.2831315994262695,2.177946090698242,7.064151763916016,4.202842950820923,,,,,,
8789940000.0,147.19,7.699999809265137,6391222784.0,2362.541520505071,1881.0,0.0579833984375,30834688.0,63923.62636613846,0.0016121880616992712,0.0130615234375,2.0920541286468506,-0.020407237112522125,0.5511090159416199,-0.020920541137456894,0.0005133021622896194,0.0,-0.005212831310927868,1.0497735738754272,0.7528654907189043,6.099270820617676,1.8316903114318848,6.094058036804199,2.1116831302642822,6.9349045753479,4.213268041610718,,,,,,
8789940000.0,98.22,7.599999904632568,6391222784.0,2402.440465152654,1882.0,0.0701904296875,30851072.0,63930.44609808922,0.0022015245631337166,0.022216796875,2.0663294792175293,-0.02063891664147377,0.7121091485023499,-0.020663294941186905,2.4376902729272842e-05,0.0,-0.027068786323070526,1.1922268867492676,0.7462271372748785,6.448205471038818,1.9959644079208374,6.421136856079102,2.366663694381714,6.819731950759888,4.1808741092681885,,,,,,
8789940000.0,112.03,8.100000381469727,6391222784.0,2340.5098071070774,1883.0,0.0732421875,30867456.0,63937.44628238678,0.002024624031037092,0.01617431640625,2.1037087440490723,-0.021579569205641747,0.625971257686615,-0.021037086844444275,-0.0005424832925200462,0.0,-0.007782530039548874,1.1179065704345703,0.7629298941123989,6.379364967346191,2.006932258605957,6.371582984924316,2.2959747314453125,7.0001842975616455,4.192841053009033,,,,,,
8789940000.0,119.86,8.399999618530273,6391222784.0,2345.805924659254,1884.0,0.07080078125,30883840.0,63944.43066239357,0.00218970631249249,0.0179443359375,2.1312203407287598,-0.020244594663381577,0.4765840172767639,-0.021312201395630836,0.0010676076635718346,0.0,0.048677198588848114,0.977843701839447,0.8101461532635867,6.334866046905518,2.041395425796509,6.383543014526367,2.2441892623901367,6.984380006790161,4.192226886749268,,,,,,
8789940000.0,132.31,7.400000095367432,6391222784.0,2349.885932412909,1885.0,0.0677490234375,30900224.0,63951.40291571617,0.0019535673782229424,0.01544189453125,2.118575096130371,-0.020515624433755875,0.5820766091346741,-0.021185750141739845,0.0006701238453388214,0.0,0.004314803518354893,1.077633023262024,0.7848636434642683,6.302992820739746,2.044459581375122,6.307307720184326,2.3233470916748047,6.972253322601318,4.192105770111084,,,,,,
8789940000.0,127.96,8.100000381469727,6391222784.0,2307.1866771981545,1886.0,0.0762939453125,30916608.0,63958.50420498848,0.003547162050381303,0.03472900390625,2.0435049533843994,-0.01911269500851631,0.656733512878418,-0.020435050129890442,0.0013223495334386826,0.0,-0.004347316455096006,1.1425050497055054,0.7518325293293303,6.521069526672363,1.9713563919067383,6.516722679138184,2.2934322357177734,7.10128927230835,4.183887720108032,,,,,,
8789940000.0,94.09,7.800000190734863,6391222784.0,2339.178444320117,1887.0,0.072021484375,30932992.0,63965.50837349892,0.0021146414801478386,0.01861572265625,2.0650951862335205,-0.019475560635328293,0.6898176670074463,-0.02065095119178295,0.0011753919534385204,0.0,-0.028301700949668884,1.1736018657684326,0.7401897674310594,6.469839096069336,2.005946397781372,6.441537857055664,2.302462577819824,7.004168510437012,4.178202390670776,,,,,,
,,,,,,,,,,,,,,,,,,,,,,,,,,0.022769464179873466,0.6010546088218689,0.5560675859451294,0.022769464179873466,0.6010546088218689,0.5560675859451294
,,,,,,,,,,,,,,,,,,,,,,,,,,0.021627744659781456,0.5487275719642639,0.5186421275138855,0.021627744659781456,0.5487275719642639,0.5186421275138855
,,,,,,,,,,,,,,,,,,,,,,,,,,0.020847098901867867,0.5193370580673218,0.4909221827983856,0.020847098901867867,0.5193370580673218,0.4909221827983856
,,,,,,,,,,,,,,,,,,,,,,,,,,0.020703136920928955,0.4978860318660736,0.4688730239868164,0.020703136920928955,0.4978860318660736,0.4688730239868164
,,,,,,,,,,,,,,,,,,,,,,,,,,0.020870331674814224,0.4746725857257843,0.4471502900123596,0.020870331674814224,0.4746725857257843,0.4471502900123596
,,,,,,,,,,,,,,,,,,,,,,,,,,0.020961184054613113,0.4594980776309967,0.4326477348804474,0.020961184054613113,0.4594980776309967,0.4326477348804474
8789940000.0,96.12,8.300000190734863,6188634112.0,18.392262185770747,1888.0,0.072021484375,30949376.0,64856.317771196365,0.0008643293986096978,0.00433349609375,2.10937762260437,-0.021065603941679,0.6486362814903259,-0.02109377272427082,2.8170645236968994e-05,0.0,0.02925705909729004,1.1354327201843262,0.7526478098023035,6.304040908813477,2.055210590362549,6.333298206329346,2.282987594604492,890.8093976974487,4.402470588684082,,,,,,
8789940000.0,92.09,8.399999618530273,6391222784.0,2382.681570975777,1889.0,0.0634765625,30965760.0,64863.19405722618,0.0008953427895903587,0.00262451171875,2.176176071166992,-0.022004384547472,0.5229878425598145,-0.021761760115623474,-0.00024262256920337677,0.0,0.05164659023284912,1.018917441368103,0.7881790606798582,6.134324073791504,1.9758158922195435,6.185970783233643,2.2138819694519043,6.876286029815674,4.193895101547241,,,,,,
8789940000.0,134.78,8.100000381469727,6391222784.0,2382.0532115639166,1890.0,0.05859375,30982144.0,64870.07215714455,0.001214849529787898,0.0048828125,2.1746788024902344,-0.02209780551493168,0.5785356163978577,-0.021746790036559105,-0.0003510182723402977,0.0,-0.004721292294561863,1.0756474733352661,0.7560624493037804,6.142722129821777,1.9283826351165771,6.13800048828125,2.1778626441955566,6.8780999183654785,4.188299179077148,,,,,,
8789940000.0,122.51,8.199999809265137,6391222784.0,2404.221523831135,1891.0,0.0689697265625,30998528.0,64876.886837005615,0.0010547599522396922,0.004150390625,2.1612627506256104,-0.022160567343235016,0.6184215545654297,-0.02161262556910515,-0.0005479417741298676,0.0,0.05223154276609421,1.1113837957382202,0.7498580153251775,6.373735427856445,1.9819073677062988,6.425967216491699,2.222137451171875,6.814679861068726,4.205540895462036,,,,,,
8789940000.0,122.41,7.599999904632568,6391222784.0,2404.253992335787,1892.0,0.0439453125,31014912.0,64883.70142483711,0.0007645920850336552,0.00201416015625,2.204542398452759,-0.022041667252779007,0.4965938329696655,-0.022045426070690155,3.757886588573456e-06,0.0,-0.03220335394144058,0.9924793243408203,0.7555115984385815,6.045366287231445,1.7804259061813354,6.013163089752197,2.0072081089019775,6.814587831497192,4.176225423812866,,,,,,
8789940000.0,154.08,8.199999809265137,6391222784.0,2315.8937790649493,1893.0,0.05126953125,31031296.0,64890.77601528168,0.0008203760953620076,0.00347900390625,2.186981678009033,-0.02205945923924446,0.44744792580604553,-0.02186981588602066,-0.00018964195623993874,0.0,0.021096955984830856,0.9427591562271118,0.7867558082730657,6.158971786499023,1.8453296422958374,6.1800689697265625,2.041559934616089,7.074590444564819,4.206765413284302,,,,,,
8789940000.0,146.78,7.900000095367432,6391222784.0,2236.3039087258235,1894.0,0.0531005859375,31047680.0,64898.10238981247,0.00118348840624094,0.00555419921875,2.2187142372131348,-0.022383175790309906,0.4274211823940277,-0.022187143564224243,-0.00019603222608566284,0.0,-0.06117946282029152,0.9218608736991882,0.7998185698716664,6.132822036743164,1.831829309463501,6.071642875671387,2.0604090690612793,7.326374530792236,4.202088832855225,,,,,,
8789940000.0,136.19,7.800000190734863,6391222784.0,2296.199674927557,1895.0,0.047607421875,31064064.0,64905.237657785416,0.0012757850345224142,0.00885009765625,2.2257235050201416,-0.022206228226423264,0.43419572710990906,-0.022257234901189804,5.100667476654053e-05,0.0,-0.042883336544036865,0.928565263748169,0.780338044357893,6.104918479919434,1.7552133798599243,6.062034606933594,1.9812304973602295,7.135267972946167,4.19575309753418,,,,,,
8789940000.0,181.63,7.599999904632568,6391222784.0,2358.8524554014907,1896.0,0.0347900390625,31080448.0,64912.18340802193,0.001869629486463964,0.0137939453125,2.2515602111816406,-0.022056719288229942,0.39273378252983093,-0.02251560240983963,0.00045888544991612434,0.0,-0.05947624891996384,0.8847116231918335,0.7864209548348164,5.951514720916748,1.6974107027053833,5.892038345336914,1.9143542051315308,6.9457502365112305,4.179143905639648,,,,,,
8789940000.0,184.2,7.5,6391222784.0,2381.7274343124136,1897.0,0.0360107421875,31096832.0,64919.062448740005,0.0010996630880981684,0.00543212890625,2.243576765060425,-0.022305894643068314,0.37094804644584656,-0.022435767576098442,0.00012987665832042694,0.0,-0.08331488072872162,0.861178994178772,0.79943652253246,5.9834394454956055,1.7185786962509155,5.900124549865723,1.9229481220245361,6.879040718078613,4.189073801040649,,,,,,
8789940000.0,209.53,7.0,6391222784.0,2420.4787849160334,1898.0,0.0396728515625,31113216.0,64925.831357479095,0.0009169939439743757,0.00396728515625,2.2384352684020996,-0.022752884775400162,0.4016517698764801,-0.02238435111939907,-0.00036853854544460773,0.0,-0.09257649630308151,0.8943221569061279,0.7935370898259058,5.898285865783691,1.711152195930481,5.805709362030029,1.968217134475708,6.768908739089966,4.206125259399414,,,,,,
8789940000.0,182.2,6.900000095367432,6391222784.0,2399.793513377187,1899.0,0.0408935546875,31129600.0,64932.658611536026,0.0011312587885186076,0.0081787109375,2.219587564468384,-0.0218668170273304,0.49122822284698486,-0.02219587191939354,0.00032905302941799164,0.0,-0.027324404567480087,0.9894299507141113,0.7672879270757813,5.874086380004883,1.759393572807312,5.846761703491211,2.0510470867156982,6.827254056930542,4.181323051452637,,,,,,
8789940000.0,190.9,8.399999618530273,6391222784.0,2406.267405644764,1900.0,0.0543212890625,31145984.0,64939.467497348785,0.0007959672948345542,0.00390625,2.1928248405456543,-0.02152872458100319,0.45378878712654114,-0.021928248926997185,0.00039952248334884644,0.0,0.056537408381700516,0.9518014788627625,0.7949711391750282,6.05063009262085,1.917422890663147,6.1071672439575195,2.102029323577881,6.808885812759399,4.1935601234436035,,,,,,
8789940000.0,186.08,8.199999809265137,6391222784.0,2378.932026415486,1901.0,0.0445556640625,31162368.0,64946.35462141037,0.0014918949455022812,0.0113525390625,2.19429612159729,-0.022581545636057854,0.4231586754322052,-0.02194296009838581,-0.0006385825108736753,0.0,0.04468373954296112,0.9203789830207825,0.7933135347737477,5.881039619445801,1.8123894929885864,5.925723075866699,2.024466037750244,6.887124061584473,4.195072174072266,,,,,,
8789940000.0,122.42,7.400000095367432,6391222784.0,2353.669429612024,1902.0,0.050048828125,31178752.0,64953.315666913986,0.0007451795972883701,0.00372314453125,2.170553684234619,-0.021365463733673096,0.5040732622146606,-0.021705536171793938,0.0003400752320885658,0.0,-0.023404527455568314,1.0048552751541138,0.7726097277699181,5.885441780090332,1.868379831314087,5.862037181854248,2.1072585582733154,6.961045503616333,4.198168992996216,,,,,,
8789940000.0,151.76,8.199999809265137,6391222784.0,2426.2591570973104,1903.0,0.054931640625,31195136.0,64960.068449258804,0.0008814872708171606,0.00506591796875,2.1601836681365967,-0.02114819921553135,0.46152475476264954,-0.021601837128400803,0.0004536416381597519,0.0,0.04573734104633331,0.9583939909934998,0.8036774711505799,6.041946887969971,1.92360520362854,6.087684154510498,2.1630125045776367,6.752782344818115,4.198856830596924,,,,,,
8789940000.0,143.12,7.599999904632568,6391222784.0,2409.2386147095026,1904.0,0.0555419921875,31211520.0,64966.86893796921,0.0013047622051090002,0.0086669921875,2.1452693939208984,-0.02125215344130993,0.5370660424232483,-0.02145269326865673,0.000200541689991951,0.0,-0.03305473178625107,1.0320420265197754,0.7581020539498343,5.979337215423584,1.860857367515564,5.946282386779785,2.0983645915985107,6.800488710403442,4.2004735469818115,,,,,,
8789940000.0,134.56,8.0,6391222784.0,2338.8434322992925,1905.0,0.0653076171875,31227904.0,64973.874109745026,0.0007463537622243166,0.00384521484375,2.090327501296997,-0.020829472690820694,0.6110116839408875,-0.02090327814221382,7.380789611488581e-05,0.0,0.06753098964691162,1.099918246269226,0.7656304605085814,6.188281059265137,1.9899803400039673,6.255812168121338,2.272008180618286,7.005171775817871,4.212061882019043,,,,,,
8789940000.0,132.38,8.199999809265137,6391222784.0,2393.247755825576,1906.0,0.0762939453125,31244288.0,64980.72003698349,0.0010393480770289898,0.0068359375,2.066739797592163,-0.020550847053527832,0.5692203044891357,-0.02066739648580551,0.00011654943227767944,0.0,0.0660209134221077,1.068542242050171,0.7825615167726497,6.322906017303467,2.0370664596557617,6.3889265060424805,2.2915189266204834,6.8459272384643555,4.184770822525024,,,,,,
8789940000.0,104.23,7.800000190734863,6391222784.0,2349.2443110643308,1907.0,0.069580078125,31260672.0,64987.69419455528,0.0014863262185826898,0.0111083984375,2.0828702449798584,-0.02017100714147091,0.7297883033752441,-0.020828701555728912,0.0006576948799192905,0.0,-0.014368584379553795,1.211551547050476,0.7177611367743,6.338912010192871,1.9880211353302002,6.324543476104736,2.280517578125,6.9741575717926025,4.208315134048462,,,,,,
8789940000.0,98.64,8.199999809265137,6391222784.0,2387.8329096333878,1908.0,0.0775146484375,31277056.0,64994.55564618111,0.0017789184348657727,0.01007080078125,2.059560537338257,-0.019604090601205826,0.5834459662437439,-0.020595606416463852,0.0009915158152580261,0.0,0.05670775845646858,1.0784931182861328,0.7796723808790027,6.441981315612793,2.030301094055176,6.4986891746521,2.297644853591919,6.861451625823975,4.197418928146362,,,,,,
8789940000.0,126.17,7.599999904632568,6391222784.0,2380.1960890572805,1909.0,0.0689697265625,31293440.0,65001.43911266327,0.0006114544812589884,0.002197265625,2.0338027477264404,-0.02017020620405674,0.6884687542915344,-0.02033802680671215,0.00016782060265541077,0.0,-0.041758641600608826,1.1737569570541382,0.7314714183257314,6.4051737785339355,1.9911996126174927,6.363415241241455,2.2650773525238037,6.883466482162476,4.205377578735352,,,,,,
8789940000.0,104.3,8.0,6391222784.0,2395.9606395617952,1910.0,0.076904296875,31309824.0,65008.27728843689,0.0008444689447060227,0.00543212890625,2.028900384902954,-0.019942615181207657,0.6503366231918335,-0.020289001986384392,0.0003463979810476303,0.0,0.024379819631576538,1.131800651550293,0.7375871546671469,6.419801235198975,1.9199767112731934,6.444180965423584,2.209416151046753,6.8381757736206055,4.190671920776367,,,,,,
8789940000.0,105.04,7.699999809265137,6391222784.0,2363.3206247481517,1911.0,0.074462890625,31326208.0,65015.20990681648,0.000944265688303858,0.00482177734375,2.024045467376709,-0.01979285292327404,0.7160935401916504,-0.020240452140569687,0.00044759921729564667,0.0,-0.025347761809825897,1.1919947862625122,0.7178348711151055,6.495301246643066,1.926500678062439,6.469953536987305,2.2439990043640137,6.9326183795928955,4.190150499343872,,,,,,
8789940000.0,83.38,8.600000381469727,6391222784.0,2400.8607366492156,1912.0,0.0830078125,31342592.0,65022.03412604332,0.0008284215582534671,0.00482177734375,2.0445072650909424,-0.019735384732484818,0.5919897556304932,-0.020445074886083603,0.0007096864283084869,0.0,0.1163494735956192,1.0834288597106934,0.7481280354686328,6.534891128540039,1.9056226015090942,6.651240348815918,2.158790349960327,6.824219226837158,4.1926798820495605,,,,,,
8789940000.0,114.25,8.199999809265137,6391222784.0,2390.6027977988615,1913.0,0.0634765625,31358976.0,65028.88762760162,0.0013001258485019207,0.00714111328125,2.13299298286438,-0.021069880574941635,0.48507198691368103,-0.021329928189516068,0.0002600476145744324,0.0,0.014502113685011864,0.9819772839546204,0.7830022954337768,6.370995044708252,1.904671549797058,6.385497093200684,2.1080143451690674,6.853501558303833,4.20039701461792,,,,,,
8789940000.0,118.3,8.0,6391222784.0,2368.5840073727218,1914.0,0.0701904296875,31375360.0,65035.80484056473,0.0010263901203870773,0.00677490234375,2.088498115539551,-0.020417260006070137,0.5821274518966675,-0.020884981378912926,0.000467718462459743,0.0,-0.009663587436079979,1.0782347917556763,0.7568636705159582,6.486715316772461,1.917176604270935,6.477051734924316,2.1866965293884277,6.917212963104248,4.214158058166504,,,,,,
8789940000.0,127.04,7.900000095367432,6391222784.0,2330.0111119184535,1915.0,0.0665283203125,31391744.0,65042.83656668663,0.0014976884704083204,0.00836181640625,2.085360527038574,-0.020449643954634666,0.5568748712539673,-0.02085360884666443,0.0004039658233523369,0.0,0.017974816262722015,1.0534480810165405,0.7604606915428113,6.422492980957031,1.8760603666305542,6.4404683113098145,2.152409791946411,7.031726121902466,4.225640296936035,,,,,,
8789940000.0,94.13,8.300000190734863,6391222784.0,2393.374284864279,1916.0,0.0762939453125,31408128.0,65049.68213200569,0.0011786313261836767,0.0074462890625,2.022423267364502,-0.01963808946311474,0.6886416077613831,-0.020224230363965034,0.0005861404351890087,0.0,-0.05075710266828537,1.171820044517517,0.7280811926458262,6.670548439025879,1.9280927181243896,6.619791030883789,2.2471985816955566,6.845565319061279,4.20864725112915,,,,,,
8789940000.0,108.38,7.800000190734863,6391222784.0,2401.330384063431,1917.0,0.06103515625,31424512.0,65056.50501656532,0.0010437483433634043,0.005859375,2.113769769668579,-0.020945921540260315,0.5020260810852051,-0.021137695759534836,0.00019177375361323357,0.0,-0.062249042093753815,1.0008820295333862,0.7647031225300414,6.245779037475586,1.8374649286270142,6.183529853820801,2.063359260559082,6.822884559631348,4.188714027404785,,,,,,
8789940000.0,117.79,7.800000190734863,6391222784.0,2392.973488806757,1918.0,0.0592041015625,31440896.0,65063.35172843933,0.0011453625047579408,0.00665283203125,2.1071784496307373,-0.020349208265542984,0.5506958961486816,-0.02107178419828415,0.0007225777953863144,0.0,0.009136870503425598,1.0469627380371094,0.7544945622670511,6.182826995849609,1.8097476959228516,6.191964626312256,2.113007068634033,6.846711874008179,4.192952632904053,,,,,,
8789940000.0,98.0,8.399999618530273,6391222784.0,2377.782016142675,1919.0,0.0775146484375,31457280.0,65070.242183446884,0.0012276619672775269,0.00885009765625,2.072941780090332,-0.020172741264104843,0.6320998668670654,-0.020729418843984604,0.0005566775798797607,0.0,0.04848821088671684,1.1196043491363525,0.7548076295086414,6.505878925323486,1.9687678813934326,6.5543670654296875,2.261054515838623,6.890455007553101,4.20269775390625,,,,,,
,,,,,,,,,,,,,,,,,,,,,,,,,,0.02005920186638832,0.5788400769233704,0.5349525809288025,0.02005920186638832,0.5788400769233704,0.5349525809288025
,,,,,,,,,,,,,,,,,,,,,,,,,,0.018799347802996635,0.5232651829719543,0.5010107159614563,0.018799347802996635,0.5232651829719543,0.5010107159614563
,,,,,,,,,,,,,,,,,,,,,,,,,,0.01782812364399433,0.4938710331916809,0.47417402267456055,0.01782812364399433,0.4938710331916809,0.47417402267456055
,,,,,,,,,,,,,,,,,,,,,,,,,,0.017940141260623932,0.4739382863044739,0.4536168575286865,0.017940141260623932,0.4739382863044739,0.4536168575286865
,,,,,,,,,,,,,,,,,,,,,,,,,,0.017924770712852478,0.4527440071105957,0.4339454472064972,0.017924770712852478,0.4527440071105957,0.4339454472064972
,,,,,,,,,,,,,,,,,,,,,,,,,,0.017810028046369553,0.43861743807792664,0.4204960763454437,0.017810028046369553,0.43861743807792664,0.4204960763454437
8789940000.0,144.78,7.599999904632568,6188634112.0,15.534461383813733,1920.0,0.06103515625,31473664.0,66124.92953920364,0.0009498942526988685,0.0054931640625,2.142948627471924,-0.021302450448274612,0.5417107343673706,-0.021429486572742462,0.0001270398497581482,0.0,-0.009703904390335083,1.0388667583465576,0.7767159722011925,6.075017929077148,1.8924560546875,6.065314292907715,2.1985232830047607,1054.6873557567596,4.2294299602508545,,,,,,
8789940000.0,112.7,7.800000190734863,6391222784.0,2321.0935384512914,1921.0,0.05615234375,31490048.0,66131.98828101158,0.0009905376937240362,0.00592041015625,2.1226401329040527,-0.020430266857147217,0.5635454654693604,-0.021226398646831512,0.000796132255345583,0.0,0.021735845133662224,1.0607835054397583,0.7601733509434969,6.011228561401367,1.8999685049057007,6.032964706420898,2.16609787940979,7.058741807937622,4.320166826248169,,,,,,
8789940000.0,102.78,8.100000381469727,6391222784.0,2378.024996998032,1922.0,0.050048828125,31506432.0,66138.87803196907,0.001171259325928986,0.00592041015625,2.115170478820801,-0.021307997405529022,0.46975943446159363,-0.02115170657634735,-0.00015629269182682037,0.0,0.00330718862824142,0.9690911769866943,0.7756851360555646,5.922776222229004,1.8439838886260986,5.926083564758301,2.0461413860321045,6.889750957489014,4.329568386077881,,,,,,
8789940000.0,154.99,7.5,6391222784.0,2353.473070011528,1923.0,0.0555419921875,31522816.0,66145.83965826035,0.001017390750348568,0.00482177734375,2.0851798057556152,-0.02088196948170662,0.5836362242698669,-0.020851794630289078,-3.017042763531208e-05,0.0,-0.016222426667809486,1.080220103263855,0.7571148451803089,6.0619401931762695,1.9239506721496582,6.045717716217041,2.1918559074401855,6.961626291275024,4.232982397079468,,,,,,
8789940000.0,134.96,7.300000190734863,6391222784.0,2377.414882605943,1924.0,0.0592041015625,31539200.0,66152.73117733002,0.0009743036353029311,0.0057373046875,2.0391201972961426,-0.020988306030631065,0.5803016424179077,-0.020391201600432396,-0.0005971062928438187,0.0,0.010885065421462059,1.076628565788269,0.7445785428913521,6.107885837554932,1.8489755392074585,6.118770599365234,2.130281686782837,6.891519069671631,4.230464458465576,,,,,,
8789940000.0,111.38,7.699999809265137,6391222784.0,2402.8667039057896,1925.0,0.076904296875,31555584.0,66159.5496995449,0.0007304181344807148,0.00421142578125,1.9887006282806396,-0.019671469926834106,0.8629706501960754,-0.019887004047632217,0.0002155359834432602,0.0,-0.0034664953127503395,1.3134379386901855,0.6912784199581861,6.307689189910889,1.9826408624649048,6.304222583770752,2.3638839721679688,6.818522214889526,4.238020658493042,,,,,,
8789940000.0,93.61,8.5,6391222784.0,2364.7766972744466,1926.0,0.084228515625,31571968.0,66166.47804927826,0.0007508604903705418,0.0030517578125,1.9804625511169434,-0.01965216174721718,0.6863423585891724,-0.01980462297797203,0.00015246262773871422,0.0,0.10880175232887268,1.1639446020126343,0.7537883069380554,6.3361053466796875,2.0627756118774414,6.444907188415527,2.3457295894622803,6.928349733352661,4.199918508529663,,,,,,
8789940000.0,85.03,7.5,6391222784.0,2391.4838283896834,1927.0,0.081787109375,31588352.0,66173.32902598381,0.0011485806899145246,0.0059814453125,1.9602457284927368,-0.019957687705755234,0.8795343637466431,-0.0196024551987648,-0.0003552297130227089,0.0,-0.02572968229651451,1.3249562978744507,0.6929825506223384,6.478859901428223,2.0315141677856445,6.453130722045898,2.391223907470703,6.8509767055511475,4.199871778488159,,,,,,
8789940000.0,92.56,7.599999904632568,6391222784.0,2375.140164786627,1928.0,0.067138671875,31604736.0,66180.22714519501,0.00141189678106457,0.00848388671875,2.0599069595336914,-0.02034100517630577,0.6728007197380066,-0.02059907093644142,0.0002580583095550537,0.0,-0.003379625268280506,1.1554853916168213,0.73687952345711,6.144965648651123,1.9740263223648071,6.141585826873779,2.252615213394165,6.898119211196899,4.322277545928955,,,,,,
8789940000.0,113.43,7.900000095367432,6391222784.0,2378.402279351843,1929.0,0.064697265625,31621120.0,66187.11580324173,0.0007815818535163999,0.00494384765625,2.1148877143859863,-0.020502666011452675,0.5512164831161499,-0.02114887908101082,0.0006462046876549721,0.0,-0.009189557284116745,1.046887755393982,0.7650709304852139,6.181133270263672,1.9130688905715942,6.1719441413879395,2.159891128540039,6.888658046722412,4.251243352890015,,,,,,
8789940000.0,130.05,7.800000190734863,6391222784.0,2369.159865657408,1930.0,0.0665283203125,31637504.0,66194.03133487701,0.0009519907180219889,0.00311279296875,2.1032369136810303,-0.020972833037376404,0.6822503805160522,-0.02103237248957157,5.954131484031677e-05,0.0,-0.025682639330625534,1.1655205488204956,0.7313350277743171,6.149393081665039,1.9173026084899902,6.1237101554870605,2.2486114501953125,6.915531635284424,4.199869394302368,,,,,,
8789940000.0,122.41,8.300000190734863,6391222784.0,2382.6563740582637,1931.0,0.0848388671875,31653888.0,66200.9076936245,0.0008765868842601776,0.00408935546875,2.050762891769409,-0.021090075373649597,0.66214919090271,-0.020507629960775375,-0.0005824458785355091,0.0,0.13638924062252045,1.1515998840332031,0.7472709531759643,6.4154510498046875,2.0403809547424316,6.551840782165527,2.29073166847229,6.8763587474823,4.199054718017578,,,,,,
8789940000.0,108.32,8.199999809265137,6391222784.0,2377.336419742836,1932.0,0.076904296875,31670272.0,66207.79944014549,0.0011080829426646233,0.00433349609375,2.0571420192718506,-0.020831163972616196,0.5886927843093872,-0.020571419969201088,-0.00025974493473768234,0.0,0.031749095767736435,1.0810598134994507,0.762599079052902,6.329623222351074,1.9832693338394165,6.361372470855713,2.218750238418579,6.891746520996094,4.215204954147339,,,,,,
8789940000.0,92.83,8.5,6391222784.0,2387.1870696291357,1933.0,0.0714111328125,31686656.0,66214.66274809837,0.0016076946631073952,0.00762939453125,2.032658100128174,-0.02011217176914215,0.6939020752906799,-0.020326580852270126,0.000214405357837677,0.0,0.019393377006053925,1.1750006675720215,0.7274555403891001,6.485738754272461,1.9781757593154907,6.505131721496582,2.2507081031799316,6.863307952880859,4.191789150238037,,,,,,
8789940000.0,116.75,7.800000190734863,6391222784.0,2378.661277577901,1934.0,0.0726318359375,31703040.0,66221.55065608025,0.000946001848205924,0.00341796875,2.0290937423706055,-0.021299639716744423,0.6488848328590393,-0.020290939137339592,-0.001008693128824234,0.0,-0.010202417150139809,1.1322988271713257,0.7590051882831641,6.482658863067627,1.9790962934494019,6.472456455230713,2.3065197467803955,6.887907981872559,4.200274467468262,,,,,,
8789940000.0,98.68,8.100000381469727,6391222784.0,2355.0040270806962,1935.0,0.074462890625,31719424.0,66228.50775671005,0.0015289679868146777,0.009521484375,2.053460121154785,-0.019963640719652176,0.6510306596755981,-0.02053459919989109,0.0005709605757147074,0.0,-0.009558645077049732,1.136817216873169,0.7434157989920681,6.687219619750977,2.0104217529296875,6.677660942077637,2.244271755218506,6.9571006298065186,4.20957350730896,,,,,,
8789940000.0,113.55,8.199999809265137,6391222784.0,2356.636701830272,1936.0,0.07080078125,31735808.0,66235.46003746986,0.0011086245067417622,0.0064697265625,2.067068099975586,-0.020840775221586227,0.5342338681221008,-0.020670682191848755,-0.0001700962893664837,0.0,0.043939366936683655,1.0315773487091064,0.7626680527434095,6.419704437255859,1.8813397884368896,6.463643550872803,2.1175005435943604,6.952280759811401,4.287622451782227,,,,,,
8789940000.0,137.68,7.800000190734863,6391222784.0,2412.595640414908,1937.0,0.06591796875,31752192.0,66242.25106358528,0.0012926887720823288,0.009033203125,2.07938289642334,-0.019902631640434265,0.568158745765686,-0.02079382725059986,0.0008911993354558945,0.0,-0.02299291081726551,1.0671178102493286,0.7591606007657159,6.478805065155029,1.9079246520996094,6.455812454223633,2.1744468212127686,6.7910261154174805,4.202398777008057,,,,,,
8789940000.0,109.13,7.800000190734863,6391222784.0,2397.4463490891276,1938.0,0.07080078125,31768576.0,66249.08500170708,0.002012011129409075,0.0169677734375,2.095254898071289,-0.019171951338648796,0.59051114320755,-0.02095254696905613,0.001780596561729908,0.0,-0.05035008490085602,1.086168885231018,0.7676255540328238,6.4185967445373535,1.9502100944519043,6.368246555328369,2.2532172203063965,6.833938121795654,4.20881986618042,,,,,,
8789940000.0,116.43,8.0,6391222784.0,2406.7448183846445,1939.0,0.0677490234375,31784960.0,66255.89253687859,0.0007131423335522413,0.003662109375,2.0487279891967773,-0.019889935851097107,0.5575231909751892,-0.020487278699874878,0.000597342848777771,0.0,0.032880187034606934,1.0579928159713745,0.758301618227164,6.3653564453125,1.8607981204986572,6.398236274719238,2.1520180702209473,6.807535171508789,4.198636531829834,,,,,,
8789940000.0,143.07,8.0,6391222784.0,2257.5939107576714,1940.0,0.067138671875,31801344.0,66263.1498208046,0.00102210883051157,0.00604248046875,2.1278810501098633,-0.02115698531270027,0.5374569892883301,-0.021278811618685722,0.00012182560749351978,0.0,-0.002086035907268524,1.0342185497283936,0.7607478174043563,6.3532867431640625,1.8775917291641235,6.351200580596924,2.1143860816955566,7.257283926010132,4.524852752685547,,,,,,
8789940000.0,99.82,8.600000381469727,6391222784.0,2371.098870400173,1941.0,0.067138671875,31817728.0,66270.05969715118,0.001249654684215784,0.008056640625,2.1230523586273193,-0.021493136882781982,0.49429434537887573,-0.02123052068054676,-0.0002626159694045782,0.0,0.04547236114740372,0.9930410385131836,0.7838475472299956,6.377340793609619,1.908284068107605,6.422813415527344,2.1359312534332275,6.909876346588135,4.186812400817871,,,,,,
8789940000.0,113.49,7.800000190734863,6391222784.0,2406.37534418573,1942.0,0.0665283203125,31834112.0,66276.86827754974,0.0012967220973223448,0.0087890625,2.117056131362915,-0.020483117550611496,0.5869523882865906,-0.021170562133193016,0.0006874464452266693,0.0,-0.043157752603292465,1.0766457319259644,0.751707521625583,6.581103324890137,1.9055031538009644,6.53794527053833,2.1606826782226562,6.80858039855957,4.222918272018433,,,,,,
8789940000.0,137.52,7.300000190734863,6391222784.0,2415.969169298606,1943.0,0.0628662109375,31850496.0,66283.64982104301,0.0020164959132671356,0.0167236328125,2.1026957035064697,-0.02116306684911251,0.6602821946144104,-0.021026957780122757,-0.00013610604219138622,0.0,-0.027508992701768875,1.1461808681488037,0.7237935020838244,6.541059970855713,1.8507862091064453,6.513550758361816,2.1809027194976807,6.781543493270874,4.2085981369018555,,,,,,
8789940000.0,135.9,7.699999809265137,6391222784.0,2387.3845338340857,1944.0,0.06591796875,31866880.0,66290.51256132126,0.001174178090877831,0.00543212890625,2.132976770401001,-0.020907405763864517,0.606479287147522,-0.021329766139388084,0.0004223613068461418,0.0,-0.05092865228652954,1.1000288724899292,0.7524459084789885,6.384221076965332,1.9054368734359741,6.3332929611206055,2.210899829864502,6.8627402782440186,4.223810911178589,,,,,,
8789940000.0,99.55,7.599999904632568,6391222784.0,2393.327272513242,1945.0,0.05126953125,31883264.0,66297.3582611084,0.00125096645206213,0.00830078125,2.1722140312194824,-0.021351924166083336,0.5043642520904541,-0.021722139790654182,0.00037021562457084656,0.0,-0.06299791485071182,1.003531813621521,0.7598785096100503,6.0712890625,1.8031119108200073,6.008291244506836,2.0479321479797363,6.845699787139893,4.204723596572876,,,,,,
8789940000.0,106.33,8.300000190734863,6391222784.0,2364.7286045833966,1946.0,0.04150390625,31899648.0,66304.28675174713,0.0009323823032900691,0.00537109375,2.156494379043579,-0.021958930417895317,0.2986898720264435,-0.021564945578575134,-0.00039398763328790665,0.0,0.02899003215134144,0.7728676199913025,0.8283692209072613,5.87703275680542,1.6362181901931763,5.906023025512695,1.865552544593811,6.92849063873291,4.2102532386779785,,,,,,
8789940000.0,181.99,8.199999809265137,6391222784.0,2400.577929424288,1947.0,0.047607421875,31916032.0,66311.11177492142,0.002312419004738331,0.02398681640625,2.146153688430786,-0.02178836427628994,0.39394068717956543,-0.02146153710782528,-0.00032683031167834997,0.0,0.009157801046967506,0.886985719203949,0.7917888227327493,6.019016265869141,1.7202969789505005,6.02817440032959,1.9438589811325073,6.825023174285889,4.198928117752075,,,,,,
8789940000.0,188.0,7.199999809265137,6391222784.0,2335.909336658562,1948.0,0.054931640625,31932416.0,66318.12574577332,0.001514191972091794,0.01141357421875,2.1167283058166504,-0.020476222038269043,0.6028099060058594,-0.02116728387773037,0.0006910606753081083,0.0,-0.0734601840376854,1.0938341617584229,0.7441530421113427,6.102646350860596,1.8486924171447754,6.029186248779297,2.162527084350586,7.013970851898193,4.206352949142456,,,,,,
8789940000.0,111.24,7.800000190734863,6391222784.0,2376.366178408225,1949.0,0.05615234375,31948800.0,66325.02030611038,0.0010103675303980708,0.00506591796875,2.120274543762207,-0.02105744741857052,0.5234225392341614,-0.02120274305343628,0.0001452926080673933,0.0,-0.01071169599890709,1.0257251262664795,0.7705169188408204,6.159877777099609,1.8835325241088867,6.149166107177734,2.1411917209625244,6.89456033706665,4.204248428344727,,,,,,
8789940000.0,137.4,8.399999618530273,6391222784.0,2318.39648923545,1950.0,0.0537109375,31965184.0,66332.08725953102,0.0014735739678144455,0.0113525390625,2.176011085510254,-0.021934766322374344,0.379827082157135,-0.021760109812021255,-0.00017465557903051376,0.0,0.03288019448518753,0.8715898990631104,0.8152293721136626,5.979271411895752,1.8216652870178223,6.012151718139648,2.027662515640259,7.066953420639038,4.208523750305176,,,,,,
8789940000.0,160.8,7.699999809265137,6391222784.0,2409.544925854912,1951.0,0.05615234375,31981568.0,66338.88688373566,0.001466983463615179,0.01318359375,2.1546826362609863,-0.021066734567284584,0.629585862159729,-0.021546825766563416,0.00048009399324655533,0.0,-0.01917700469493866,1.1207412481307983,0.7351362535959596,6.045060157775879,1.9098010063171387,6.025882720947266,2.177680730819702,6.79962420463562,4.200815200805664,,,,,,
,,,,,,,,,,,,,,,,,,,,,,,,,,0.024683762341737747,0.6146888732910156,0.5712507963180542,0.024683762341737747,0.6146888732910156,0.5712507963180542
,,,,,,,,,,,,,,,,,,,,,,,,,,0.023742368444800377,0.5573407411575317,0.5344629883766174,0.023742368444800377,0.5573407411575317,0.5344629883766174
,,,,,,,,,,,,,,,,,,,,,,,,,,0.022505545988678932,0.5278214812278748,0.5058445334434509,0.022505545988678932,0.5278214812278748,0.5058445334434509
,,,,,,,,,,,,,,,,,,,,,,,,,,0.021799560636281967,0.5050539374351501,0.4845982491970062,0.021799560636281967,0.5050539374351501,0.4845982491970062
,,,,,,,,,,,,,,,,,,,,,,,,,,0.022146718576550484,0.48474547266960144,0.46591776609420776,0.022146718576550484,0.48474547266960144,0.46591776609420776
,,,,,,,,,,,,,,,,,,,,,,,,,,0.021547531709074974,0.4661678969860077,0.4467942714691162,0.021547531709074974,0.4661678969860077,0.4467942714691162
8789940000.0,140.33,7.5,6188634112.0,16.847484133411648,1952.0,0.069580078125,31997952.0,67311.37629938126,0.0009339813841506839,0.00775146484375,2.1153721809387207,-0.020333439111709595,0.6222461462020874,-0.02115372195839882,0.0008202826138585806,0.0,-0.0595235750079155,1.114193081855774,0.7711273715001987,6.2686686515808105,2.024071216583252,6.209145545959473,2.3289690017700195,972.4894156455994,4.204809904098511,,,,,,
8789940000.0,137.57,8.100000381469727,6391222784.0,2379.723381230364,1953.0,0.06591796875,32014336.0,67318.26113319397,0.0006157333264127374,0.00225830078125,2.093883991241455,-0.020992616191506386,0.6296634674072266,-0.020938841626048088,-5.377456545829773e-05,0.0,0.06450781226158142,1.119897484779358,0.73258820435058,6.305371284484863,1.9492604732513428,6.369878768920898,2.165647506713867,6.884833812713623,4.200909376144409,,,,,,
8789940000.0,125.67,7.800000190734863,6391222784.0,2365.8514401989314,1954.0,0.0677490234375,32030720.0,67325.18633556366,0.0010452724527567625,0.00506591796875,2.091644763946533,-0.021092642098665237,0.6708059906959534,-0.020916447043418884,-0.00017619458958506584,0.0,-0.007463191635906696,1.16282320022583,0.7394580168850271,6.377768516540527,1.9936972856521606,6.37030553817749,2.278111219406128,6.925202369689941,4.204592227935791,,,,,,
8789940000.0,138.47,8.0,6391222784.0,2343.5450677856475,1955.0,0.0634765625,32047104.0,67332.17745351791,0.0009601134806871414,0.00396728515625,2.1316399574279785,-0.021069437265396118,0.517690896987915,-0.021316399797797203,0.0002469620667397976,0.0,0.022017180919647217,1.0164235830307007,0.7640718514323226,6.3201446533203125,1.843630075454712,6.342162132263184,2.0925936698913574,6.99111795425415,4.204472303390503,,,,,,
8789940000.0,106.93,8.100000381469727,6391222784.0,2373.323636984538,1956.0,0.062255859375,32063488.0,67339.08085250854,0.0006616325117647648,0.00286865234375,2.173997402191162,-0.02145317941904068,0.5424808263778687,-0.02173997461795807,0.00028679613023996353,0.0,0.006504065357148647,1.0385382175445557,0.7657091014836664,6.380401611328125,1.89875066280365,6.386905670166016,2.145580291748047,6.9033989906311035,4.194431781768799,,,,,,
8789940000.0,132.82,7.900000095367432,6391222784.0,2342.366969483757,1957.0,0.0665283203125,32079872.0,67346.07548666,0.0017646568594500422,0.0133056640625,2.1270523071289062,-0.021142469719052315,0.6517078280448914,-0.021270519122481346,0.00012804940342903137,0.0,0.001019767951220274,1.1415799856185913,0.7286172979372887,6.559269905090332,1.9205044507980347,6.5602898597717285,2.1913678646087646,6.99463415145874,4.1972739696502686,,,,,,
8789940000.0,100.1,7.900000095367432,6391222784.0,2393.630134444527,1958.0,0.057373046875,32096256.0,67352.92032027245,0.0010188668966293335,0.0042724609375,2.1987175941467285,-0.021516500040888786,0.455915629863739,-0.021987175568938255,0.00047067832201719284,0.0,-0.04870707541704178,0.9553052186965942,0.7821337100539385,6.378424644470215,1.7985129356384277,6.329717636108398,2.0466666221618652,6.844833612442017,4.199534177780151,,,,,,
8789940000.0,147.83,7.400000095367432,6391222784.0,2427.771884647172,1959.0,0.052490234375,32112640.0,67359.66889500618,0.0005668256198987365,0.00103759765625,2.1858739852905273,-0.02236991934478283,0.5923599004745483,-0.021858736872673035,-0.0005111824721097946,0.0,-0.0653643012046814,1.0884288549423218,0.7138188183367336,6.250174522399902,1.7672978639602661,6.184810638427734,2.0346028804779053,6.748574733734131,4.201818227767944,,,,,,
8789940000.0,124.33,7.699999809265137,6391222784.0,2430.277410781404,1960.0,0.0604248046875,32129024.0,67366.41051220894,0.0006914495606906712,0.00250244140625,2.1622097492218018,-0.021965939551591873,0.5170647501945496,-0.02162209525704384,-0.0003438426647335291,0.0,-0.023926936089992523,1.0157465934753418,0.7738874561633943,6.125153541564941,1.8400077819824219,6.101226806640625,2.1361072063446045,6.741617202758789,4.185723781585693,,,,,,
8789940000.0,169.27,8.0,6391222784.0,2441.264589517879,1961.0,0.052490234375,32145408.0,67373.1217880249,0.0008079771068878472,0.00421142578125,2.2157492637634277,-0.022009531036019325,0.4611508250236511,-0.022157493978738785,0.00014795828610658646,0.0,0.041778698563575745,0.9606139063835144,0.7718368826159785,5.891672134399414,1.7464295625686646,5.933450698852539,2.0110650062561035,6.711275815963745,4.1932008266448975,,,,,,
8789940000.0,120.53,7.699999809265137,6391222784.0,2404.4619461433513,1962.0,0.068359375,32161792.0,67379.93578648567,0.0006786260055378079,0.00225830078125,2.15152645111084,-0.021568147465586662,0.5594713687896729,-0.021515268832445145,-5.288282409310341e-05,0.0,-0.027220040559768677,1.0544651746749878,0.7803558473459586,6.300891876220703,1.9605228900909424,6.2736711502075195,2.2499470710754395,6.813998460769653,4.20015549659729,,,,,,
8789940000.0,131.94,8.100000381469727,6391222784.0,2429.92765592019,1963.0,0.0726318359375,32178176.0,67386.67837405205,0.0015144454082474113,0.01019287109375,2.1332826614379883,-0.021317079663276672,0.5623929500579834,-0.02133282646536827,1.5743542462587357e-05,0.0,0.06783150881528854,1.0576447248458862,0.782497505133303,6.344419479370117,2.0238003730773926,6.412250995635986,2.2678160667419434,6.742587566375732,4.185072422027588,,,,,,
8789940000.0,100.98,7.5,6391222784.0,2343.0955124196603,1964.0,0.068359375,32194560.0,67393.67083334923,0.0008609630167484283,0.0050048828125,2.0827016830444336,-0.020837506279349327,0.6733406782150269,-0.02082701586186886,-1.0491348803043365e-05,0.0,-0.02896512858569622,1.1614322662353516,0.7400712357158126,6.300148010253906,1.976848840713501,6.271183013916016,2.2780673503875732,6.992459297180176,4.185911417007446,,,,,,
8789940000.0,101.06,7.900000095367432,6391222784.0,2370.0222983135154,1965.0,0.0830078125,32210944.0,67400.58384847641,0.0011290755355730653,0.00738525390625,2.0493552684783936,-0.020688658580183983,0.6883705854415894,-0.020493553951382637,-0.0001951027661561966,0.0,0.040750227868556976,1.172830581665039,0.7524040130262645,6.476893424987793,2.034196615219116,6.517643451690674,2.357020854949951,6.913015127182007,4.197251081466675,,,,,,
8789940000.0,116.33,6.599999904632568,6391222784.0,2366.037814199613,1966.0,0.0701904296875,32227328.0,67407.50850534439,0.0023517252411693335,0.01959228515625,2.0946574211120605,-0.020723478868603706,0.7731513381004333,-0.020946573466062546,0.00022309273481369019,0.0,-0.10598225891590118,1.2374447584152222,0.7169565764855168,6.389910697937012,1.958636999130249,6.283928394317627,2.325944185256958,6.924656867980957,4.206304550170898,,,,,,
8789940000.0,101.98,8.300000190734863,6391222784.0,2370.779190389301,1967.0,0.0762939453125,32243712.0,67414.41931343079,0.000764339929446578,0.004150390625,2.070882797241211,-0.020204350352287292,0.591102123260498,-0.020708827301859856,0.0005044750869274139,0.0,0.08079689741134644,1.0876811742782593,0.7590082727007765,6.330920219421387,1.96369206905365,6.411716938018799,2.2156472206115723,6.910808086395264,4.19382381439209,,,,,,
8789940000.0,118.51,7.800000190734863,6391222784.0,2361.7409330556134,1968.0,0.0640869140625,32260096.0,67421.35656881332,0.0007207551971077919,0.00384521484375,2.073493003845215,-0.02060016244649887,0.6244774460792542,-0.02073493041098118,0.00013476843014359474,0.0,0.0101630799472332,1.1150522232055664,0.7351142205881878,6.291350841522217,1.9077064990997314,6.301514148712158,2.1665360927581787,6.937255382537842,4.2133049964904785,,,,,,
8789940000.0,121.45,8.5,6391222784.0,2349.447275191364,1969.0,0.0677490234375,32276480.0,67428.33012390137,0.0007463317597284913,0.00341796875,2.053450107574463,-0.020201971754431725,0.5430892705917358,-0.02053450234234333,0.00033253058791160583,0.0,0.020741835236549377,1.0405645370483398,0.7623797752956991,6.44822883605957,1.8863590955734253,6.468970775604248,2.134652853012085,6.973555088043213,4.196111679077148,,,,,,
8789940000.0,130.17,7.699999809265137,6391222784.0,2355.4953843318876,1970.0,0.05126953125,32292864.0,67435.28577327728,0.0011764583177864552,0.005615234375,2.1379518508911133,-0.020969361066818237,0.5554326176643372,-0.021379519253969193,0.00041015888564288616,0.0,-0.07271634042263031,1.0524886846542358,0.7301739009590622,6.223176956176758,1.7916193008422852,6.150460720062256,2.026167631149292,6.955649375915527,4.193812608718872,,,,,,
8789940000.0,115.34,7.900000095367432,6391222784.0,2352.1314312048344,1971.0,0.067138671875,32309248.0,67442.25137042999,0.0012811003252863884,0.0106201171875,2.10262393951416,-0.02066301554441452,0.6294230222702026,-0.021026238799095154,0.0003632218576967716,0.0,0.015640750527381897,1.1242729425430298,0.7537497577436214,6.32172155380249,1.9900648593902588,6.337362289428711,2.265601396560669,6.965597152709961,4.187976121902466,,,,,,
8789940000.0,89.4,7.599999904632568,6391222784.0,2353.409074824081,1972.0,0.078125,32325632.0,67449.21318602562,0.0006266501732170582,0.00189208984375,2.129120111465454,-0.02114032581448555,0.6555382013320923,-0.021291200071573257,0.00015087169595062733,0.0,-0.027555763721466064,1.1445024013519287,0.769848197120775,6.3527092933654785,2.052435874938965,6.325153350830078,2.385664939880371,6.961815595626831,4.266839265823364,,,,,,
8789940000.0,140.63,8.0,6391222784.0,2376.2498223850384,1973.0,0.0640869140625,32342016.0,67456.1080839634,0.0009912037057802081,0.00604248046875,2.1771974563598633,-0.02141573652625084,0.5113612413406372,-0.021771972998976707,0.00035623437725007534,0.0,0.030681492760777473,0.9969721436500549,0.795133935430391,6.300359725952148,1.9507415294647217,6.331040859222412,2.202662467956543,6.894897937774658,4.194454908370972,,,,,,
8789940000.0,108.77,7.900000095367432,6391222784.0,2408.964639516134,1974.0,0.0689697265625,32358400.0,67462.90934610367,0.0012301914393901825,0.00860595703125,2.1738083362579346,-0.021678484976291656,0.5853168964385986,-0.02173808589577675,5.959905683994293e-05,0.0,-0.009424730204045773,1.0808223485946655,0.7721575812529338,6.431548118591309,2.003351926803589,6.422123432159424,2.264315605163574,6.801262140274048,4.19140625,,,,,,
8789940000.0,94.71,7.900000095367432,6391222784.0,2375.2847368681564,1975.0,0.069580078125,32374784.0,67469.80704545975,0.0019722485449165106,0.01788330078125,2.161912441253662,-0.020644180476665497,0.6023905277252197,-0.021619126200675964,0.0009749438613653183,0.0,0.0009926306083798409,1.0943166017532349,0.7610324722673788,6.362890243530273,1.9925020933151245,6.363882541656494,2.23858380317688,6.897699356079102,4.265771865844727,,,,,,
8789940000.0,116.53,7.0,6391222784.0,2373.5543938912424,1976.0,0.0738525390625,32391168.0,67476.70977330208,0.0021100814919918776,0.01690673828125,2.1334316730499268,-0.020721610635519028,0.7640732526779175,-0.021334314718842506,0.000612698495388031,0.0,-0.004869004711508751,1.2337602376937866,0.7270681937149823,6.423661231994629,2.0387446880340576,6.418792247772217,2.361586570739746,6.902727842330933,4.289434909820557,,,,,,
8789940000.0,123.83,7.900000095367432,6391222784.0,2422.7514428825125,1977.0,0.0665283203125,32407552.0,67483.47233247757,0.0014233335386961699,0.01141357421875,2.1594738960266113,-0.021321812644600868,0.5341051816940308,-0.021594736725091934,0.00027292221784591675,0.0,0.059798870235681534,1.0359758138656616,0.7768454348329649,6.421241760253906,1.9692894220352173,6.481040954589844,2.1930415630340576,6.762559175491333,4.178272485733032,,,,,,
8789940000.0,107.67,8.5,6391222784.0,2349.376832144123,1978.0,0.07080078125,32423936.0,67490.4460966587,0.0013404007768258452,0.0091552734375,2.1684300899505615,-0.02223784290254116,0.44056034088134766,-0.021684302017092705,-0.0005535455420613289,0.0,0.08215659856796265,0.9342586994171143,0.8165393816242147,6.464450836181641,1.9847288131713867,6.546607494354248,2.1812002658843994,6.973764181137085,4.374009847640991,,,,,,
8789940000.0,138.68,7.599999904632568,6391222784.0,2424.7331700907166,1979.0,0.067138671875,32440320.0,67497.2031288147,0.0012704842956736684,0.00848388671875,2.1208908557891846,-0.020865056663751602,0.5955718159675598,-0.021208906546235085,0.0003438517451286316,0.0,-0.03162980079650879,1.0895838737487793,0.7535616997324515,6.558106422424316,1.9162427186965942,6.526476860046387,2.1948580741882324,6.757032155990601,4.190750598907471,,,,,,
8789940000.0,104.52,8.399999618530273,6391222784.0,2317.6702466378097,1980.0,0.072021484375,32456704.0,67504.2722966671,0.0015774876810610294,0.011474609375,2.118309736251831,-0.020404312759637833,0.566011905670166,-0.02118309773504734,0.0007787831127643585,0.0,0.07471436262130737,1.0659068822860718,0.7650451063137843,6.584835052490234,1.949439287185669,6.659549713134766,2.199007987976074,7.069167852401733,4.392537355422974,,,,,,
8789940000.0,124.89,7.5,6391222784.0,2423.1559539108844,1981.0,0.0750732421875,32473088.0,67511.03372693062,0.0014230984961614013,0.00860595703125,2.067502498626709,-0.02035081759095192,0.7074521780014038,-0.020675024017691612,0.0003242047969251871,0.0,-0.03692620247602463,1.1828927993774414,0.724830929801147,6.756836891174316,1.9583473205566406,6.719910621643066,2.254993438720703,6.761430263519287,4.197105407714844,,,,,,
8789940000.0,96.36,8.0,6391222784.0,2422.7657928108392,1982.0,0.0897216796875,32489472.0,67517.79624605179,0.003016449511051178,0.02630615234375,2.05143404006958,-0.01863180659711361,0.6644903421401978,-0.020514342933893204,0.0018825344741344452,0.0,0.040458936244249344,1.1504899263381958,0.7400410279507932,6.804989337921143,1.954016089439392,6.8454484939575195,2.256474256515503,6.762519121170044,4.242716312408447,,,,,,
8789940000.0,97.46,7.699999809265137,6391222784.0,2329.048163977898,1983.0,0.078125,32505856.0,67524.83087944984,0.0032824785448610783,0.03076171875,2.0386481285095215,-0.019113168120384216,0.5938116312026978,-0.020386481657624245,0.0012733112089335918,0.0,-0.026269275695085526,1.0881751775741577,0.7655281932546584,6.732943534851074,1.9548463821411133,6.706674575805664,2.2472615242004395,7.03463339805603,4.202072381973267,,,,,,
,,,,,,,,,,,,,,,,,,,,,,,,,,0.02418600767850876,0.6277766227722168,0.5806830525398254,0.02418600767850876,0.6277766227722168,0.5806830525398254
,,,,,,,,,,,,,,,,,,,,,,,,,,0.021582849323749542,0.5699840188026428,0.5455538034439087,0.021582849323749542,0.5699840188026428,0.5455538034439087
,,,,,,,,,,,,,,,,,,,,,,,,,,0.02090924046933651,0.5421804785728455,0.5187398195266724,0.02090924046933651,0.5421804785728455,0.5187398195266724
,,,,,,,,,,,,,,,,,,,,,,,,,,0.02055704966187477,0.5196849703788757,0.49620747566223145,0.02055704966187477,0.5196849703788757,0.49620747566223145
,,,,,,,,,,,,,,,,,,,,,,,,,,0.020287876948714256,0.49838948249816895,0.47637537121772766,0.020287876948714256,0.49838948249816895,0.47637537121772766
,,,,,,,,,,,,,,,,,,,,,,,,,,0.02045019529759884,0.481423556804657,0.46138718724250793,0.02045019529759884,0.481423556804657,0.46138718724250793
8789940000.0,100.47,8.5,6188634112.0,18.41879554642558,1984.0,0.072021484375,32522240.0,68414.35701370239,0.0007230750634334981,0.0025634765625,2.132922649383545,-0.02104197070002556,0.5779328942298889,-0.021329225972294807,0.00028725340962409973,0.0,0.09056597948074341,1.0706831216812134,0.7432920239406475,6.428534984588623,1.8633228540420532,6.519101142883301,2.113203287124634,889.5261342525482,4.191053152084351,,,,,,
8789940000.0,103.73,7.599999904632568,6391222784.0,2384.167065048566,1985.0,0.062255859375,32538624.0,68421.22901535034,0.0009858637349680066,0.005126953125,2.167146682739258,-0.02184092253446579,0.5976835489273071,-0.021671468392014503,-0.00016945414245128632,0.0,-0.019643260166049004,1.0933200120925903,0.753882087417969,6.355882167816162,1.9163811206817627,6.336238861083984,2.2038183212280273,6.872001647949219,4.191807985305786,,,,,,
8789940000.0,145.02,7.599999904632568,6391222784.0,2368.2747991655283,1986.0,0.05859375,32555008.0,68428.14713144302,0.0005656908033415675,0.001708984375,2.163472890853882,-0.021696466952562332,0.5432403087615967,-0.021634723991155624,-6.174109876155853e-05,0.0,-0.03564567118883133,1.0406264066696167,0.7656904572447356,6.265776634216309,1.8653216361999512,6.230130672454834,2.1498076915740967,6.918116092681885,4.181927680969238,,,,,,
8789940000.0,129.28,7.599999904632568,6391222784.0,2404.5453228403103,1987.0,0.0604248046875,32571392.0,68434.96089363098,0.0005836078198626637,0.0013427734375,2.15647029876709,-0.02220451645553112,0.538093090057373,-0.021564703434705734,-0.0006398037075996399,0.0,-0.016288241371512413,1.0314091444015503,0.7693400567680829,6.352743625640869,1.8782241344451904,6.336455345153809,2.1475579738616943,6.813762187957764,4.202646017074585,,,,,,
8789940000.0,128.34,8.300000190734863,6391222784.0,2400.425231162326,1988.0,0.0628662109375,32587776.0,68441.7863509655,0.0016409731470048428,0.0111083984375,2.12504243850708,-0.021199114620685577,0.5381673574447632,-0.021250424906611443,5.130935460329056e-05,0.0,0.07124053686857224,1.034545660018921,0.7713715783560674,6.422545433044434,1.9074879884719849,6.493786334991455,2.16363787651062,6.825457334518433,4.1905388832092285,,,,,,
8789940000.0,102.32,8.399999618530273,6391222784.0,2359.398640465148,1989.0,0.0787353515625,32604160.0,68448.73049330711,0.0008268794044852257,0.00384521484375,2.1227777004241943,-0.021313220262527466,0.565301239490509,-0.021227777004241943,-8.5445586591959e-05,0.0,0.05718027800321579,1.0596734285354614,0.7670246067024852,6.530768871307373,1.955076813697815,6.587948799133301,2.195416212081909,6.9441423416137695,4.190507650375366,,,,,,
8789940000.0,114.77,7.5,6391222784.0,2369.0052579424073,1990.0,0.0665283203125,32620544.0,68455.64647626877,0.0007520183571614325,0.00445556640625,2.1022918224334717,-0.020994096994400024,0.5847207307815552,-0.021022917702794075,2.8819777071475983e-05,0.0,-0.016503753140568733,1.0799485445022583,0.7488881004507679,6.439883232116699,1.8865952491760254,6.423379421234131,2.1551105976104736,6.915982961654663,4.1840996742248535,,,,,,
8789940000.0,112.25,8.5,6391222784.0,2434.3891951972732,1991.0,0.0738525390625,32636928.0,68462.37670660019,0.0006675181211903691,0.002685546875,2.099360466003418,-0.020420368760824203,0.4922742247581482,-0.020993607118725777,0.0005732374265789986,0.0,0.040875330567359924,0.9928127527236938,0.7839285499326774,6.5355024337768555,1.911183476448059,6.5763773918151855,2.1358392238616943,6.730230331420898,4.185986042022705,,,,,,
8789940000.0,113.77,7.800000190734863,6391222784.0,2410.76181586614,1992.0,0.06103515625,32653312.0,68469.17289853096,0.001147253205999732,0.008056640625,2.1193292140960693,-0.02156524360179901,0.5735576748847961,-0.02119329385459423,-0.00037194998003542423,0.0,-0.04151906073093414,1.067057728767395,0.7569614960997403,6.398911476135254,1.9085419178009033,6.357392311096191,2.1644628047943115,6.796191930770874,4.195830583572388,,,,,,
8789940000.0,88.02,8.399999618530273,6391222784.0,2409.992875036078,1993.0,0.0640869140625,32669696.0,68475.97125887871,0.0009749843738973141,0.0052490234375,2.1169233322143555,-0.021139804273843765,0.4594757854938507,-0.021169234067201614,2.9426533728837967e-05,0.0,0.06206892803311348,0.9578038454055786,0.790398057306086,6.50113582611084,1.8687224388122559,6.563204765319824,2.092083215713501,6.798360347747803,4.188310861587524,,,,,,
8789940000.0,113.86,7.900000095367432,6391222784.0,2375.9745082824193,1994.0,0.068359375,32686080.0,68482.86695575714,0.001268209656700492,0.0081787109375,2.1120781898498535,-0.020815256983041763,0.5653073191642761,-0.02112078107893467,0.00030552130192518234,0.0,-0.04810326546430588,1.058395266532898,0.7557069377588784,6.629317283630371,1.8835316896438599,6.58121395111084,2.141373634338379,6.8956968784332275,4.189695835113525,,,,,,
8789940000.0,123.3,7.199999809265137,6391222784.0,2416.8191047769396,1995.0,0.0616455078125,32702464.0,68489.64611434937,0.001234055613167584,0.0076904296875,2.1014373302459717,-0.02156895399093628,0.568874716758728,-0.021014373749494553,-0.0005545788444578648,0.0,-0.08755241334438324,1.064194679260254,0.753929385718134,6.338850975036621,1.8479154109954834,6.251297950744629,2.1453144550323486,6.779158592224121,4.199625492095947,,,,,,
8789940000.0,138.34,8.300000190734863,6391222784.0,2367.2418066353825,1996.0,0.0537109375,32718848.0,68496.5672492981,0.0015334299532696605,0.01165771484375,2.1118381023406982,-0.020206809043884277,0.39771583676338196,-0.02111838012933731,0.0009115738794207573,0.0,0.006413941737264395,0.8924400806427002,0.7969389038028006,6.168109893798828,1.7465797662734985,6.17452335357666,1.98045814037323,6.921134948730469,4.242596387863159,,,,,,
8789940000.0,121.85,8.399999618530273,6391222784.0,2412.4258265912504,1997.0,0.0653076171875,32735232.0,68503.35875344276,0.0009571597911417484,0.00653076171875,2.1079792976379395,-0.020607713609933853,0.4604357182979584,-0.021079791709780693,0.0004720790311694145,0.0,0.011160170659422874,0.9594504237174988,0.793463009806793,6.205080986022949,1.8712397813796997,6.216241836547852,2.111173152923584,6.791504144668579,4.204557418823242,,,,,,
8789940000.0,157.21,7.199999809265137,6391222784.0,2421.999420012719,1998.0,0.0469970703125,32751616.0,68510.12341237068,0.001178733422420919,0.00860595703125,2.123461961746216,-0.021127643063664436,0.52232426404953,-0.02123461849987507,0.00010698055848479271,0.0,-0.059638895094394684,1.0208383798599243,0.7538249328076343,5.9855756759643555,1.7784409523010254,5.925936698913574,2.0574772357940674,6.7646589279174805,4.202016115188599,,,,,,
8789940000.0,140.97,7.900000095367432,6391222784.0,2457.52851770421,1999.0,0.0555419921875,32768000.0,68516.79027295113,0.0009085475467145443,0.00482177734375,2.1638689041137695,-0.021487317979335785,0.44575971364974976,-0.021638689562678337,0.00015137041918933392,0.0,0.021063338965177536,0.9410836696624756,0.7991044750340701,6.06108283996582,1.8666237592697144,6.082145690917969,2.099630832672119,6.666860580444336,4.1918885707855225,,,,,,
8789940000.0,155.0,7.800000190734863,6391222784.0,2356.664260921209,2000.0,0.050048828125,32784384.0,68523.7424724102,0.002359393984079361,0.019287109375,2.1777596473693848,-0.021282237023115158,0.4736931025981903,-0.021777596324682236,0.0004953611642122269,0.0,-0.002995434682816267,0.9700120687484741,0.7773307548520827,6.0665812492370605,1.843309760093689,6.0635857582092285,2.05564022064209,6.952199459075928,4.207650661468506,,,,,,
8789940000.0,141.05,7.300000190734863,6391222784.0,2328.3888373912278,2001.0,0.0457763671875,32800768.0,68530.77909779549,0.0010615349747240543,0.007568359375,2.181691884994507,-0.02121015451848507,0.5101422667503357,-0.02181691862642765,0.0006067641079425812,0.0,-0.07236680388450623,1.0041297674179077,0.7560391907850333,5.970268249511719,1.7982019186019897,5.89790153503418,2.0329647064208984,7.036625385284424,4.298901081085205,,,,,,
8789940000.0,176.37,7.300000190734863,6391222784.0,2351.1223644998895,2002.0,0.045166015625,32817152.0,68537.74768447876,0.0016846986254677176,0.0113525390625,2.203909397125244,-0.021576888859272003,0.5218109488487244,-0.02203909307718277,0.00046220608055591583,0.0,-0.07127948105335236,1.0217164754867554,0.733687724952472,5.819314002990723,1.7396012544631958,5.7480340003967285,1.9798611402511597,6.968586683273315,4.2393505573272705,,,,,,
8789940000.0,157.5,8.199999809265137,6391222784.0,2387.9128966695102,2003.0,0.0579833984375,32833536.0,68544.60890626907,0.0016449317336082458,0.01055908203125,2.160564661026001,-0.021650850772857666,0.5137215852737427,-0.02160564437508583,-4.520174115896225e-05,0.0,0.026250530034303665,1.0100816488265991,0.7666125107178718,5.95646333694458,1.8250668048858643,5.98271369934082,2.090824604034424,6.861221790313721,4.192031383514404,,,,,,
8789940000.0,135.52,8.100000381469727,6391222784.0,2364.0468915986803,2004.0,0.054931640625,32849920.0,68551.5393948555,0.0015037190169095993,0.0118408203125,2.1569221019744873,-0.02137642353773117,0.4432995021343231,-0.02156922034919262,0.00019279681146144867,0.0,0.026466039940714836,0.9389575719833374,0.7896924531744034,5.941645622253418,1.8051332235336304,5.968111991882324,2.0474765300750732,6.930488586425781,4.200587034225464,,,,,,
8789940000.0,161.71,7.800000190734863,6391222784.0,2401.1812817269238,2005.0,0.06103515625,32866304.0,68558.36270308495,0.0009368126047775149,0.005859375,2.1187684535980225,-0.020419776439666748,0.5040379166603088,-0.021187685430049896,0.0007679089903831482,0.0,0.03323076665401459,1.0013130903244019,0.7866731582283891,6.094346046447754,1.8955358266830444,6.12757682800293,2.167940378189087,6.823308229446411,4.216769218444824,,,,,,
8789940000.0,122.78,7.099999904632568,6391222784.0,2406.2459202055884,2006.0,0.064697265625,32882688.0,68565.17164969444,0.0008966266759671271,0.004638671875,2.083505392074585,-0.020499780774116516,0.6006234288215637,-0.02083505317568779,0.0003352714702486992,0.0,-0.05812567472457886,1.0914608240127563,0.7661841185066727,6.143744468688965,1.9669424295425415,6.08561897277832,2.257206916809082,6.80894660949707,4.226298093795776,,,,,,
8789940000.0,122.57,7.800000190734863,6391222784.0,2349.5053517127226,2007.0,0.0653076171875,32899072.0,68572.14503240585,0.0016727057518437505,0.0128173828125,2.0795016288757324,-0.020490366965532303,0.6143683791160583,-0.02079501561820507,0.00030464958399534225,0.0,-0.004102686420083046,1.1117206811904907,0.745297078094866,6.112974166870117,1.9390019178390503,6.108871936798096,2.202819347381592,6.9733827114105225,4.2297422885894775,,,,,,
8789940000.0,121.15,7.900000095367432,6391222784.0,2351.414155621004,2008.0,0.0494384765625,32915456.0,68579.11275434494,0.0018584460485726595,0.015625,2.120028018951416,-0.020814020186662674,0.4481331706047058,-0.021200278773903847,0.0003862585872411728,0.0,0.006676949560642242,0.9464332461357117,0.7860590459408965,5.860772132873535,1.8033498525619507,5.867448806762695,2.046175479888916,6.967721939086914,4.200114488601685,,,,,,
8789940000.0,151.52,8.199999809265137,6391222784.0,2333.5964219364623,2009.0,0.05126953125,32931840.0,68586.13367700577,0.0010493268491700292,0.00567626953125,2.1174263954162598,-0.021197644993662834,0.4423292875289917,-0.021174263209104538,-2.338475314900279e-05,0.0,0.05023012310266495,0.9396725296974182,0.7919589514668898,5.896842002868652,1.8391026258468628,5.9470720291137695,2.0601649284362793,7.020922660827637,4.247144460678101,,,,,,
8789940000.0,148.7,7.599999904632568,6391222784.0,2390.8375094506123,2010.0,0.069580078125,32948224.0,68592.98650574684,0.0011920137330889702,0.0081787109375,2.060760259628296,-0.020296979695558548,0.5896398425102234,-0.02060759998857975,0.0003106221556663513,0.0,-0.05629907175898552,1.0801678895950317,0.7763803554589263,6.386105060577393,2.0066514015197754,6.329806327819824,2.284212827682495,6.852828741073608,4.197308778762817,,,,,,
8789940000.0,133.36,8.100000381469727,6391222784.0,2447.3546478937847,2011.0,0.064697265625,32964608.0,68599.6810810566,0.0008368025883100927,0.0052490234375,2.118450403213501,-0.02130351960659027,0.5356032848358154,-0.02118450589478016,-0.00011901836842298508,0.0,0.04616943746805191,1.033003330230713,0.7797353656616821,6.286490440368652,1.9757283926010132,6.332659721374512,2.2010459899902344,6.694575309753418,4.199612140655518,,,,,,
8789940000.0,139.58,8.0,6391222784.0,2346.8990757409388,2012.0,0.0555419921875,32980992.0,68606.66220784187,0.0013316362164914608,0.00775146484375,2.105475902557373,-0.02090972289443016,0.5186687707901001,-0.021054759621620178,0.00014503812417387962,0.0,0.015299123711884022,1.0133007764816284,0.7623994267356344,6.086748123168945,1.8481329679489136,6.102047443389893,2.0788092613220215,6.98112678527832,4.344679117202759,,,,,,
8789940000.0,116.35,7.900000095367432,6391222784.0,2396.3976183978343,2013.0,0.05615234375,32997376.0,68613.49913668633,0.0016652647173032165,0.01171875,2.1223978996276855,-0.020865963771939278,0.5031896233558655,-0.02122397907078266,0.000358017161488533,0.0,-0.059825241565704346,1.000958800315857,0.7747870219271189,6.154662609100342,1.8506689071655273,6.094837665557861,2.109208106994629,6.836928844451904,4.240514755249023,,,,,,
8789940000.0,123.84,7.800000190734863,6391222784.0,2367.6037654006527,2014.0,0.062255859375,33013760.0,68620.4192135334,0.0022079255431890488,0.020751953125,2.120710849761963,-0.02053573913872242,0.5340871214866638,-0.021207109093666077,0.0006713671609759331,0.0,0.03892296925187111,1.0323760509490967,0.7797196926146239,6.074215888977051,1.9286906719207764,6.1131391525268555,2.199632406234741,6.920076847076416,4.195370435714722,,,,,,
8789940000.0,136.81,8.0,6391222784.0,2320.406269223608,2015.0,0.0604248046875,33030144.0,68627.48004603386,0.0022948842961341143,0.018310546875,2.13625431060791,-0.020975079387426376,0.5418521761894226,-0.02136254496872425,0.00038746464997529984,0.0,-0.002179572358727455,1.0403097867965698,0.7700359790102352,6.068748474121094,1.9003125429153442,6.066568851470947,2.169365406036377,7.060832500457764,4.20093035697937,,,,,,
,,,,,,,,,,,,,,,,,,,,,,,,,,0.0235058031976223,0.5555657148361206,0.5083163976669312,0.0235058031976223,0.5555657148361206,0.5083163976669312
,,,,,,,,,,,,,,,,,,,,,,,,,,0.022580461576581,0.5029501914978027,0.4774340093135834,0.022580461576581,0.5029501914978027,0.4774340093135834
,,,,,,,,,,,,,,,,,,,,,,,,,,0.020834337919950485,0.4786335527896881,0.4534832239151001,0.020834337919950485,0.4786335527896881,0.4534832239151001
,,,,,,,,,,,,,,,,,,,,,,,,,,0.02071199379861355,0.45790866017341614,0.4361093044281006,0.02071199379861355,0.45790866017341614,0.4361093044281006
,,,,,,,,,,,,,,,,,,,,,,,,,,0.020582709461450577,0.4402282238006592,0.41896480321884155,0.020582709461450577,0.4402282238006592,0.41896480321884155
,,,,,,,,,,,,,,,,,,,,,,,,,,0.020783506333827972,0.42444348335266113,0.4030020236968994,0.020783506333827972,0.42444348335266113,0.4030020236968994
8789940000.0,129.69,8.600000381469727,6188634112.0,18.40713680792595,2016.0,0.07080078125,33046528.0,69517.56958961487,0.0010258369147777557,0.0067138671875,2.1595985889434814,-0.021713614463806152,0.5594650506973267,-0.021595986559987068,-0.0001176241785287857,0.0,0.02682865783572197,1.0612573623657227,0.7790230602625109,6.236838340759277,1.9879883527755737,6.263667106628418,2.257601499557495,890.0895435810089,4.224274396896362,,,,,,
8789940000.0,85.99,8.5,6391222784.0,2400.9400889612375,2017.0,0.067138671875,33062912.0,69524.39358329773,0.0005705752409994602,0.0015869140625,2.2017147541046143,-0.02190544083714485,0.44810786843299866,-0.02201714552938938,0.00011170655488967896,0.0,0.04695093259215355,0.9480389952659607,0.8138990768039436,6.180270195007324,2.007354497909546,6.2272210121154785,2.1976158618927,6.823993682861328,4.196554660797119,,,,,,
8789940000.0,131.5,7.800000190734863,6391222784.0,2421.6158607179696,2018.0,0.050048828125,33079296.0,69531.15931367874,0.000835739600006491,0.0025634765625,2.2154030799865723,-0.02213677018880844,0.4231938123703003,-0.022154029458761215,1.7262063920497894e-05,0.0,-0.05873299390077591,0.9205002784729004,0.8132204771040099,5.993655681610107,1.9218119382858276,5.934922695159912,2.129901170730591,6.765730381011963,4.205751657485962,,,,,,
8789940000.0,170.92,7.699999809265137,6391222784.0,2401.2016699799915,2019.0,0.0543212890625,33095680.0,69537.98256397247,0.0009733381448313594,0.0052490234375,2.1974198818206787,-0.021936940029263496,0.47639957070350647,-0.02197420224547386,3.7260353565216064e-05,0.0,-0.03934905678033829,0.974068284034729,0.7884003151431449,5.927152156829834,1.8732458353042603,5.887803077697754,2.117541551589966,6.8232502937316895,4.20438551902771,,,,,,
8789940000.0,143.4,8.0,6391222784.0,2397.62326234228,2020.0,0.04638671875,33112064.0,69544.81599783897,0.0011384743265807629,0.00762939453125,2.1949708461761475,-0.021991319954395294,0.44319969415664673,-0.021949706599116325,-4.161521792411804e-05,0.0,0.00695049948990345,0.9390266537666321,0.7866446289416721,5.987994194030762,1.8160321712493896,5.9949445724487305,2.0329480171203613,6.8334338665008545,4.17687201499939,,,,,,
8789940000.0,141.91,7.699999809265137,6391222784.0,2393.8063181362168,2021.0,0.05859375,33128448.0,69551.66032767296,0.0012343705166131258,0.0059814453125,2.134281873703003,-0.02031182497739792,0.5528114438056946,-0.021342821419239044,0.0010309964418411255,0.0,-0.06606275588274002,1.0536973476409912,0.7646878216709655,6.243412971496582,1.8808809518814087,6.177350044250488,2.1721692085266113,6.844329833984375,4.197042226791382,,,,,,
8789940000.0,154.37,8.399999618530273,6391222784.0,2410.0855108497813,2022.0,0.0531005859375,33144832.0,69558.45842671394,0.0010466249659657478,0.00640869140625,2.1547462940216064,-0.021340256556868553,0.4938332736492157,-0.021547462791204453,0.00020720623433589935,0.0,0.06271351128816605,0.991497278213501,0.7700288981431989,5.996745586395264,1.8410413265228271,6.059459686279297,2.0675458908081055,6.798099040985107,4.194806814193726,,,,,,
8789940000.0,146.44,8.199999809265137,6391222784.0,2427.0633731486128,2023.0,0.048828125,33161216.0,69565.2089715004,0.0011000540107488632,0.0064697265625,2.17728853225708,-0.022598056122660637,0.44843924045562744,-0.02177288569509983,-0.0008251704275608063,0.0,0.018853096291422844,0.9463465809822083,0.791980454272245,5.953292369842529,1.8425979614257812,5.9721455574035645,2.074904441833496,6.750544786453247,4.197643995285034,,,,,,
8789940000.0,139.56,7.699999809265137,6391222784.0,2405.767189349708,2024.0,0.0457763671875,33177600.0,69572.01927304268,0.0011217219289392233,0.0067138671875,2.155742645263672,-0.020696541294455528,0.4509861469268799,-0.02155742421746254,0.000860883854329586,0.0,-0.0021278560161590576,0.9455740451812744,0.7798794397692717,5.9206013679504395,1.7950156927108765,5.918474197387695,2.0154190063476562,6.8103015422821045,4.192531585693359,,,,,,
8789940000.0,149.23,7.900000095367432,6391222784.0,2392.9880714625783,2025.0,0.05859375,33193984.0,69578.86594319344,0.0018562282202765346,0.01409912109375,2.1571671962738037,-0.021330490708351135,0.5169661641120911,-0.021571671590209007,0.00024117529392242432,0.0,0.02126125432550907,1.0120537281036377,0.771787944736745,6.041528701782227,1.8722871541976929,6.062790393829346,2.1185295581817627,6.846670150756836,4.206729412078857,,,,,,
8789940000.0,122.76,8.100000381469727,6391222784.0,2416.6051838756207,2026.0,0.0701904296875,33210368.0,69585.64570188522,0.0022553845774382353,0.0201416015625,2.1202518939971924,-0.020884593948721886,0.6026157736778259,-0.02120251953601837,0.0003179199993610382,0.0,0.006332100369036198,1.0965298414230347,0.7617408653310892,6.261945724487305,1.9642906188964844,6.268277645111084,2.2464442253112793,6.77975869178772,4.183063507080078,,,,,,
8789940000.0,143.64,7.599999904632568,6391222784.0,2386.2369449934167,2027.0,0.05615234375,33226752.0,69592.51174259186,0.0007361936150118709,0.00274658203125,2.100001096725464,-0.020531577989459038,0.597148597240448,-0.021000009030103683,0.00046843476593494415,0.0,-0.0104462169110775,1.09207284450531,0.7381276192486719,6.021925926208496,1.8587366342544556,6.01147985458374,2.134061098098755,6.8660407066345215,4.19623327255249,,,,,,
8789940000.0,115.81,7.5,6391222784.0,2425.2924044006827,2028.0,0.0653076171875,33243136.0,69599.26721668243,0.0013828105293214321,0.0107421875,2.067389488220215,-0.01985541358590126,0.7153880000114441,-0.02067389339208603,0.0008184788748621941,0.0,0.008437460288405418,1.1970221996307373,0.7112197542692129,6.402806758880615,1.9584887027740479,6.4112443923950195,2.227504253387451,6.755474090576172,4.1949303150177,,,,,,
8789940000.0,124.36,7.699999809265137,6391222784.0,2398.1727381520222,2029.0,0.068359375,33259520.0,69606.09908485413,0.0009604257647879422,0.00518798828125,2.052581787109375,-0.02007381059229374,0.6775970458984375,-0.020525816828012466,0.0004520043730735779,0.0,0.005108941346406937,1.1635338068008423,0.7260270428499855,6.450776100158691,1.9290448427200317,6.45588493347168,2.2229268550872803,6.8318681716918945,4.202097654342651,,,,,,
8789940000.0,82.97,7.199999809265137,6391222784.0,2379.447673635907,2030.0,0.0787353515625,33275904.0,69612.9847164154,0.0013533312594518065,0.00921630859375,2.014296531677246,-0.020196419209241867,0.7749886512756348,-0.020142965018749237,-5.34537248313427e-05,0.0,-0.05716431140899658,1.2354627847671509,0.7153234673691437,6.542377948760986,1.975935697555542,6.485213756561279,2.315548896789551,6.885631561279297,4.205508232116699,,,,,,
8789940000.0,120.36,7.699999809265137,6391222784.0,2363.4661187914216,2031.0,0.0689697265625,33292288.0,69619.91690802574,0.0010867323726415634,0.00567626953125,2.0598490238189697,-0.019692661240696907,0.6730765700340271,-0.02059848979115486,0.0009058243595063686,0.0,0.05817625671625137,1.1530566215515137,0.7253384434761748,6.093722343444824,1.8817921876907349,6.1518988609313965,2.2001469135284424,6.932191610336304,4.313922882080078,,,,,,
8789940000.0,134.52,7.199999809265137,6391222784.0,2392.145485603836,2032.0,0.05859375,33308672.0,69626.76598978043,0.00086073053535074,0.00469970703125,2.089693546295166,-0.021219801157712936,0.6852847337722778,-0.02089693397283554,-0.00032286718487739563,0.0,-0.05251786485314369,1.1737831830978394,0.701570002378392,6.100444793701172,1.8678598403930664,6.047926902770996,2.1486549377441406,6.849081754684448,4.208076477050781,,,,,,
8789940000.0,85.73,8.0,6391222784.0,2394.3671434578296,2033.0,0.0811767578125,33325056.0,69633.60871648788,0.0011360018979758024,0.006591796875,2.0137455463409424,-0.01992562785744667,0.7720324993133545,-0.020137455314397812,0.00021183211356401443,0.0,0.002234097570180893,1.243717908859253,0.7315986699734636,6.299609661102295,2.035919666290283,6.301843643188477,2.400653839111328,6.842726707458496,4.203853368759155,,,,,,
8789940000.0,88.73,8.300000190734863,6391222784.0,2374.361781274145,2034.0,0.0946044921875,33341440.0,69640.5090970993,0.0010049683041870594,0.0059814453125,2.016954183578491,-0.019818440079689026,0.5711617469787598,-0.020169539377093315,0.00035110022872686386,0.0,0.0817156583070755,1.071962833404541,0.7860349410676853,6.570699214935303,2.0324866771698,6.6524152755737305,2.317439317703247,6.900380611419678,4.204883813858032,,,,,,
8789940000.0,110.85,8.199999809265137,6391222784.0,2350.3040142759482,2035.0,0.0811767578125,33357824.0,69647.48011016846,0.0007761318702250719,0.0028076171875,2.0290913581848145,-0.019865019246935844,0.6675289869308472,-0.020290911197662354,0.0004258919507265091,0.0,0.009315211325883865,1.1512771844863892,0.7404241182762186,6.482422828674316,1.9865604639053345,6.491738319396973,2.259685754776001,6.971013069152832,4.400285482406616,,,,,,
8789940000.0,99.99,8.100000381469727,6391222784.0,2408.3406580343303,2036.0,0.0726318359375,33374208.0,69654.28313446045,0.0007982548559084535,0.00408935546875,2.061957359313965,-0.02025783061981201,0.6090971231460571,-0.020619574934244156,0.0003617440816015005,0.0,0.039748381823301315,1.1049238443374634,0.7287149645159758,6.433591842651367,1.891784429550171,6.4733405113220215,2.1213858127593994,6.8030242919921875,4.199716091156006,,,,,,
8789940000.0,99.51,7.800000190734863,6391222784.0,2399.589634084936,2037.0,0.0689697265625,33390592.0,69661.11096858978,0.0009201280772686005,0.00494384765625,2.0705490112304688,-0.0206010565161705,0.6286981701850891,-0.020705489441752434,0.00010443362407386303,0.0,-0.06129195913672447,1.1247494220733643,0.7257917351322805,6.461668968200684,1.8366516828536987,6.40037727355957,2.1479079723358154,6.827834129333496,4.252956867218018,,,,,,
8789940000.0,92.43,7.400000095367432,6391222784.0,2338.6483447556006,2038.0,0.076904296875,33406976.0,69668.11672472954,0.0009914427064359188,0.0068359375,2.0497703552246094,-0.02035866491496563,0.7766713500022888,-0.020497700199484825,0.00013903342187404633,0.0,-0.09336021542549133,1.2497092485427856,0.7285755479618914,6.446132659912109,1.9697940349578857,6.3527727127075195,2.398747444152832,7.005756139755249,4.261763572692871,,,,,,
8789940000.0,112.02,8.300000190734863,6391222784.0,2366.8747411555464,2039.0,0.07080078125,33423360.0,69675.03893303871,0.0011251938994973898,0.00634765625,2.0907647609710693,-0.020697947591543198,0.5691401362419128,-0.020907647907733917,0.0002096985699608922,0.0,0.05342438817024231,1.058532476425171,0.7585862242677273,6.185118198394775,1.8722187280654907,6.238542556762695,2.1543848514556885,6.922208309173584,4.198051452636719,,,,,,
8789940000.0,93.37,8.399999618530273,6391222784.0,2392.9981544313896,2040.0,0.0738525390625,33439744.0,69681.88557434082,0.0014421422965824604,0.00970458984375,2.1115975379943848,-0.02055218257009983,0.5000888705253601,-0.021115973591804504,0.0005637910217046738,0.0,0.024138912558555603,0.9998003840446472,0.7999625362381437,6.188645362854004,1.972838282585144,6.212784290313721,2.235412359237671,6.846641302108765,4.174095869064331,,,,,,
8789940000.0,126.8,8.0,6391222784.0,2338.5767173517556,2041.0,0.0628662109375,33456128.0,69688.8915450573,0.0011300669284537435,0.00653076171875,2.1026222705841064,-0.021280374377965927,0.6214139461517334,-0.02102622203528881,-0.00025414861738681793,0.0,-0.002285255119204521,1.1166141033172607,0.7260782389272211,6.182333469390869,1.8965941667556763,6.180047988891602,2.1334869861602783,7.00597071647644,4.197579622268677,,,,,,
8789940000.0,130.11,7.300000190734863,6391222784.0,2390.1983568791575,2042.0,0.062255859375,33472512.0,69695.74620628357,0.001612517749890685,0.01190185546875,2.1120409965515137,-0.02055291272699833,0.6177074909210205,-0.021120410412549973,0.0005674939602613449,0.0,-0.050830185413360596,1.1116265058517456,0.7534687426239636,6.137149810791016,1.9354151487350464,6.086319923400879,2.2388393878936768,6.854661226272583,4.225116014480591,,,,,,
8789940000.0,94.74,8.199999809265137,6391222784.0,2386.8934631930897,2043.0,0.069580078125,33488896.0,69702.61035847664,0.0011054723290726542,0.00640869140625,2.1266372203826904,-0.02037714049220085,0.5549660921096802,-0.02126637101173401,0.0008892323821783066,0.0,0.029966671019792557,1.0531994104385376,0.7624129890580416,6.260738372802734,1.929080605506897,6.290704727172852,2.1607236862182617,6.864152193069458,4.206445217132568,,,,,,
8789940000.0,134.06,6.900000095367432,6391222784.0,2375.24352259039,2044.0,0.0543212890625,33505280.0,69709.50817751884,0.0011823781533166766,0.00885009765625,2.132417678833008,-0.02060519903898239,0.6440988779067993,-0.02132418006658554,0.0007189791649580002,0.0,-0.09160628914833069,1.1294410228729248,0.7201386988721847,6.046719551086426,1.7988131046295166,5.955113410949707,2.1349716186523438,6.8978190422058105,4.200382232666016,,,,,,
8789940000.0,120.06,7.900000095367432,6391222784.0,2380.5444551702167,2045.0,0.0616455078125,33521664.0,69716.39063668251,0.0013900442281737924,0.00927734375,2.115344285964966,-0.021343694999814034,0.5575976371765137,-0.021153444424271584,-0.0001902538351714611,0.0,0.010315707884728909,1.053999423980713,0.7678460945383798,6.134701251983643,1.893725037574768,6.145016670227051,2.187520742416382,6.8824591636657715,4.1914894580841064,,,,,,
8789940000.0,122.35,7.900000095367432,6391222784.0,2363.6592715189304,2046.0,0.0750732421875,33538048.0,69723.3222618103,0.0016029347898438573,0.01171875,2.0956156253814697,-0.020448612049221992,0.6012024283409119,-0.02095615305006504,0.0005075428634881973,0.0,0.05395945906639099,1.0973525047302246,0.7610364454967451,6.223407745361328,1.9271924495697021,6.27736759185791,2.24481463432312,6.931625127792358,4.336503267288208,,,,,,
8789940000.0,102.95,8.199999809265137,6391222784.0,2395.0055228439332,2047.0,0.0665283203125,33554432.0,69730.16316461563,0.001356987515464425,0.01190185546875,2.0910308361053467,-0.02011493220925331,0.619245707988739,-0.02091030590236187,0.000795372761785984,0.0,-0.012224571779370308,1.1119219064712524,0.7517021732461945,6.205900192260742,1.9680900573730469,6.193675994873047,2.2314541339874268,6.840902805328369,4.207388639450073,,,,,,
,,,,,,,,,,,,,,,,,,,,,,,,,,0.020874256268143654,0.6203957796096802,0.5788901448249817,0.020874256268143654,0.6203957796096802,0.5788901448249817
,,,,,,,,,,,,,,,,,,,,,,,,,,0.020280858501791954,0.5636834502220154,0.5384544730186462,0.020280858501791954,0.5636834502220154,0.5384544730186462
,,,,,,,,,,,,,,,,,,,,,,,,,,0.019384143874049187,0.5390499234199524,0.5173693299293518,0.019384143874049187,0.5390499234199524,0.5173693299293518
,,,,,,,,,,,,,,,,,,,,,,,,,,0.018849626183509827,0.5157098174095154,0.4934612214565277,0.018849626183509827,0.5157098174095154,0.4934612214565277
,,,,,,,,,,,,,,,,,,,,,,,,,,0.01882230117917061,0.4948248565196991,0.4737643003463745,0.01882230117917061,0.4948248565196991,0.4737643003463745
,,,,,,,,,,,,,,,,,,,,,,,,,,0.018968448042869568,0.4801942706108093,0.4601539969444275,0.018968448042869568,0.4801942706108093,0.4601539969444275
8789940000.0,141.46,7.400000095367432,6188634112.0,18.394204988146583,2048.0,0.068359375,33570816.0,70620.87847471237,0.0005154038080945611,0.00225830078125,2.0978519916534424,-0.02123149484395981,0.7664830088615417,-0.020978519693017006,-0.0002529788762331009,0.0,0.002963082864880562,1.2336715459823608,0.7330195560872002,6.337629795074463,2.0630297660827637,6.340592861175537,2.387590169906616,890.7153100967407,4.46827507019043,,,,,,
8789940000.0,74.96,7.800000190734863,6391222784.0,2429.760977727422,2049.0,0.081787109375,33587200.0,70627.62152481079,0.0007047799881547689,0.00390625,2.062692642211914,-0.020818199962377548,0.758174479007721,-0.02062692865729332,-0.00019126757979393005,0.0,-0.006473857443779707,1.227811336517334,0.7289539798070749,6.561593532562256,2.065464735031128,6.55511999130249,2.358361005783081,6.7430500984191895,4.1966328620910645,,,,,,
8789940000.0,112.93,7.800000190734863,6391222784.0,2381.939352769603,2050.0,0.0738525390625,33603584.0,70634.49995350838,0.0007364138728007674,0.001708984375,2.1029505729675293,-0.021014949306845665,0.6778207421302795,-0.021029505878686905,1.455843448638916e-05,0.0,-0.014857526868581772,1.157679557800293,0.7473700472672387,6.451812744140625,2.013887882232666,6.436955451965332,2.303276777267456,6.87842869758606,4.196425676345825,,,,,,
8789940000.0,96.67,8.100000381469727,6391222784.0,2419.29116116228,2051.0,0.0762939453125,33619968.0,70641.2721850872,0.001000588876195252,0.00372314453125,2.0958919525146484,-0.02122131921350956,0.6281478404998779,-0.0209589172154665,-0.0002624019980430603,0.0,0.03690934181213379,1.1173101663589478,0.7619956807870315,6.381452560424805,2.044882297515869,6.418361663818359,2.2902419567108154,6.772231578826904,4.201884746551514,,,,,,
8789940000.0,135.91,7.300000190734863,6391222784.0,2404.275021627969,2052.0,0.054931640625,33636352.0,70648.08671331406,0.0018529286608099937,0.01507568359375,2.1166467666625977,-0.02208700403571129,0.5900660753250122,-0.021166466176509857,-0.000920535996556282,0.0,-0.07033578306436539,1.0799914598464966,0.739665870530581,6.108022212982178,1.8476142883300781,6.037686347961426,2.1166775226593018,6.814528226852417,4.183516025543213,,,,,,
8789940000.0,114.32,7.099999904632568,6391222784.0,2386.915599313847,2053.0,0.0494384765625,33652736.0,70654.95080184937,0.001133657293394208,0.00665283203125,2.14949107170105,-0.020602930337190628,0.5275265574455261,-0.0214949082583189,0.000891977921128273,0.0,-0.015010280534625053,1.0269675254821777,0.7565563791869052,5.851929187774658,1.7777862548828125,5.836918830871582,2.081408977508545,6.864088535308838,4.204190731048584,,,,,,
8789940000.0,132.83,7.199999809265137,6391222784.0,2409.730473732002,2054.0,0.0445556640625,33669120.0,70661.7499024868,0.0006407240871340036,0.0018310546875,2.1518914699554443,-0.021320633590221405,0.5194442272186279,-0.02151891216635704,0.0001982804387807846,0.0,-0.05782298371195793,1.0195976495742798,0.7346514725161615,5.822596549987793,1.7106417417526245,5.764773368835449,1.9793399572372437,6.799100637435913,4.190868377685547,,,,,,
8789940000.0,153.85,7.5,6391222784.0,2431.4258643692774,2055.0,0.047607421875,33685504.0,70668.48833537102,0.0015466575277969241,0.0106201171875,2.1459922790527344,-0.021146975457668304,0.48206573724746704,-0.021459922194480896,0.0003129468532279134,0.0,-0.011103819124400616,0.9804100394248962,0.7643826187570603,5.806199073791504,1.7671141624450684,5.795094966888428,2.0197789669036865,6.738432884216309,4.191431760787964,,,,,,
8789940000.0,177.81,7.300000190734863,6391222784.0,2415.923388489134,2056.0,0.0537109375,33701888.0,70675.2700073719,0.001196012133732438,0.0086669921875,2.1192593574523926,-0.021103596314787865,0.523649275302887,-0.02119259350001812,8.899718523025513e-05,0.0,-0.046332329511642456,1.0239390134811401,0.7653128403963443,5.886162757873535,1.809816598892212,5.8398308753967285,2.1136324405670166,6.78167200088501,4.192289590835571,,,,,,
8789940000.0,121.65,8.199999809265137,6391222784.0,2383.102727525535,2057.0,0.0640869140625,33718272.0,70682.14507818222,0.000839695509057492,0.00457763671875,2.1038732528686523,-0.020304953679442406,0.528396725654602,-0.021038733422756195,0.0007337760180234909,0.0,-0.000659966841340065,1.0260759592056274,0.7727224186937187,5.9425458908081055,1.9161224365234375,5.941885948181152,2.1522915363311768,6.875070810317993,4.202652215957642,,,,,,
8789940000.0,152.71,7.800000190734863,6391222784.0,2413.7093813470337,2058.0,0.0518798828125,33734656.0,70688.93297076225,0.0011372314766049385,0.00665283203125,2.1199636459350586,-0.021131571382284164,0.50418621301651,-0.021199636161327362,6.806803867220879e-05,0.0,0.013513535261154175,1.0037857294082642,0.7704464329703647,5.877231597900391,1.8427704572677612,5.890745162963867,2.0950727462768555,6.787892580032349,4.194940805435181,,,,,,
8789940000.0,139.46,7.800000190734863,6391222784.0,2412.274157747643,2059.0,0.054931640625,33751040.0,70695.7249019146,0.0012597199529409409,0.0091552734375,2.1159281730651855,-0.021097393706440926,0.532322347164154,-0.021159280091524124,6.188731640577316e-05,0.0,0.006104361265897751,1.0323059558868408,0.7563237156290815,5.836137771606445,1.8511607646942139,5.84224271774292,2.0912301540374756,6.79193115234375,4.1786839962005615,,,,,,
8789940000.0,155.12,7.5,6391222784.0,2402.0328488882283,2060.0,0.052490234375,33767424.0,70702.54579114914,0.0009122021729126573,0.0054931640625,2.1323397159576416,-0.021217752248048782,0.5335022807121277,-0.021323397755622864,0.00010564550757408142,0.0,0.011274328455328941,1.032385230064392,0.752064822548933,5.818635940551758,1.8164374828338623,5.8299102783203125,2.0733509063720703,6.820889234542847,4.213130235671997,,,,,,
8789940000.0,117.19,8.5,6391222784.0,2375.4441067261428,2061.0,0.059814453125,33783808.0,70709.44302773476,0.0010057672625407577,0.0050048828125,2.127037286758423,-0.02142786979675293,0.4470228850841522,-0.021270373836159706,-0.00015749875456094742,0.0,0.05828385055065155,0.9460929036140442,0.7982231023879722,5.845280170440674,1.8977305889129639,5.903564453125,2.106194019317627,6.897236585617065,4.217952489852905,,,,,,
8789940000.0,171.2,7.300000190734863,6391222784.0,2396.6465921340637,2062.0,0.0592041015625,33800192.0,70716.27924633026,0.0011567918118089437,0.00762939453125,2.107269287109375,-0.021393373608589172,0.564655065536499,-0.021072695031762123,-0.00032067950814962387,0.0,-0.035990674048662186,1.0577771663665771,0.7578187035031945,5.886115074157715,1.8916723728179932,5.850124359130859,2.1494317054748535,6.836218595504761,4.251559495925903,,,,,,
8789940000.0,105.34,8.0,6391222784.0,2369.1944162571826,2063.0,0.07080078125,33816576.0,70723.19467711449,0.0015540458261966705,0.012451171875,2.0410385131835938,-0.01989840902388096,0.707300066947937,-0.020410384982824326,0.0005119771230965853,0.0,-0.013969484716653824,1.1846556663513184,0.746806865372258,6.097098350524902,2.01879620552063,6.083128929138184,2.354323625564575,6.915430784225464,4.193812131881714,,,,,,
8789940000.0,127.42,6.5,6391222784.0,2392.8502516307335,2064.0,0.0677490234375,33832960.0,70730.04174160957,0.0016107214614748955,0.01251220703125,2.0347251892089844,-0.020050542429089546,0.7087603807449341,-0.02034725248813629,0.00029670982621610165,0.0,-0.11352004110813141,1.188565731048584,0.7529012040866119,5.970154285430908,1.9928123950958252,5.856634140014648,2.3910458087921143,6.84706449508667,4.204732418060303,,,,,,
8789940000.0,101.35,8.399999618530273,6391222784.0,2397.0223654493525,2065.0,0.064697265625,33849344.0,70736.87688851357,0.0008560455171391368,0.00372314453125,2.08288311958313,-0.020306026563048363,0.5227407217025757,-0.02082883007824421,0.0005228044465184212,0.0,0.06608323007822037,1.018986463546753,0.7781264989368887,5.841954231262207,1.9351985454559326,5.908037185668945,2.163294553756714,6.835146903991699,4.208051681518555,,,,,,
8789940000.0,105.12,8.399999618530273,6391222784.0,2429.7655310031,2066.0,0.059814453125,33865728.0,70743.6199259758,0.001091841608285904,0.00653076171875,2.0696654319763184,-0.02032744511961937,0.4843832850456238,-0.02069665491580963,0.00036921165883541107,0.0,0.06697413325309753,0.9818784594535828,0.7879397417429091,5.915154933929443,1.9489399194717407,5.982129096984863,2.1322011947631836,6.743037462234497,4.188136100769043,,,,,,
8789940000.0,156.28,7.599999904632568,6391222784.0,2424.6842333177933,2067.0,0.050048828125,33882112.0,70750.37709450722,0.0008409017464146018,0.0025634765625,2.1069366931915283,-0.02042151615023613,0.506234884262085,-0.021069364622235298,0.0006478503346443176,0.0,-0.028051387518644333,1.00385582447052,0.7461720827679365,5.725140571594238,1.7499213218688965,5.697089195251465,1.992515206336975,6.757168531417847,4.182235479354858,,,,,,
8789940000.0,176.48,7.900000095367432,6391222784.0,2401.078506710667,2068.0,0.0640869140625,33898496.0,70757.20069479942,0.001180348452180624,0.0079345703125,2.0835981369018555,-0.020677713677287102,0.5294932126998901,-0.020835980772972107,0.0001582670956850052,0.0,0.0444440133869648,1.0278053283691406,0.7997043692567418,6.026429176330566,2.026512384414673,6.070873260498047,2.2965447902679443,6.8236002922058105,4.239603519439697,,,,,,
8789940000.0,96.64,8.100000381469727,6391222784.0,2355.149225337815,2069.0,0.0726318359375,33914880.0,70764.1573665142,0.0018180983606725931,0.017333984375,2.029690742492676,-0.02037980407476425,0.6332990527153015,-0.02029690518975258,-8.289841935038567e-05,0.0,0.04329420253634453,1.1244325637817383,0.7670781337541875,6.102914810180664,2.0296170711517334,6.146209239959717,2.3298513889312744,6.956671714782715,4.187056541442871,,,,,,
8789940000.0,82.17,7.5,6391222784.0,2390.716987328547,2070.0,0.0927734375,33931264.0,70771.0105407238,0.0006164570804685354,0.0020751953125,2.0243663787841797,-0.019979331642389297,0.7668914198875427,-0.02024366520345211,0.0002643335610628128,0.0,-0.022684013471007347,1.2358498573303223,0.7612084395899933,6.442730903625488,2.2290618419647217,6.420046329498291,2.5290417671203613,6.853174209594727,4.180298566818237,,,,,,
8789940000.0,110.32,8.399999618530273,6391222784.0,2382.9384447151124,2071.0,0.09033203125,33947648.0,70777.88608551025,0.0010492389556020498,0.00653076171875,2.0237925052642822,-0.020299825817346573,0.7337008118629456,-0.02023792639374733,-6.189756095409393e-05,0.0,0.05628477782011032,1.2066271305084229,0.7570567035699529,6.456557750701904,2.1780598163604736,6.512842178344727,2.4480507373809814,6.875544786453247,4.2550129890441895,,,,,,
8789940000.0,93.25,8.100000381469727,6391222784.0,2414.8145621595468,2072.0,0.0732421875,33964032.0,70784.6708714962,0.0010008761892095208,0.00494384765625,2.0599844455718994,-0.020039517432451248,0.6973881125450134,-0.0205998457968235,0.0005603255704045296,0.0,0.03222349286079407,1.1796332597732544,0.7411060940869545,6.330196380615234,2.071639060974121,6.362420082092285,2.3183887004852295,6.784785985946655,4.181353807449341,,,,,,
8789940000.0,75.61,8.100000381469727,6391222784.0,2413.5832362583374,2073.0,0.0750732421875,33980416.0,70791.45911884308,0.0017213535029441118,0.015380859375,2.057880163192749,-0.02107325755059719,0.619530439376831,-0.02057880163192749,-0.0004944540560245514,0.0,0.0020379088819026947,1.1126412153244019,0.7624919250265856,6.3807196617126465,2.032721519470215,6.382758140563965,2.283054828643799,6.788247346878052,4.2010581493377686,,,,,,
8789940000.0,108.54,8.100000381469727,6391222784.0,2407.9441153683124,2074.0,0.0738525390625,33996800.0,70798.26326346397,0.0013546107802540064,0.01007080078125,2.058450937271118,-0.02068576216697693,0.617363452911377,-0.020584508776664734,-0.0001012515276670456,0.0,0.07636255025863647,1.1094553470611572,0.7598007915650885,6.286250114440918,2.0099172592163086,6.362612724304199,2.263728380203247,6.804144620895386,4.173844575881958,,,,,,
8789940000.0,110.18,8.100000381469727,6391222784.0,2375.4685765321346,2075.0,0.0665283203125,34013184.0,70805.16042900085,0.0015843452420085669,0.01116943359375,2.063241720199585,-0.020367851480841637,0.5882276892662048,-0.020632416009902954,0.000264560803771019,0.0,0.00283717829734087,1.0799952745437622,0.7555467663037332,6.372446537017822,1.9489812850952148,6.375283718109131,2.1843583583831787,6.897165536880493,4.2244086265563965,,,,,,
8789940000.0,91.97,8.199999809265137,6391222784.0,2366.9656408141554,2076.0,0.0811767578125,34029568.0,70812.08237147331,0.0007920011412352324,0.00408935546875,2.0373551845550537,-0.020335938781499863,0.6348528265953064,-0.020373553037643433,3.7614256143569946e-05,0.0,0.039974626153707504,1.1251710653305054,0.7666753806946914,6.491125106811523,2.0526928901672363,6.531099319458008,2.3293683528900146,6.921942472457886,4.189730644226074,,,,,,
8789940000.0,110.46,7.199999809265137,6391222784.0,2327.8056584535693,2077.0,0.0640869140625,34045952.0,70819.12075972557,0.0007258698460645974,0.0040283203125,2.044182062149048,-0.020099114626646042,0.6555847525596619,-0.020441820845007896,0.0003427080810070038,0.0,-0.056517355144023895,1.1473023891448975,0.7282517402573047,6.314634323120117,1.8995736837387085,6.258116722106934,2.200870990753174,7.038388252258301,4.185953855514526,,,,,,
8789940000.0,105.37,7.699999809265137,6391222784.0,2361.768124637694,2078.0,0.076904296875,34062336.0,70826.05793523788,0.0007298274431377649,0.00274658203125,2.030986785888672,-0.02008179947733879,0.6613273620605469,-0.020309867337346077,0.0002280687913298607,0.0,0.03084115870296955,1.1485759019851685,0.7315337513117122,6.430158615112305,1.9134974479675293,6.461000442504883,2.2167418003082275,6.937175512313843,4.201993465423584,,,,,,
8789940000.0,98.42,7.5,6391222784.0,2405.6967815263765,2079.0,0.0799560546875,34078720.0,70832.8684360981,0.0009091868996620178,0.0052490234375,2.0312302112579346,-0.020251881331205368,0.7189615964889526,-0.020312301814556122,6.041955202817917e-05,0.0,-0.009766890667378902,1.19535493850708,0.7432660077258099,6.445395469665527,2.0364694595336914,6.435628414154053,2.3591480255126953,6.810500860214233,4.195118188858032,,,,,,
,,,,,,,,,,,,,,,,,,,,,,,,,,0.017169294878840446,0.6324360966682434,0.5947062969207764,0.017169294878840446,0.6324360966682434,0.5947062969207764
,,,,,,,,,,,,,,,,,,,,,,,,,,0.016764624044299126,0.578515350818634,0.5537064671516418,0.016764624044299126,0.578515350818634,0.5537064671516418
,,,,,,,,,,,,,,,,,,,,,,,,,,0.015701012685894966,0.5523668527603149,0.5305989384651184,0.015701012685894966,0.5523668527603149,0.5305989384651184
,,,,,,,,,,,,,,,,,,,,,,,,,,0.01614963635802269,0.529884934425354,0.5096697211265564,0.01614963635802269,0.529884934425354,0.5096697211265564
,,,,,,,,,,,,,,,,,,,,,,,,,,0.016190778464078903,0.5095841288566589,0.4922047555446625,0.016190778464078903,0.5095841288566589,0.4922047555446625
,,,,,,,,,,,,,,,,,,,,,,,,,,0.016160186380147934,0.49198952317237854,0.47302496433258057,0.016160186380147934,0.49198952317237854,0.47302496433258057
8789940000.0,91.74,7.5,6188634112.0,18.461339772232737,2080.0,0.067138671875,34095104.0,71720.34465408325,0.0009142562630586326,0.0047607421875,2.075378894805908,-0.02069038152694702,0.7030280232429504,-0.020753787830471992,6.341002881526947e-05,0.0,-0.08019837737083435,1.1852401494979858,0.7295613223552201,6.213262557983398,1.9692264795303345,6.133064270019531,2.279144048690796,887.4762179851532,4.1915247440338135,,,,,,
8789940000.0,107.62,8.300000190734863,6391222784.0,2417.2824324068583,2081.0,0.079345703125,34111488.0,71727.12251329422,0.000606745423283428,0.00213623046875,2.0943214893341064,-0.020291410386562347,0.5910670161247253,-0.020943213254213333,0.0006518065929412842,0.0,0.06846146285533905,1.0839629173278809,0.7768031734165551,6.40309476852417,2.034853935241699,6.471556663513184,2.294407844543457,6.777859210968018,4.188013792037964,,,,,,
8789940000.0,94.99,8.5,6391222784.0,2376.0037537825924,2082.0,0.0762939453125,34127872.0,71734.01812529564,0.0007606825674884021,0.00244140625,2.078981876373291,-0.020703446120023727,0.6258883476257324,-0.020789818838238716,8.637690916657448e-05,0.0,0.07271814346313477,1.116431474685669,0.7612060356151219,6.514748573303223,2.0577304363250732,6.587466239929199,2.284653663635254,6.895612001419067,4.217191219329834,,,,,,
8789940000.0,116.18,7.900000095367432,6391222784.0,2402.6497854293634,2083.0,0.064697265625,34144256.0,71740.8372631073,0.0008184355683624744,0.003173828125,2.1133408546447754,-0.021864457055926323,0.543104350566864,-0.021133407950401306,-0.0007310477085411549,0.0,-0.02096804976463318,1.0423710346221924,0.7831657152765186,6.269103527069092,2.0054614543914795,6.248135566711426,2.238507032394409,6.819137811660767,4.192348480224609,,,,,,
8789940000.0,92.58,8.399999618530273,6391222784.0,2423.7106995685785,2084.0,0.072021484375,34160640.0,71747.59714579582,0.0013113447930663824,0.00848388671875,2.042346239089966,-0.020297294482588768,0.6339897513389587,-0.020423462614417076,0.00012616626918315887,0.0,0.010231136344373226,1.1262263059616089,0.7609789304904647,6.415407657623291,1.9941996335983276,6.4256391525268555,2.3036036491394043,6.759882688522339,4.186317443847656,,,,,,
8789940000.0,113.66,7.5,6391222784.0,2394.6962209928365,2085.0,0.072021484375,34177024.0,71754.4389321804,0.0008903739508241415,0.0045166015625,2.048068046569824,-0.02061687968671322,0.635435938835144,-0.020480679348111153,-0.0001361980102956295,0.0,-0.036681875586509705,1.1248774528503418,0.7560647127758058,6.391348361968994,1.9901063442230225,6.354666709899902,2.277550458908081,6.8417863845825195,4.202728986740112,,,,,,
8789940000.0,145.64,8.300000190734863,6391222784.0,2430.9996679990454,2086.0,0.074462890625,34193408.0,71761.17854642868,0.0019959236960858107,0.0152587890625,2.0897812843322754,-0.02035829797387123,0.5343070030212402,-0.020897815003991127,0.0005395170301198959,0.0,0.03872682899236679,1.0374672412872314,0.7870579147047647,6.373933792114258,1.9885776042938232,6.412660121917725,2.248243570327759,6.739614248275757,4.1997106075286865,,,,,,
8789940000.0,111.84,8.0,6391222784.0,2409.3404845104205,2087.0,0.074462890625,34209792.0,71767.97874760628,0.0012325707357376814,0.00830078125,2.096226692199707,-0.021171651780605316,0.5851491093635559,-0.020962266251444817,-0.0002093864604830742,0.0,0.03046867623925209,1.0839263200759888,0.7795605286531597,6.435611248016357,2.0876080989837646,6.4660797119140625,2.308633804321289,6.800201177597046,4.195666551589966,,,,,,
8789940000.0,84.6,8.0,6391222784.0,2404.682052946449,2088.0,0.067138671875,34226176.0,71774.79212236404,0.0010063491063192487,0.00384521484375,2.1403732299804688,-0.020953023806214333,0.5581351518630981,-0.021403733640909195,0.00045070843771100044,0.0,0.006259266287088394,1.0512850284576416,0.7842511844187934,6.385251522064209,2.038654327392578,6.391510963439941,2.263322114944458,6.813374757766724,4.203154802322388,,,,,,
8789940000.0,132.05,7.300000190734863,6391222784.0,2415.0218856347697,2089.0,0.072021484375,34242560.0,71781.5763258934,0.0013616133946925402,0.01055908203125,2.119859457015991,-0.020396893844008446,0.6219630837440491,-0.021198593080043793,0.0008017010986804962,0.0,-0.0810910016298294,1.116508960723877,0.7702067653103541,6.528985977172852,2.025517463684082,6.447895050048828,2.329130172729492,6.78420352935791,4.196645975112915,,,,,,
8789940000.0,108.9,8.300000190734863,6391222784.0,2429.773606666088,2090.0,0.068359375,34258944.0,71788.31934094429,0.0006798422546125948,0.002685546875,2.1256425380706787,-0.021102305501699448,0.5002844333648682,-0.021256426349282265,0.0001541217789053917,0.0,0.05717989802360535,0.9977501630783081,0.7885339203791721,6.617833137512207,1.9451451301574707,6.675012588500977,2.1697065830230713,6.7430150508880615,4.191938638687134,,,,,,
8789940000.0,82.21,8.300000190734863,6391222784.0,2392.1087635251597,2091.0,0.0750732421875,34275328.0,71795.16852784157,0.0009317658259533346,0.00506591796875,2.101386070251465,-0.02120603248476982,0.5930068492889404,-0.021013859659433365,-0.00019216910004615784,0.0,0.01621970906853676,1.0833989381790161,0.7663542630618112,6.547525405883789,1.9971221685409546,6.563745021820068,2.2413487434387207,6.849186897277832,4.201768159866333,,,,,,
8789940000.0,127.47,8.0,6391222784.0,2351.5662342904634,2092.0,0.06591796875,34291712.0,71802.13579916954,0.0011413668980821967,0.00469970703125,2.127793550491333,-0.02059081196784973,0.5588691234588623,-0.021277936175465584,0.0006871242076158524,0.0,-0.025678541511297226,1.0601234436035156,0.769791827589786,6.434823513031006,1.9663259983062744,6.409145355224609,2.2095108032226562,6.967271327972412,4.175692558288574,,,,,,
8789940000.0,106.29,7.599999904632568,6391222784.0,2359.979360875496,2093.0,0.0567626953125,34308096.0,71809.0782327652,0.0019559510983526707,0.0157470703125,2.1324381828308105,-0.021960576996207237,0.5588681697845459,-0.021324381232261658,-0.0006361980922520161,0.0,-0.054371703416109085,1.0557061433792114,0.7649289330825904,6.298544883728027,1.9124151468276978,6.244173526763916,2.1774260997772217,6.942433595657349,4.169125318527222,,,,,,
8789940000.0,123.46,8.199999809265137,6391222784.0,2346.5918170114314,2094.0,0.05859375,34324480.0,71816.06027364731,0.0017096776282414794,0.0113525390625,2.143418550491333,-0.020221279934048653,0.49560320377349854,-0.021434184163808823,0.0012129051610827446,0.0,0.02998599410057068,0.9933019280433655,0.7853402656763406,6.255624771118164,1.886039137840271,6.285611152648926,2.143908977508545,6.982040882110596,4.195282459259033,,,,,,
8789940000.0,114.07,8.300000190734863,6391222784.0,2409.8448077583566,2095.0,0.069580078125,34340864.0,71822.8590517044,0.0008138832054100931,0.0040283203125,2.120053291320801,-0.02130066603422165,0.4616078734397888,-0.021200532093644142,-0.00010013370774686337,0.0,0.037523165345191956,0.9558077454566956,0.8023126821690026,6.428905963897705,1.9436779022216797,6.466428756713867,2.1497156620025635,6.798778057098389,4.188848972320557,,,,,,
8789940000.0,146.89,7.199999809265137,6391222784.0,2312.6815247041163,2096.0,0.0543212890625,34357248.0,71829.94346857071,0.0009099140297621489,0.004150390625,2.119359254837036,-0.021774601191282272,0.5945443511009216,-0.021193591877818108,-0.0005810065194964409,0.0,-0.09839135408401489,1.0843279361724854,0.742997509681855,6.450375556945801,1.8523989915847778,6.351984024047852,2.1389074325561523,7.08441686630249,4.19494891166687,,,,,,
8789940000.0,134.93,8.199999809265137,6391222784.0,2268.097905079446,2097.0,0.0634765625,34373632.0,71837.16714262962,0.0007060820935294032,0.0029296875,2.121504783630371,-0.020548801869153976,0.5087180733680725,-0.021215049549937248,0.0006662476807832718,0.0,0.05397377163171768,1.0066032409667969,0.7734012505517804,6.238700866699219,1.8394834995269775,6.292675018310547,2.1146080493927,7.223674058914185,4.189462661743164,,,,,,
8789940000.0,148.05,7.599999904632568,6391222784.0,2307.6528569225193,2098.0,0.067138671875,34390016.0,71844.26699733734,0.0008759929332882166,0.00567626953125,2.0923845767974854,-0.020744582638144493,0.6828984618186951,-0.02092384733259678,0.00017926562577486038,0.0,-0.0687253326177597,1.1656744480133057,0.739067910445166,6.390012741088867,1.954172134399414,6.321287631988525,2.2819881439208984,7.0998547077178955,4.188607931137085,,,,,,
8789940000.0,109.13,8.199999809265137,6391222784.0,2277.7741063969247,2099.0,0.0775146484375,34406400.0,71851.45998454094,0.0008414642652496696,0.0035400390625,2.072019100189209,-0.020078115165233612,0.6107850670814514,-0.020720189437270164,0.0006420770660042763,0.0,0.08988326787948608,1.1059015989303589,0.7553695716481112,6.451037406921387,1.9582618474960327,6.540921211242676,2.235947370529175,7.1929872035980225,4.192227363586426,,,,,,
8789940000.0,79.03,8.0,6391222784.0,2399.9015423815295,2100.0,0.07080078125,34422784.0,71858.28693127632,0.0016652808990329504,0.01214599609375,2.0953257083892822,-0.02045315131545067,0.5613603591918945,-0.020953256636857986,0.0005001053214073181,0.0,0.006536085158586502,1.0599544048309326,0.7718129598718022,6.327058792114258,1.962918758392334,6.33359432220459,2.2189204692840576,6.82694673538208,4.191474914550781,,,,,,
8789940000.0,91.21,7.699999809265137,6391222784.0,2409.3533244332903,2101.0,0.0787353515625,34439168.0,71865.0870962143,0.0007594780763611197,0.003662109375,2.08050274848938,-0.020468028262257576,0.650642454624176,-0.020805025473237038,0.00033699627965688705,0.0,-0.019295072183012962,1.1384847164154053,0.7742111060030146,6.514534950256348,2.1037890911102295,6.4952392578125,2.395939588546753,6.8001649379730225,4.189305067062378,,,,,,
8789940000.0,119.83,8.600000381469727,6391222784.0,2400.5248475950293,2102.0,0.079345703125,34455552.0,71871.91227030754,0.0007539785001426935,0.00396728515625,2.052109718322754,-0.020696789026260376,0.49100738763809204,-0.020521096885204315,-0.0001756921410560608,0.0,0.046300310641527176,0.9904856085777283,0.800018303959287,6.412686824798584,1.9721882343292236,6.458987236022949,2.214895248413086,6.82517409324646,4.193767786026001,,,,,,
8789940000.0,104.57,8.699999809265137,6391222784.0,2424.492526282588,2103.0,0.0726318359375,34471936.0,71878.669973135,0.0014769065892323852,0.0108642578125,2.0766592025756836,-0.020836593583226204,0.5089702606201172,-0.020766591653227806,-7.000192999839783e-05,0.0,-0.0021982332691550255,1.0058666467666626,0.7948682195372916,6.49172306060791,1.9706920385360718,6.489524841308594,2.220874786376953,6.757702827453613,4.1823132038116455,,,,,,
8789940000.0,98.46,8.699999809265137,6391222784.0,2408.6814396748114,2104.0,0.064697265625,34488320.0,71885.47203493118,0.0010223124409094453,0.0045166015625,2.108532428741455,-0.02069682627916336,0.4723126292228699,-0.02108532376587391,0.000388498418033123,0.0,0.09291094541549683,0.9701451659202576,0.7754563585019029,6.424037456512451,1.865319848060608,6.516948699951172,2.0473239421844482,6.8020617961883545,4.182107925415039,,,,,,
8789940000.0,136.27,7.5,6391222784.0,2416.8868500412636,2105.0,0.07568359375,34504704.0,71892.2510035038,0.0027243015356361866,0.02423095703125,2.07077956199646,-0.021449504420161247,0.6362078189849854,-0.02070779539644718,-0.0007417090237140656,0.0,-0.06688077747821808,1.1181342601776123,0.7536887864328281,6.6186113357543945,1.9666296243667603,6.551730155944824,2.2529513835906982,6.778968572616577,4.1896045207977295,,,,,,
8789940000.0,105.86,7.900000095367432,6391222784.0,2400.116958953217,2106.0,0.078125,34521088.0,71899.07733750343,0.0010802746983245015,0.0068359375,2.0119354724884033,-0.01952720433473587,0.714235246181488,-0.020119355991482735,0.0005921516567468643,0.0,0.020703263580799103,1.194879174232483,0.7206439217430778,6.686281681060791,1.9064841270446777,6.706984996795654,2.260711431503296,6.826333999633789,4.2078940868377686,,,,,,
8789940000.0,109.81,8.199999809265137,6391222784.0,2405.049408042558,2107.0,0.0701904296875,34537472.0,71905.8896715641,0.0016008801758289337,0.0118408203125,2.1132524013519287,-0.02128005214035511,0.5154793858528137,-0.021132521331310272,-0.00014753080904483795,0.0,0.041889868676662445,1.0153957605361938,0.7735283642818883,6.27159309387207,1.8570054769515991,6.313482284545898,2.1336755752563477,6.812334060668945,4.174269199371338,,,,,,
8789940000.0,95.47,8.0,6391222784.0,2413.4908399563474,2108.0,0.0616455078125,34553856.0,71912.67817878723,0.0011294218711555004,0.00640869140625,2.0859408378601074,-0.02046966180205345,0.5163597464561462,-0.020859407261013985,0.0003897426649928093,0.0,0.00895625352859497,1.015785574913025,0.784594833342422,6.356823921203613,1.921520709991455,6.365780830383301,2.1886396408081055,6.7885072231292725,4.206994533538818,,,,,,
8789940000.0,117.59,8.100000381469727,6391222784.0,2435.522721523146,2109.0,0.0726318359375,34570240.0,71919.40527677536,0.0012426694156602025,0.00689697265625,2.061067581176758,-0.02005731128156185,0.583893895149231,-0.02061067521572113,0.0005533639341592789,0.0,-0.005650987382978201,1.0782099962234497,0.7868391879373159,6.622204780578613,2.081141710281372,6.61655330657959,2.335336923599243,6.727097988128662,4.1768248081207275,,,,,,
8789940000.0,109.38,7.900000095367432,6391222784.0,2367.372532916013,2110.0,0.072021484375,34586624.0,71926.32602953911,0.002089964458718896,0.01641845703125,2.0827419757843018,-0.02065996080636978,0.7215567231178284,-0.02082742005586624,0.0001674611121416092,0.0,0.003345923498272896,1.2041099071502686,0.7221100089927717,6.437757968902588,2.0168402194976807,6.441103935241699,2.2841765880584717,6.920752763748169,4.192037582397461,,,,,,
8789940000.0,127.06,7.800000190734863,6391222784.0,2398.5897614481,2111.0,0.068359375,34603008.0,71933.15670990944,0.0011439190711826086,0.006591796875,2.075976610183716,-0.020769307389855385,0.629270613193512,-0.020759765058755875,-9.542331099510193e-06,0.0,-0.025657102465629578,1.1173574924468994,0.7438033618893575,6.4114508628845215,1.9489293098449707,6.385793685913086,2.207523822784424,6.8306803703308105,4.1708598136901855,,,,,,
,,,,,,,,,,,,,,,,,,,,,,,,,,0.02076001651585102,0.6063233017921448,0.5601918697357178,0.02076001651585102,0.6063233017921448,0.5601918697357178
,,,,,,,,,,,,,,,,,,,,,,,,,,0.019168006256222725,0.5539312362670898,0.5266838669776917,0.019168006256222725,0.5539312362670898,0.5266838669776917
,,,,,,,,,,,,,,,,,,,,,,,,,,0.018748776987195015,0.5256150364875793,0.5016341805458069,0.018748776987195015,0.5256150364875793,0.5016341805458069
,,,,,,,,,,,,,,,,,,,,,,,,,,0.018424276262521744,0.5051612854003906,0.48040634393692017,0.018424276262521744,0.5051612854003906,0.48040634393692017
,,,,,,,,,,,,,,,,,,,,,,,,,,0.018288876861333847,0.4863854646682739,0.46242713928222656,0.018288876861333847,0.4863854646682739,0.46242713928222656
,,,,,,,,,,,,,,,,,,,,,,,,,,0.018791476264595985,0.470583975315094,0.44581782817840576,0.018791476264595985,0.470583975315094,0.44581782817840576
8789940000.0,84.62,7.599999904632568,6188634112.0,18.40465985624718,2112.0,0.074462890625,34619392.0,72823.36604428291,0.0009403276490047574,0.00335693359375,2.1254425048828125,-0.020588085055351257,0.709786057472229,-0.02125442400574684,0.0006663408130407333,0.0,-0.03525558114051819,1.1863175630569458,0.7271098798241774,6.554251194000244,2.010467052459717,6.51899528503418,2.2709462642669678,890.2093343734741,4.212879419326782,,,,,,
8789940000.0,71.71,7.800000190734863,6391222784.0,2476.4594639923585,2113.0,0.0830078125,34635776.0,72829.98194098473,0.0009421214926987886,0.00537109375,2.0996336936950684,-0.021180391311645508,0.8137071132659912,-0.0209963358938694,-0.00018405821174383163,0.0,-0.07315938174724579,1.2771743535995483,0.7021264473472006,6.7680864334106445,2.005798101425171,6.694927215576172,2.3400986194610596,6.615896701812744,4.185838222503662,,,,,,
8789940000.0,126.32,7.800000190734863,6391222784.0,2395.1662144036536,2114.0,0.069580078125,34652160.0,72836.82238483429,0.001143983332440257,0.0059814453125,2.158665418624878,-0.021854881197214127,0.5669216513633728,-0.02158665657043457,-0.0002682320773601532,0.0,0.03234674036502838,1.0627330541610718,0.7587684295068511,6.348545074462891,1.8688043355941772,6.380892276763916,2.163750410079956,6.840443849563599,4.189947843551636,,,,,,
8789940000.0,138.86,8.0,6391222784.0,2389.629178540285,2115.0,0.068359375,34668544.0,72843.67867875099,0.0008732844144105911,0.0025634765625,2.1459028720855713,-0.02124331146478653,0.5801364183425903,-0.021459029987454414,0.00021571852266788483,0.0,0.020868975669145584,1.0809558629989624,0.7505300060952219,6.294440269470215,1.8848140239715576,6.315309047698975,2.1642069816589355,6.8562939167022705,4.193206071853638,,,,,,
8789940000.0,106.23,8.399999618530273,6391222784.0,2360.75150438077,2116.0,0.06103515625,34684928.0,72850.6188416481,0.0008035850478336215,0.00250244140625,2.1416537761688232,-0.021587787196040154,0.47381168603897095,-0.02141653746366501,-0.00017124880105257034,0.0,0.03004790097475052,0.9759682416915894,0.7807950209949673,6.348644256591797,1.8985391855239868,6.378692150115967,2.0845401287078857,6.940162897109985,4.194098949432373,,,,,,
8789940000.0,124.77,8.100000381469727,6391222784.0,2307.527015548022,2117.0,0.054931640625,34701312.0,72857.71908354759,0.0006306865252554417,0.0028076171875,2.1346874237060547,-0.021215341985225677,0.5036852359771729,-0.02134687453508377,0.00013152975589036942,0.0,0.002002192195504904,1.0052887201309204,0.7601747419298097,6.251907825469971,1.8076401948928833,6.253910064697266,2.0527849197387695,7.1002418994903564,4.200920581817627,,,,,,
8789940000.0,101.6,8.199999809265137,6391222784.0,2339.584042349245,2118.0,0.059814453125,34717696.0,72864.7220377922,0.0007752091623842716,0.0032958984375,2.1913857460021973,-0.021608371287584305,0.4801713228225708,-0.021913858130574226,0.00030548498034477234,0.0,0.006557798944413662,0.9814168810844421,0.7751504332153937,6.242420196533203,1.8470005989074707,6.248978137969971,2.0697004795074463,7.0029542446136475,4.1947948932647705,,,,,,
8789940000.0,167.82,7.400000095367432,6391222784.0,2315.006176181666,2119.0,0.0628662109375,34734080.0,72871.79934072495,0.0006796952802687883,0.00225830078125,2.178095817565918,-0.02183978259563446,0.6637293696403503,-0.021780960261821747,-5.8826059103012085e-05,0.0,-0.09422792494297028,1.149928092956543,0.7359662581144855,6.350821495056152,1.9046852588653564,6.256593704223633,2.237903118133545,7.077302932739258,4.208711385726929,,,,,,
8789940000.0,106.32,7.400000095367432,6391222784.0,2340.9927416408686,2120.0,0.0830078125,34750464.0,72878.79808092117,0.0005572506925091147,0.0018310546875,2.133064031600952,-0.020934782922267914,0.6898272037506104,-0.021330639719963074,0.0003958512097597122,0.0,-0.01708657667040825,1.1787394285202026,0.7398445953909641,6.499242782592773,1.973260521888733,6.482156276702881,2.311009168624878,6.998740196228027,4.19572377204895,,,,,,
8789940000.0,95.57,8.600000381469727,6391222784.0,2422.3936892074844,2121.0,0.093994140625,34766848.0,72885.56163883209,0.000715188100002706,0.0025634765625,2.1202168464660645,-0.021255452185869217,0.6476168632507324,-0.021202169358730316,-5.328468978404999e-05,0.0,0.11132829636335373,1.1331590414047241,0.7386050318792262,6.665538787841797,1.9655400514602661,6.776866912841797,2.216369390487671,6.7635579109191895,4.176307439804077,,,,,,
8789940000.0,117.63,7.400000095367432,6391222784.0,2429.875759845828,2122.0,0.0604248046875,34783232.0,72892.30437040329,0.0012565929209813476,0.00872802734375,2.1975221633911133,-0.021666347980499268,0.6571639180183411,-0.021975219249725342,0.0003088712692260742,0.0,-0.03228018805384636,1.14655339717865,0.7264541354461846,6.328656196594238,1.8966597318649292,6.2963762283325195,2.192195177078247,6.74273157119751,4.181439161300659,,,,,,
8789940000.0,118.04,7.5,6391222784.0,2401.029848955485,2123.0,0.068359375,34799616.0,72899.12810897827,0.0011834739707410336,0.00592041015625,2.175424098968506,-0.02224111370742321,0.6803933382034302,-0.02175424061715603,-0.0004868777468800545,0.0,-0.07445419579744339,1.16273832321167,0.7335172340918041,6.490861892700195,1.9485418796539307,6.416407585144043,2.252410888671875,6.8237385749816895,4.192933082580566,,,,,,
8789940000.0,127.5,7.800000190734863,6391222784.0,2436.369974532082,2124.0,0.0701904296875,34816000.0,72905.8528676033,0.0009673853055574,0.002685546875,2.189548969268799,-0.022164708003401756,0.6463755369186401,-0.02189549058675766,-0.000269218347966671,0.0,-0.017113009467720985,1.1331679821014404,0.7215128525103305,6.4707536697387695,1.8211153745651245,6.453640460968018,2.1472949981689453,6.724758625030518,4.17639684677124,,,,,,
8789940000.0,116.34,8.0,6391222784.0,2380.496791016009,2125.0,0.0762939453125,34832384.0,72912.7354645729,0.001617674482986331,0.01153564453125,2.1579465866088867,-0.021660272032022476,0.6139264106750488,-0.02157946489751339,-8.080992847681046e-05,0.0,0.06006636470556259,1.1059473752975464,0.7468894148569178,6.370973587036133,1.917291283607483,6.431039810180664,2.198261260986328,6.882596969604492,4.201303243637085,,,,,,
8789940000.0,97.07,7.699999809265137,6391222784.0,2412.5085707898315,2126.0,0.0689697265625,34848768.0,72919.52673578262,0.0008594448445364833,0.00262451171875,2.1885671615600586,-0.0220614206045866,0.6075495481491089,-0.021885670721530914,-0.0001757470890879631,0.0,0.0013438891619443893,1.1024986505508423,0.7572026607657676,6.393404960632324,1.9450122117996216,6.394749164581299,2.2374637126922607,6.791271209716797,4.206226587295532,,,,,,
8789940000.0,127.9,8.199999809265137,6391222784.0,2416.012063839175,2127.0,0.0537109375,34865152.0,72926.30815887451,0.0007966849370859563,0.0040283203125,2.253695487976074,-0.02248724177479744,0.4436221122741699,-0.022536953911185265,4.971399903297424e-05,0.0,-0.010272316634654999,0.943864643573761,0.7821803928460446,6.110407829284668,1.802126407623291,6.100135803222656,2.0223734378814697,6.781423091888428,4.203698635101318,,,,,,
8789940000.0,137.65,7.900000095367432,6391222784.0,2406.7654698112365,2128.0,0.0518798828125,34881536.0,72933.11563563347,0.0007835879805497825,0.0023193359375,2.2409005165100098,-0.02198219671845436,0.4831531345844269,-0.022409003227949142,0.0004268079064786434,0.0,-0.016323495656251907,0.982175350189209,0.7795135010099069,6.181294918060303,1.8136928081512451,6.164971351623535,2.091693878173828,6.807476758956909,4.179452657699585,,,,,,
8789940000.0,116.74,8.0,6391222784.0,2390.632737188527,2129.0,0.054931640625,34897920.0,72939.96905136108,0.0012233025627210736,0.00848388671875,2.2028110027313232,-0.021514682099223137,0.42942389845848083,-0.022028110921382904,0.0005134325474500656,0.0,0.005780346691608429,0.9272869229316711,0.8032593849434254,6.113781929016113,1.8486378192901611,6.119562149047852,2.090580940246582,6.8534157276153564,4.209208250045776,,,,,,
8789940000.0,162.58,7.5,6391222784.0,2392.322200351617,2130.0,0.0567626953125,34914304.0,72946.81762719154,0.0007351209060288966,0.0032958984375,2.1804351806640625,-0.021605774760246277,0.6227385997772217,-0.021804355084896088,0.00019857683219015598,0.0,-0.04466275870800018,1.1144131422042847,0.7433721373058417,6.2214837074279785,1.935964822769165,6.176820755004883,2.1998565196990967,6.848575830459595,4.175242185592651,,,,,,
8789940000.0,126.25,8.100000381469727,6391222784.0,2390.4471250601923,2131.0,0.064697265625,34930688.0,72953.67157506943,0.000833157217130065,0.00421142578125,2.1443514823913574,-0.02124139666557312,0.4953874349594116,-0.02144351415336132,0.0002021193504333496,0.0,-0.012557227164506912,0.9987809062004089,0.7863120504435079,6.215298652648926,1.9004862308502197,6.202741622924805,2.160630226135254,6.853947877883911,4.205361604690552,,,,,,
8789940000.0,139.83,8.100000381469727,6391222784.0,2448.304094224798,2132.0,0.0628662109375,34947072.0,72960.36355423927,0.0013900918420404196,0.009765625,2.144577980041504,-0.020622752606868744,0.5163505673408508,-0.021445779129862785,0.0008230265229940414,0.0,0.02817339263856411,1.0126372575759888,0.7778829722123839,6.296905040740967,1.889450192451477,6.325078964233398,2.148637056350708,6.691979169845581,4.174633026123047,,,,,,
8789940000.0,108.35,8.300000190734863,6391222784.0,2349.7639596258787,2133.0,0.0762939453125,34963456.0,72967.33616948128,0.0008023827103897929,0.00396728515625,2.1082763671875,-0.02044071815907955,0.5430519580841064,-0.021082762628793716,0.0006420454010367393,0.0,0.04533009976148605,1.0440113544464111,0.7844877200710706,6.389972686767578,1.9848612546920776,6.435303211212158,2.248896360397339,6.9726152420043945,4.192076206207275,,,,,,
8789940000.0,116.23,7.900000095367432,6391222784.0,2337.816225425442,2134.0,0.0665283203125,34979840.0,72974.34441924095,0.0011113494401797652,0.00677490234375,2.099325180053711,-0.021159542724490166,0.5774296522140503,-0.020993251353502274,-0.00016629230231046677,0.0,0.00772436149418354,1.0731884241104126,0.7518140507777535,6.563290596008301,1.9163520336151123,6.571014404296875,2.154205560684204,7.008249759674072,4.1734654903411865,,,,,,
8789940000.0,116.13,8.100000381469727,6391222784.0,2287.4700985903123,2135.0,0.068359375,34996224.0,72981.50691723824,0.0010923584923148155,0.0050048828125,2.1243252754211426,-0.021385107189416885,0.5652959942817688,-0.021243251860141754,-0.00014185719192028046,0.0,-0.03495805710554123,1.0628564357757568,0.7568272450777089,6.489593505859375,1.8833857774734497,6.4546356201171875,2.1553468704223633,7.1624979972839355,4.188559293746948,,,,,,
8789940000.0,120.02,8.300000190734863,6391222784.0,2326.85721700137,2136.0,0.0701904296875,35012608.0,72988.54817438126,0.0010810112580657005,0.00531005859375,2.1221704483032227,-0.02131274901330471,0.580589771270752,-0.0212217029184103,-9.104236960411072e-05,0.0,0.03846659138798714,1.0721603631973267,0.7431446796308816,6.473557472229004,1.8586764335632324,6.51202392578125,2.115511178970337,7.04125714302063,4.181368112564087,,,,,,
8789940000.0,127.06,8.600000381469727,6391222784.0,2356.670403211132,2137.0,0.069580078125,35028992.0,72995.50035572052,0.0006975521100685,0.0029296875,2.118110179901123,-0.021200714632868767,0.508004903793335,-0.021181104704737663,-1.9611790776252747e-05,0.0,0.05650537461042404,1.0063010454177856,0.7647144022111293,6.642300605773926,1.8564611673355103,6.698805809020996,2.074579954147339,6.952181339263916,4.191323280334473,,,,,,
8789940000.0,140.15,8.300000190734863,6391222784.0,2411.9177136699145,2138.0,0.0714111328125,35045376.0,73002.29329061508,0.0011651981621980667,0.00836181640625,2.1470768451690674,-0.021237120032310486,0.5694763660430908,-0.021470768377184868,0.00023364927619695663,0.0,0.08366319537162781,1.0657278299331665,0.7594062952522226,6.571469306945801,1.9430793523788452,6.655132293701172,2.172722578048706,6.792934894561768,4.210925579071045,,,,,,
8789940000.0,117.5,7.5,6391222784.0,2391.6740131850734,2139.0,0.074462890625,35061760.0,73009.14372253418,0.001481478800997138,0.0106201171875,2.141657829284668,-0.02112719789147377,0.5912890434265137,-0.02141658216714859,0.0002893810160458088,0.0,-0.020951546728610992,1.08270263671875,0.7592479306948954,6.621554374694824,1.9476385116577148,6.600603103637695,2.206604480743408,6.8504319190979,4.195096969604492,,,,,,
8789940000.0,119.51,7.300000190734863,6391222784.0,2436.597517261255,2140.0,0.0665283203125,35078144.0,73015.86785316467,0.0015020580030977726,0.01275634765625,2.121954917907715,-0.021359143778681755,0.659037709236145,-0.02121954783797264,-0.00013959570787847042,0.0,-0.04653988033533096,1.145158052444458,0.729604924332269,6.513187408447266,1.900320053100586,6.466647148132324,2.2022459506988525,6.724130630493164,4.200984001159668,,,,,,
8789940000.0,87.18,8.5,6391222784.0,2345.2756187733644,2141.0,0.079345703125,35094528.0,73022.85381245613,0.00248610763810575,0.02459716796875,2.0805044174194336,-0.020359162241220474,0.6391266584396362,-0.02080504223704338,0.0004458813928067684,0.0,0.04095592349767685,1.1312893629074097,0.727884073452663,6.612342834472656,1.8755756616592407,6.653298377990723,2.168684959411621,6.98595929145813,4.1835901737213135,,,,,,
8789940000.0,104.56,7.199999809265137,6391222784.0,2432.7175795521875,2142.0,0.0823974609375,35110912.0,73029.58866739273,0.0025214613415300846,0.02056884765625,2.0323188304901123,-0.019350513815879822,0.7647441625595093,-0.020323187112808228,0.0009726695716381073,0.0,-0.041392307728528976,1.2364031076431274,0.7207300355088121,6.708994388580322,1.9831938743591309,6.667601585388184,2.339632511138916,6.7348549365997314,4.176336288452148,,,,,,
8789940000.0,110.7,8.0,6391222784.0,2395.7093027264964,2143.0,0.0927734375,35127296.0,73036.42756056786,0.0010618686210364103,0.00714111328125,2.0397472381591797,-0.019941695034503937,0.6492994427680969,-0.020397473126649857,0.0004557780921459198,0.0,0.05405651777982712,1.1327885389328003,0.7535918085385743,6.69223690032959,2.008732795715332,6.746293067932129,2.282029628753662,6.838893175125122,4.184707164764404,,,,,,
,,,,,,,,,,,,,,,,,,,,,,,,,,0.01897706836462021,0.6239191889762878,0.5713801383972168,0.01897706836462021,0.6239191889762878,0.5713801383972168
,,,,,,,,,,,,,,,,,,,,,,,,,,0.01823473908007145,0.5655679106712341,0.534318208694458,0.01823473908007145,0.5655679106712341,0.534318208694458
,,,,,,,,,,,,,,,,,,,,,,,,,,0.0177061315625906,0.5384637713432312,0.5079424977302551,0.0177061315625906,0.5384637713432312,0.5079424977302551
,,,,,,,,,,,,,,,,,,,,,,,,,,0.017511388286948204,0.515179455280304,0.48563557863235474,0.017511388286948204,0.515179455280304,0.48563557863235474
,,,,,,,,,,,,,,,,,,,,,,,,,,0.01768067106604576,0.49548131227493286,0.4687097370624542,0.01768067106604576,0.49548131227493286,0.4687097370624542
,,,,,,,,,,,,,,,,,,,,,,,,,,0.01769079454243183,0.4753834307193756,0.4493102729320526,0.01769079454243183,0.4753834307193756,0.4493102729320526
8789940000.0,85.11,8.300000190734863,6188634112.0,18.454857794454547,2144.0,0.081787109375,35143680.0,73924.2154905796,0.0008409484871663153,0.00323486328125,2.060460329055786,-0.02042948454618454,0.7100849747657776,-0.020604604855179787,0.00017511844635009766,0.0,-0.009757863357663155,1.1902402639389038,0.7435976052568911,6.687104225158691,2.093409299850464,6.677346229553223,2.3505709171295166,887.7879300117493,4.3491880893707275,,,,,,
8789940000.0,108.15,7.900000095367432,6391222784.0,2354.4816551693516,2145.0,0.0775146484375,35160064.0,73931.1741347313,0.0007572969770990312,0.00323486328125,2.0830907821655273,-0.020919591188430786,0.6358935832977295,-0.020830906927585602,-8.867960423231125e-05,0.0,0.020261947065591812,1.1244935989379883,0.7361282118291944,6.660425186157227,1.9617102146148682,6.680686950683594,2.189074754714966,6.958644151687622,4.1728737354278564,,,,,,
8789940000.0,97.8,8.0,6391222784.0,2367.7840520398245,2146.0,0.062255859375,35176448.0,73938.09368467331,0.000678570824675262,0.00177001953125,2.140700340270996,-0.02090398781001568,0.5284218788146973,-0.021407002583146095,0.000503014656715095,0.0,0.0051557756960392,1.0255824327468872,0.7520452286410675,6.419281005859375,1.8226392269134521,6.424436569213867,2.0596070289611816,6.919549942016602,4.1909403800964355,,,,,,
8789940000.0,155.9,7.300000190734863,6391222784.0,2323.2627219718297,2147.0,0.0592041015625,35192832.0,73945.14583587646,0.0006132622947916389,0.00213623046875,2.1625359058380127,-0.021538253873586655,0.6195468306541443,-0.021625356748700142,8.710264228284359e-05,0.0,-0.0875401496887207,1.1107052564620972,0.7312459034840071,6.4119391441345215,1.8343230485916138,6.324398994445801,2.1425018310546875,7.052151203155518,4.2025980949401855,,,,,,
8789940000.0,93.91,8.5,6391222784.0,2351.661756189337,2148.0,0.0592041015625,35209216.0,73952.11282420158,0.0009538494050502777,0.005615234375,2.155301094055176,-0.0208340585231781,0.4540652632713318,-0.02155301347374916,0.0007189586758613586,0.0,6.322283297777176e-06,0.9475473165512085,0.8029254521331433,6.377823829650879,1.8626788854599,6.3778300285339355,2.134448528289795,6.9669883251190186,4.186295747756958,,,,,,
8789940000.0,168.99,7.800000190734863,6391222784.0,2386.533705165895,2149.0,0.0567626953125,35225600.0,73958.97801113129,0.0005490541225299239,0.00103759765625,2.1713016033172607,-0.021857840940356255,0.5425108671188354,-0.0217130146920681,-0.00014482811093330383,0.0,0.007087318226695061,1.0390126705169678,0.7339631877476209,6.255495071411133,1.7745527029037476,6.262582302093506,2.0144202709198,6.865186929702759,4.193942070007324,,,,,,
8789940000.0,130.39,8.300000190734863,6391222784.0,2390.6919528563926,2150.0,0.0567626953125,35241984.0,73965.83125710487,0.0013561454834416509,0.00689697265625,2.174715995788574,-0.021308720111846924,0.43797633051872253,-0.021747158840298653,0.0004384387284517288,0.0,-0.0032304986380040646,0.9349769949913025,0.7915394735084764,6.378793716430664,1.8522756099700928,6.375563621520996,2.047806978225708,6.853245973587036,4.1929030418396,,,,,,
8789940000.0,126.53,8.300000190734863,6391222784.0,2381.697304831815,2151.0,0.0640869140625,35258368.0,73972.71038484573,0.0008555930107831955,0.00396728515625,2.1615123748779297,-0.021865220740437508,0.4291549324989319,-0.021615123376250267,-0.0002500973641872406,0.0,0.041876889765262604,0.9266214966773987,0.8059459463870038,6.313168525695801,1.88150155544281,6.355045318603516,2.1034929752349854,6.879127740859985,4.200004577636719,,,,,,
8789940000.0,127.31,8.399999618530273,6391222784.0,2454.3375008339526,2152.0,0.0701904296875,35274752.0,73979.38591337204,0.0012214707676321268,0.00701904296875,2.1208717823028564,-0.021031521260738373,0.5238125920295715,-0.021208718419075012,0.00017719855532050133,0.0,0.0192328579723835,1.0239335298538208,0.7791506451399286,6.599419593811035,1.9557591676712036,6.618653297424316,2.1788337230682373,6.675528526306152,4.181147575378418,,,,,,
8789940000.0,115.06,8.899999618530273,6391222784.0,2417.1806551334053,2153.0,0.0653076171875,35291136.0,73986.16405797005,0.0009422566508874297,0.004638671875,2.1542809009552,-0.02159179002046585,0.39058589935302734,-0.021542809903621674,-4.898197948932648e-05,0.0,0.04821571707725525,0.8827918171882629,0.808741419340077,6.460766792297363,1.8475079536437988,6.5089826583862305,2.018589735031128,6.778144598007202,4.192150115966797,,,,,,
8789940000.0,159.62,7.300000190734863,6391222784.0,2386.9168429283177,2154.0,0.0579833984375,35307520.0,73993.02814292908,0.001110436045564711,0.00592041015625,2.1526567935943604,-0.02147321030497551,0.6366024017333984,-0.02152656763792038,5.335640162229538e-05,0.0,-0.04340948536992073,1.1296701431274414,0.7005509907945258,6.410602569580078,1.7953834533691406,6.36719274520874,2.0643818378448486,6.864084959030151,4.180981636047363,,,,,,
8789940000.0,92.46,8.5,6391222784.0,2379.2818349000577,2155.0,0.0701904296875,35323904.0,73999.91425442696,0.001015752088278532,0.00250244140625,2.1251890659332275,-0.02112390100955963,0.6062278151512146,-0.021251892670989037,0.0001279916614294052,0.0,0.08318721503019333,1.097877025604248,0.7151421873639405,6.581026554107666,1.8203474283218384,6.664214134216309,2.0570266246795654,6.886111497879028,4.2077906131744385,,,,,,
8789940000.0,71.43,8.5,6391222784.0,2381.7749826599083,2156.0,0.0738525390625,35340288.0,74006.79315781593,0.0009057667339220643,0.00323486328125,2.1547505855560303,-0.02138754166662693,0.4769660532474518,-0.021547503769397736,0.00015996582806110382,0.0,0.025763442739844322,0.9758612513542175,0.793670148919248,6.653003692626953,1.9002407789230347,6.678767204284668,2.1483612060546875,6.878903388977051,4.202863693237305,,,,,,
8789940000.0,123.13,8.5,6391222784.0,2410.1794217580605,2157.0,0.068359375,35356672.0,74013.59099197388,0.0016257785027846694,0.0108642578125,2.1398351192474365,-0.021363727748394012,0.5650577545166016,-0.021398350596427917,3.462121821939945e-05,0.0,0.015443946234881878,1.0618990659713745,0.7622660618778659,6.591853141784668,1.9075373411178589,6.607296943664551,2.177898645401001,6.797834157943726,4.18960428237915,,,,,,
8789940000.0,137.0,7.5,6391222784.0,2403.0923171448585,2158.0,0.06591796875,35373056.0,74020.40887403488,0.0007459066109731793,0.0030517578125,2.1237144470214844,-0.021091677248477936,0.5743221044540405,-0.021237146109342575,0.0001454642042517662,0.0,-0.09209435433149338,1.0696277618408203,0.7628030544791562,6.6643757820129395,1.8854361772537231,6.572281360626221,2.19623064994812,6.817882061004639,4.191599607467651,,,,,,
8789940000.0,111.86,8.0,6391222784.0,2486.823273166372,2159.0,0.054931640625,35389440.0,74026.99719905853,0.001299918396398425,0.0108642578125,2.1743688583374023,-0.021715465933084488,0.42236241698265076,-0.021743688732385635,2.8221867978572845e-05,0.0,-0.037058696150779724,0.9176031947135925,0.7865724312034525,6.455176830291748,1.7416932582855225,6.418118476867676,1.986230492591858,6.588325023651123,4.194646596908569,,,,,,
8789940000.0,160.43,8.0,6391222784.0,2450.6692687513823,2160.0,0.0482177734375,35405824.0,74033.68271970749,0.001052873325534165,0.00469970703125,2.2181665897369385,-0.02175246737897396,0.37326908111572266,-0.022181663662195206,0.00042919302359223366,0.0,-0.04983346164226532,0.8634166717529297,0.7856315711822656,6.30388069152832,1.6641041040420532,6.254047393798828,1.864833116531372,6.685520648956299,4.187524795532227,,,,,,
8789940000.0,171.38,7.900000095367432,6391222784.0,2343.819712233229,2161.0,0.047607421875,35422208.0,74040.6730184555,0.0018424317240715027,0.01556396484375,2.233783006668091,-0.022538475692272186,0.4381798207759857,-0.02233782783150673,-0.00020064564887434244,0.0,-0.029874658212065697,0.92600017786026,0.7751526961510979,6.247683048248291,1.7325944900512695,6.217807769775391,1.9528405666351318,6.990298748016357,4.204138517379761,,,,,,
8789940000.0,146.5,9.199999809265137,6391222784.0,2357.103919610345,2162.0,0.0592041015625,35438592.0,74047.62392115593,0.0004684598825406283,0.00067138671875,2.2184722423553467,-0.021617721766233444,0.3174639344215393,-0.022184720262885094,0.0005669975653290749,0.0,0.07372619956731796,0.7942100167274475,0.8377453957783332,6.27089786529541,1.7950453758239746,6.344623565673828,1.971681833267212,6.950902700424194,4.192842245101929,,,,,,
8789940000.0,191.15,7.599999904632568,6391222784.0,2377.223011403389,2163.0,0.0482177734375,35454976.0,74054.51599645615,0.0008218237780965865,0.00531005859375,2.208428144454956,-0.022220484912395477,0.5211549997329712,-0.022084280848503113,-0.00013620383106172085,0.0,-0.033620528876781464,1.0182454586029053,0.7409683845643245,6.338306427001953,1.759925365447998,6.304686069488525,2.0006728172302246,6.892075300216675,4.179860353469849,,,,,,
8789940000.0,135.4,7.699999809265137,6391222784.0,2323.9412319755374,2164.0,0.0604248046875,35471360.0,74061.56608867645,0.0010343031026422977,0.004638671875,2.209707736968994,-0.021613366901874542,0.5625090003013611,-0.02209707535803318,0.000483708456158638,0.0,-0.08177347481250763,1.0598196983337402,0.7581351374420725,6.44255256652832,1.8893649578094482,6.360779285430908,2.1549911499023438,7.0500922203063965,4.20147442817688,,,,,,
8789940000.0,146.25,7.400000095367432,6391222784.0,2363.0734885000456,2165.0,0.0457763671875,35487744.0,74068.49943208694,0.0008404882391914725,0.0035400390625,2.2477636337280273,-0.022186143323779106,0.39008641242980957,-0.022477636113762856,0.0002914918586611748,0.0,-0.034908611327409744,0.8783288598060608,0.8022654225980728,6.086060523986816,1.7484794855117798,6.051151752471924,1.9752206802368164,6.933343410491943,4.16558051109314,,,,,,
8789940000.0,150.22,7.599999904632568,6391222784.0,2446.8799830055914,2166.0,0.0469970703125,35504128.0,74075.1953060627,0.0007227042806334794,0.00323486328125,2.2331907749176025,-0.02151515707373619,0.42071080207824707,-0.022331906482577324,0.0008167484775185585,0.0,-0.0458812490105629,0.9131621718406677,0.7952377237746195,6.192485809326172,1.7694944143295288,6.146604537963867,2.018007278442383,6.695873975753784,4.183648586273193,,,,,,
8789940000.0,154.14,8.100000381469727,6391222784.0,2414.9505107437826,2167.0,0.0494384765625,35520512.0,74081.97971010208,0.0007094743195921183,0.0023193359375,2.2019286155700684,-0.022207409143447876,0.4075789749622345,-0.0220192838460207,-0.0001881239004433155,0.0,0.003197047393769026,0.9046759009361267,0.7871910446195186,6.150644779205322,1.7213947772979736,6.153841972351074,1.9610931873321533,6.784404039382935,4.165623664855957,,,,,,
8789940000.0,227.49,7.199999809265137,6391222784.0,2396.392771487005,2168.0,0.0390625,35536896.0,74088.81665277481,0.001424614922143519,0.009521484375,2.2701668739318848,-0.022775523364543915,0.4563767910003662,-0.022701669484376907,-7.38510861992836e-05,0.0,-0.08565188944339752,0.9557884931564331,0.7607125376946176,6.017330169677734,1.7311856746673584,5.93167781829834,1.9538973569869995,6.836942672729492,4.1979899406433105,,,,,,
8789940000.0,150.87,7.400000095367432,6391222784.0,2437.423558984716,2169.0,0.0439453125,35553280.0,74095.53850460052,0.0007902947836555541,0.00341796875,2.223358392715454,-0.021696079522371292,0.46061018109321594,-0.02223358303308487,0.0005375025793910027,0.0,-0.03680606186389923,0.9583274722099304,0.7653596852693048,5.9194135665893555,1.737409234046936,5.882607460021973,1.9783929586410522,6.721851825714111,4.1818625926971436,,,,,,
8789940000.0,166.42,7.5,6391222784.0,2416.8191047769396,2170.0,0.0433349609375,35569664.0,74102.31766319275,0.0008619651198387146,0.00262451171875,2.2253525257110596,-0.021861514076590538,0.3701343834400177,-0.022253524512052536,0.0003920153249055147,0.0,-0.013523346744477749,0.8593834042549133,0.809922755479245,5.778112888336182,1.730678677558899,5.764589786529541,1.9711607694625854,6.779158592224121,4.183187007904053,,,,,,
8789940000.0,168.03,7.300000190734863,6391222784.0,2423.932207263866,2171.0,0.048828125,35586048.0,74109.07692813873,0.000854281650390476,0.00579833984375,2.192399263381958,-0.021607710048556328,0.502403199672699,-0.021923992782831192,0.0003162818029522896,0.0,-0.043119750916957855,0.9992121458053589,0.7593225642381026,5.905611991882324,1.7703272104263306,5.862492561340332,2.0367608070373535,6.759264945983887,4.185635089874268,,,,,,
8789940000.0,174.63,7.599999904632568,6391222784.0,2416.2152602595174,2172.0,0.054931640625,35602432.0,74115.85778093338,0.0010798258008435369,0.00653076171875,2.148672580718994,-0.021387329325079918,0.5189690589904785,-0.02148672565817833,9.939726442098618e-05,0.0,0.01801217347383499,1.0173722505569458,0.7845640642475761,6.143837928771973,1.9033936262130737,6.1618499755859375,2.1919000148773193,6.780852794647217,4.1985180377960205,,,,,,
8789940000.0,116.22,7.599999904632568,6391222784.0,2420.099457125157,2173.0,0.069580078125,35618816.0,74122.62775063515,0.0008736693416722119,0.00360107421875,2.128955841064453,-0.020712077617645264,0.616466224193573,-0.021289559081196785,0.000577480997890234,0.0,0.003334198147058487,1.1128095388412476,0.7665258486973454,6.279315948486328,2.008451461791992,6.282649993896484,2.303039073944092,6.769969701766968,4.200985908508301,,,,,,
8789940000.0,129.11,7.800000190734863,6391222784.0,2402.610220093638,2174.0,0.07080078125,35635200.0,74129.44700074196,0.0010787989012897015,0.00714111328125,2.1237282752990723,-0.02184341847896576,0.6131353378295898,-0.021237283945083618,-0.0006061391904950142,0.0,0.026826608926057816,1.1058861017227173,0.76428399329402,6.153945446014404,2.0186030864715576,6.180771827697754,2.2778007984161377,6.819250106811523,4.196952819824219,,,,,,
8789940000.0,98.67,8.5,6391222784.0,2422.7522116243636,2175.0,0.078125,35651584.0,74136.20955777168,0.0011530941119417548,0.00927734375,2.114393472671509,-0.020964380353689194,0.6245937347412109,-0.02114393375813961,0.00017955340445041656,0.0,0.04976755753159523,1.1178418397903442,0.7662650343204844,6.319645881652832,2.0389413833618164,6.369413375854492,2.312164306640625,6.762557029724121,4.193066120147705,,,,,,
,,,,,,,,,,,,,,,,,,,,,,,,,,0.01967214047908783,0.544447124004364,0.5013073086738586,0.01967214047908783,0.544447124004364,0.5013073086738586
,,,,,,,,,,,,,,,,,,,,,,,,,,0.018771260976791382,0.4966143071651459,0.4706527292728424,0.018771260976791382,0.4966143071651459,0.4706527292728424
,,,,,,,,,,,,,,,,,,,,,,,,,,0.018262505531311035,0.47145140171051025,0.4483163356781006,0.018262505531311035,0.47145140171051025,0.4483163356781006
,,,,,,,,,,,,,,,,,,,,,,,,,,0.018227191641926765,0.4510936439037323,0.42917773127555847,0.018227191641926765,0.4510936439037323,0.42917773127555847
,,,,,,,,,,,,,,,,,,,,,,,,,,0.01811421662569046,0.4300464689731598,0.4112781286239624,0.01811421662569046,0.4300464689731598,0.4112781286239624
,,,,,,,,,,,,,,,,,,,,,,,,,,0.018175432458519936,0.4157974421977997,0.3956979513168335,0.018175432458519936,0.4157974421977997,0.3956979513168335
8789940000.0,91.6,8.600000381469727,6188634112.0,18.45040991895533,2176.0,0.0726318359375,35667968.0,75024.2115085125,0.0010351401288062334,0.00244140625,2.144381046295166,-0.020759034901857376,0.605255126953125,-0.021443812176585197,0.000684778206050396,0.0,0.025986969470977783,1.1018208265304565,0.7454502161805561,6.708381175994873,1.9627790451049805,6.734368324279785,2.18385910987854,888.0019507408142,4.209712505340576,,,,,,
8789940000.0,102.26,8.100000381469727,6391222784.0,2233.6876577480784,2177.0,0.069580078125,35684352.0,75031.54646420479,0.001277886563912034,0.0054931640625,2.1413533687591553,-0.021883847191929817,0.5831838846206665,-0.021413534879684448,-0.00047031790018081665,0.0,0.029730379581451416,1.0769532918930054,0.7580204216246001,6.500462532043457,1.9470202922821045,6.530192852020264,2.1893110275268555,7.33495569229126,4.205323696136475,,,,,,
8789940000.0,129.4,7.5,6391222784.0,2289.9016479753245,2178.0,0.0653076171875,35700736.0,75038.7013566494,0.0017014656914398074,0.012451171875,2.1528050899505615,-0.021647408604621887,0.5946146845817566,-0.021528050303459167,-0.00011935271322727203,0.0,-0.05246099829673767,1.0935031175613403,0.7421144111450688,6.54941463470459,1.8986320495605469,6.496953964233398,2.153310775756836,7.154892444610596,4.1855621337890625,,,,,,
8789940000.0,98.29,8.600000381469727,6391222784.0,2299.6919197875272,2179.0,0.07080078125,35717120.0,75045.82578921318,0.0008535651722922921,0.00360107421875,2.1799020767211914,-0.021915776655077934,0.5555610656738281,-0.02179902046918869,-0.0001167571172118187,0.0,0.01176096685230732,1.0520596504211426,0.7725020670129372,6.419313430786133,1.945752739906311,6.431074619293213,2.2057266235351562,7.124432563781738,4.186412811279297,,,,,,
8789940000.0,169.33,7.0,6391222784.0,2334.2292060017458,2180.0,0.0494384765625,35733504.0,75052.84480857849,0.0011438606306910515,0.00750732421875,2.211304187774658,-0.021912364289164543,0.5005132555961609,-0.02211304008960724,0.00020067626610398293,0.0,-0.07993100583553314,0.9972381591796875,0.7908722933201703,6.0825910568237305,1.8754518032073975,6.002659797668457,2.180685043334961,7.019019365310669,4.192889451980591,,,,,,
8789940000.0,99.56,8.600000381469727,6391222784.0,2387.6411782987752,2181.0,0.068359375,35749888.0,75059.70681118965,0.0007424987270496786,0.00146484375,2.1387085914611816,-0.02122948318719864,0.4462219774723053,-0.021387087181210518,0.00015759840607643127,0.0,0.011167754419147968,0.940171480178833,0.8178561290085976,6.307991027832031,1.970286250114441,6.319159030914307,2.202925205230713,6.862002611160278,4.196453809738159,,,,,,
8789940000.0,133.14,8.100000381469727,6391222784.0,2408.3809187629618,2182.0,0.0616455078125,35766272.0,75066.50972175598,0.0009691401501186192,0.00555419921875,2.142404079437256,-0.02167828008532524,0.597268283367157,-0.02142404206097126,-0.0002542361617088318,0.0,-0.016697334125638008,1.089192271232605,0.7485760109639796,6.28256368637085,1.9100754261016846,6.265866279602051,2.1722075939178467,6.802910566329956,4.185347080230713,,,,,,
8789940000.0,128.77,7.400000095367432,6391222784.0,2393.575191783538,2183.0,0.062255859375,35782656.0,75073.35471248627,0.0012482372112572193,0.006591796875,2.119138717651367,-0.020459704101085663,0.6165927648544312,-0.021191388368606567,0.0007316824048757553,0.0,-0.03958410769701004,1.1105202436447144,0.7538989589242864,6.412461280822754,1.9729185104370117,6.37287712097168,2.2385661602020264,6.8449907302856445,4.194706916809082,,,,,,
8789940000.0,99.83,7.5,6391222784.0,2365.824806102966,2184.0,0.0726318359375,35799040.0,75080.27999281883,0.0018660783534869552,0.0137939453125,2.084446668624878,-0.02140265516936779,0.6243883967399597,-0.020844465121626854,-0.0005581950535997748,0.0,-0.044012147933244705,1.1172853708267212,0.7547521495919125,6.411294937133789,1.9406869411468506,6.367282867431641,2.256117343902588,6.925280332565308,4.195813417434692,,,,,,
8789940000.0,102.61,8.300000190734863,6391222784.0,2338.1985973899964,2185.0,0.06591796875,35815424.0,75087.2870965004,0.0010568135185167193,0.00433349609375,2.089376449584961,-0.020536405965685844,0.4883977174758911,-0.02089376375079155,0.0003573558060452342,0.0,0.023966152220964432,0.9862425923347473,0.7873355091235549,6.289486408233643,1.910915732383728,6.313452243804932,2.1386327743530273,7.007103681564331,4.197113990783691,,,,,,
8789940000.0,122.18,8.399999618530273,6391222784.0,2361.5578323180825,2186.0,0.0677490234375,35831808.0,75094.22488975525,0.000771277875173837,0.00299072265625,2.0530710220336914,-0.020736051723361015,0.4802537262439728,-0.020530709996819496,-0.00020534172654151917,0.0,0.026452332735061646,0.9755761027336121,0.7903656730349978,6.300840377807617,1.8839672803878784,6.3272929191589355,2.1307387351989746,6.937793254852295,4.195668697357178,,,,,,
8789940000.0,141.64,8.300000190734863,6391222784.0,2396.1687486098226,2187.0,0.05859375,35848192.0,75101.06247162819,0.0014285561628639698,0.008056640625,2.0494601726531982,-0.020877277478575706,0.4893277585506439,-0.020494598895311356,-0.0003826795145869255,0.0,0.05289936810731888,0.9885909557342529,0.7729241118926075,6.3184990882873535,1.8439364433288574,6.371397972106934,2.074582815170288,6.8375818729400635,4.192549705505371,,,,,,
8789940000.0,146.86,7.400000095367432,6391222784.0,2406.9442669772648,2188.0,0.0628662109375,35864576.0,75107.86944270134,0.001123175723478198,0.00396728515625,2.0515236854553223,-0.02091267704963684,0.5934661626815796,-0.020515235140919685,-0.00039744190871715546,0.0,-0.04230654612183571,1.0896170139312744,0.7499009788683446,6.410635948181152,1.8887355327606201,6.368330001831055,2.1788041591644287,6.806971073150635,4.177279472351074,,,,,,
8789940000.0,90.91,8.199999809265137,6391222784.0,2401.678753239644,2189.0,0.068359375,35880960.0,75114.69133758545,0.0010238562244921923,0.0048828125,2.013151168823242,-0.020420540124177933,0.574767529964447,-0.020131511613726616,-0.000289025716483593,0.0,0.008700056001543999,1.0727657079696655,0.7536165436972578,6.335343360900879,1.8874224424362183,6.344043731689453,2.1612212657928467,6.821894884109497,4.191056728363037,,,,,,
8789940000.0,109.29,8.800000190734863,6391222784.0,2416.8963703827635,2190.0,0.0830078125,35897344.0,75121.47027945518,0.0009184654918499291,0.0035400390625,1.9722269773483276,-0.01934637315571308,0.5081582069396973,-0.01972227171063423,0.00037589576095342636,0.0,0.11668221652507782,1.006256103515625,0.7951605547311547,6.611824035644531,2.016115188598633,6.728506565093994,2.2233195304870605,6.778941869735718,4.186766147613525,,,,,,
8789940000.0,98.0,8.600000381469727,6391222784.0,2410.4770096023094,2191.0,0.0787353515625,35913728.0,75128.26727437973,0.0010692455107346177,0.00567626953125,1.9961155652999878,-0.020387928932905197,0.5802274346351624,-0.019961154088377953,-0.0004267740296199918,0.0,0.021419517695903778,1.0757230520248413,0.7754048491922405,6.580981254577637,2.036689519882202,6.602400779724121,2.2698652744293213,6.796994924545288,4.192800521850586,,,,,,
8789940000.0,115.02,7.699999809265137,6391222784.0,2391.1582123687567,2192.0,0.074462890625,35930112.0,75135.11918401718,0.0020187576301395893,0.0130615234375,2.0009806156158447,-0.020214911550283432,0.6657719612121582,-0.020009806379675865,-0.00020510517060756683,0.0,-0.04665180295705795,1.155478835105896,0.7360404381471828,6.655336856842041,1.963085651397705,6.608685493469238,2.249021530151367,6.851909637451172,4.192541122436523,,,,,,
8789940000.0,111.66,8.300000190734863,6391222784.0,2379.1329869300407,2193.0,0.0677490234375,35946496.0,75142.00572633743,0.0016065879026427865,0.0087890625,2.0509321689605713,-0.020818611606955528,0.5872809886932373,-0.020509321242570877,-0.0003092922270298004,0.0,0.0251304991543293,1.0804139375686646,0.7339704094968645,6.4763031005859375,1.7974928617477417,6.501433372497559,2.0947165489196777,6.886542320251465,4.176815986633301,,,,,,
8789940000.0,113.07,7.800000190734863,6391222784.0,2374.724115430993,2194.0,0.0634765625,35962880.0,75148.9050540924,0.0013758963905274868,0.0086669921875,2.0481433868408203,-0.019254103302955627,0.556952953338623,-0.02048143558204174,0.0012273285537958145,0.0,-0.024384867399930954,1.0549061298370361,0.7336916751972713,6.557987213134766,1.789792776107788,6.533601760864258,2.0441901683807373,6.899327754974365,4.188128232955933,,,,,,
8789940000.0,115.41,8.5,6391222784.0,2391.1163622046943,2195.0,0.086669921875,35979264.0,75155.7570836544,0.0021808145102113485,0.01739501953125,2.004462718963623,-0.020285585895180702,0.6946406364440918,-0.02004462666809559,-0.0002409573644399643,0.0,0.09191914647817612,1.176606297492981,0.7110138841730476,6.685959815979004,1.9190346002578735,6.777879238128662,2.1887331008911133,6.85202956199646,4.196318626403809,,,,,,
8789940000.0,90.24,8.5,6391222784.0,2368.2628830415233,2196.0,0.0775146484375,35995648.0,75162.6752345562,0.0020615074317902327,0.01788330078125,2.0326356887817383,-0.019383184611797333,0.6001261472702026,-0.02032635733485222,0.0009431689977645874,0.0,0.022615179419517517,1.0922586917877197,0.7312491817678967,6.704878330230713,1.8666573762893677,6.7274932861328125,2.106931209564209,6.918150901794434,4.193887710571289,,,,,,
8789940000.0,117.48,7.699999809265137,6391222784.0,2342.5598031743903,2197.0,0.0732421875,36012032.0,75169.66929292679,0.0014713192358613014,0.01324462890625,2.034123182296753,-0.019706889986991882,0.6730350852012634,-0.020341234281659126,0.000634344294667244,0.0,-0.04822153598070145,1.153519868850708,0.7270741747464642,6.821239948272705,1.8618019819259644,6.773017883300781,2.208017349243164,6.99405837059021,4.196176528930664,,,,,,
8789940000.0,101.92,8.100000381469727,6391222784.0,2405.0202006786253,2198.0,0.0848388671875,36028416.0,75176.4817097187,0.001838203868828714,0.01544189453125,2.053921937942505,-0.019895192235708237,0.6259669065475464,-0.020539218559861183,0.000644028652459383,0.0,-0.003557744435966015,1.117663025856018,0.735048181252459,6.827345848083496,1.8686788082122803,6.823787689208984,2.171337842941284,6.8124167919158936,4.193915367126465,,,,,,
8789940000.0,122.96,8.600000381469727,6391222784.0,2425.125077731109,2199.0,0.0665283203125,36044800.0,75183.2376499176,0.00200673658400774,0.01617431640625,2.080364465713501,-0.020629465579986572,0.4395036995410919,-0.020803645253181458,0.00017417891649529338,0.0,0.05535171926021576,0.9374513030052185,0.7820813686256213,6.702805519104004,1.812941551208496,6.758156776428223,2.008174419403076,6.755940198898315,4.202798128128052,,,,,,
8789940000.0,102.62,7.599999904632568,6391222784.0,2378.078158251648,2200.0,0.059814453125,36061184.0,75190.12724685669,0.0010770619846880436,0.00579833984375,2.0665416717529297,-0.020359080284833908,0.6263278126716614,-0.02066541463136673,0.0003063306212425232,0.0,-0.05567675456404686,1.1121248006820679,0.7158223251887963,6.5794572830200195,1.75373375415802,6.523780345916748,2.086211919784546,6.889596939086914,4.198007345199585,,,,,,
8789940000.0,106.29,8.399999618530273,6391222784.0,2409.939037967595,2201.0,0.0762939453125,36077568.0,75196.92575907707,0.0013061541831120849,0.00897216796875,2.0679244995117188,-0.020753001794219017,0.5764635801315308,-0.02067924290895462,-7.375283166766167e-05,0.0,0.039454393088817596,1.0715564489364624,0.7494917797492961,6.61752986907959,1.8576984405517578,6.656983852386475,2.1409378051757812,6.79851222038269,4.199377536773682,,,,,,
8789940000.0,136.66,8.0,6391222784.0,2394.43697309224,2202.0,0.062255859375,36093952.0,75203.76828622818,0.0016250580083578825,0.01220703125,2.1044273376464844,-0.02021453157067299,0.5116019248962402,-0.021044272929430008,0.000829741358757019,0.0,-0.015393879264593124,1.0144703388214111,0.7567050607060318,6.55558967590332,1.7981458902359009,6.540195941925049,2.0567092895507812,6.842527151107788,4.184531927108765,,,,,,
8789940000.0,131.99,8.5,6391222784.0,2400.4541593250005,2203.0,0.0616455078125,36110336.0,75210.59366130829,0.0007476298487745225,0.00347900390625,2.1076414585113525,-0.021030932664871216,0.48141592741012573,-0.021076416596770287,4.548206925392151e-05,0.0,0.05432631075382233,0.987935483455658,0.7533099748146508,6.61731481552124,1.801566481590271,6.671640872955322,1.9890819787979126,6.825375080108643,4.191147565841675,,,,,,
8789940000.0,117.43,8.100000381469727,6391222784.0,2379.3402424286405,2204.0,0.0726318359375,36126720.0,75217.4796037674,0.0009372641798108816,0.00421142578125,2.087864875793457,-0.02095327526330948,0.5039821267127991,-0.02087864838540554,-7.46268779039383e-05,0.0,-0.012551220133900642,1.0030524730682373,0.784196728635799,6.635736465454102,1.8900610208511353,6.623185157775879,2.159208059310913,6.885942459106445,4.209342002868652,,,,,,
8789940000.0,131.08,7.0,6391222784.0,2403.1372768001943,2205.0,0.0555419921875,36143104.0,75224.29735827446,0.0010758953867480159,0.0059814453125,2.1089425086975098,-0.020778726786375046,0.6069249510765076,-0.021089423447847366,0.00031069666147232056,0.0,-0.11571788787841797,1.1000980138778687,0.718046968566246,6.396465301513672,1.780631184577942,6.280747413635254,2.071777820587158,6.817754507064819,4.191255569458008,,,,,,
8789940000.0,112.96,8.399999618530273,6391222784.0,2398.9441191873775,2206.0,0.0689697265625,36159488.0,75231.12702965736,0.0010250944178551435,0.00518798828125,2.0767364501953125,-0.019990509375929832,0.47467702627182007,-0.020767364650964737,0.000776851549744606,0.0,0.05678917095065117,0.9684690833091736,0.793086959909527,6.457418918609619,1.852620005607605,6.51420783996582,2.129077911376953,6.829671382904053,4.206780433654785,,,,,,
8789940000.0,138.21,7.900000095367432,6391222784.0,2369.489730225058,2207.0,0.0592041015625,36175872.0,75238.04159855843,0.0007714261300861835,0.00323486328125,2.1151108741760254,-0.02099156193435192,0.4601861834526062,-0.0211511068046093,0.0001595495268702507,0.0,-0.036651477217674255,0.9574649930000305,0.780801236878987,6.312236785888672,1.7616908550262451,6.275585174560547,2.0450491905212402,6.914568901062012,4.218721628189087,,,,,,
,,,,,,,,,,,,,,,,,,,,,,,,,,0.019138889387249947,0.5886650681495667,0.542596697807312,0.019138889387249947,0.5886650681495667,0.542596697807312
,,,,,,,,,,,,,,,,,,,,,,,,,,0.01739683374762535,0.5367851853370667,0.5044929385185242,0.01739683374762535,0.5367851853370667,0.5044929385185242
,,,,,,,,,,,,,,,,,,,,,,,,,,0.016637131571769714,0.5067815184593201,0.48051825165748596,0.016637131571769714,0.5067815184593201,0.48051825165748596
,,,,,,,,,,,,,,,,,,,,,,,,,,0.01661493629217148,0.4848376214504242,0.45997104048728943,0.01661493629217148,0.4848376214504242,0.45997104048728943
,,,,,,,,,,,,,,,,,,,,,,,,,,0.016539381816983223,0.4648434519767761,0.4402449429035187,0.016539381816983223,0.4648434519767761,0.4402449429035187
,,,,,,,,,,,,,,,,,,,,,,,,,,0.016435978934168816,0.44771435856819153,0.42531755566596985,0.016435978934168816,0.44771435856819153,0.42531755566596985
8789940000.0,121.77,8.199999809265137,6188634112.0,18.42139302719611,2208.0,0.0579833984375,36192256.0,76127.44230651855,0.000511623453348875,0.0023193359375,2.1333677768707275,-0.021279767155647278,0.48223841190338135,-0.02133367955684662,5.391053855419159e-05,0.0,-0.020474329590797424,0.9812116026878357,0.7598820756923335,6.311307907104492,1.7689968347549438,6.290833473205566,2.0023977756500244,889.4007079601288,4.207428216934204,,,,,,
8789940000.0,129.35,7.599999904632568,6391222784.0,2417.0768460424288,2209.0,0.054931640625,36208640.0,76134.22074222565,0.0007656667148694396,0.00323486328125,2.1041018962860107,-0.02082708664238453,0.5676158666610718,-0.021041017025709152,0.0002139359712600708,0.0,-0.07147590816020966,1.0647733211517334,0.7369263010489944,6.2936110496521,1.8162400722503662,6.222135543823242,2.075958251953125,6.778435707092285,4.19585919380188,,,,,,
8789940000.0,152.4,8.0,6391222784.0,2385.685553279478,2210.0,0.062255859375,36225024.0,76141.08836984634,0.0006079875165596604,0.00244140625,2.143462657928467,-0.021042034029960632,0.4865856468677521,-0.02143462561070919,0.00039259158074855804,0.0,0.0027544889599084854,0.9855467081069946,0.7947585844405183,6.1954345703125,1.9168949127197266,6.198188781738281,2.1754281520843506,6.8676276206970215,4.202144145965576,,,,,,
8789940000.0,154.33,7.0,6391222784.0,2372.237018798913,2211.0,0.0518798828125,36241408.0,76147.99493098259,0.0008029292803257704,0.002685546875,2.1642062664031982,-0.021204397082328796,0.5434507727622986,-0.021642062813043594,0.000437665730714798,0.0,-0.10667802393436432,1.042561650276184,0.7398292202682148,6.033119201660156,1.76776921749115,5.926441192626953,2.043959856033325,6.9065611362457275,4.201720237731934,,,,,,
8789940000.0,150.96,7.800000190734863,6391222784.0,2406.465511045488,2212.0,0.0531005859375,36257792.0,76154.80325627327,0.0008275892469100654,0.00360107421875,2.1461267471313477,-0.02114832028746605,0.49244028329849243,-0.02146126702427864,0.0003129485994577408,0.0,-0.00926571898162365,0.9915421009063721,0.7742735636038774,6.030621528625488,1.8272902965545654,6.021355628967285,2.0869884490966797,6.808325290679932,4.199168920516968,,,,,,
8789940000.0,129.63,7.599999904632568,6391222784.0,2388.3618860139354,2213.0,0.054931640625,36274176.0,76161.66318821907,0.000940714671742171,0.00482177734375,2.1486904621124268,-0.021307634189724922,0.5145509839057922,-0.021486906334757805,0.0001792721450328827,0.0,-0.021877069026231766,1.0139349699020386,0.7584235080286869,6.0058770179748535,1.7703496217727661,5.984000205993652,2.062922239303589,6.859931945800781,4.179762840270996,,,,,,
8789940000.0,143.65,8.100000381469727,6391222784.0,2391.3019950681455,2214.0,0.0555419921875,36290560.0,76168.51468586922,0.0009268202702514827,0.00482177734375,2.130507707595825,-0.02101060003042221,0.47211864590644836,-0.021305076777935028,0.0002944767475128174,0.0,0.03990282118320465,0.9715322852134705,0.7734454691457255,6.172537803649902,1.7969210147857666,6.2124409675598145,2.0411317348480225,6.851497650146484,4.2052366733551025,,,,,,
8789940000.0,128.2,7.699999809265137,6391222784.0,2390.7047611254807,2215.0,0.052490234375,36306944.0,76175.36789512634,0.001000493299216032,0.00701904296875,2.1573123931884766,-0.021603960543870926,0.4699817895889282,-0.021573124453425407,-3.0836090445518494e-05,0.0,-0.09928399324417114,0.968448281288147,0.7896328256391323,6.063509941101074,1.8765655755996704,5.964225769042969,2.1114821434020996,6.8532092571258545,4.187317609786987,,,,,,
8789940000.0,147.92,8.100000381469727,6391222784.0,2337.95167595362,2216.0,0.048828125,36323328.0,76182.37573885918,0.0006982902996242046,0.00152587890625,2.137782573699951,-0.020780377089977264,0.49624159932136536,-0.02137782610952854,0.0005974471569061279,0.0,0.06160459294915199,0.9941171407699585,0.7520066954622763,5.865644931793213,1.761296033859253,5.927249908447266,1.996262550354004,7.007843732833862,4.190197467803955,,,,,,
8789940000.0,172.35,7.900000095367432,6391222784.0,2349.084984299946,2217.0,0.0494384765625,36339712.0,76189.35036945343,0.0005319830379448831,0.00189208984375,2.160137891769409,-0.02178768813610077,0.42397788166999817,-0.02160138264298439,-0.00018630549311637878,0.0,-0.026449209079146385,0.9216471314430237,0.7943132694492213,5.975262641906738,1.7961046695709229,5.948813438415527,2.032177686691284,6.97463059425354,4.18361496925354,,,,,,
8789940000.0,127.76,8.199999809265137,6391222784.0,2321.029880954106,2218.0,0.0592041015625,36356096.0,76196.40930485725,0.0012777133379131556,0.010986328125,2.1459860801696777,-0.021442584693431854,0.5313173532485962,-0.02145986072719097,1.7274171113967896e-05,0.0,-0.0011890893802046776,1.0305672883987427,0.7687002752671263,6.011157512664795,1.898398995399475,6.009968280792236,2.1428351402282715,7.0589354038238525,4.197386026382446,,,,,,
8789940000.0,153.24,7.900000095367432,6391222784.0,2332.315654990462,2219.0,0.0482177734375,36372480.0,76203.43408298492,0.0011175647377967834,0.00665283203125,2.1629507541656494,-0.020797815173864365,0.44485145807266235,-0.021629508584737778,0.0008316924795508385,0.0,0.012545023113489151,0.9460756182670593,0.7831331471807137,5.806715965270996,1.794052243232727,5.819261074066162,2.0315589904785156,7.024778127670288,4.186575174331665,,,,,,
8789940000.0,137.39,7.900000095367432,6391222784.0,2379.0690712157175,2220.0,0.0555419921875,36388864.0,76210.320810318,0.0012475994881242514,0.00970458984375,2.141718626022339,-0.021138938143849373,0.5346007347106934,-0.02141718566417694,0.00027824752032756805,0.0,0.010462571866810322,1.0348219871520996,0.7542544783425438,5.922029972076416,1.8469104766845703,5.932492256164551,2.087482213973999,6.886727333068848,4.203376293182373,,,,,,
8789940000.0,142.22,7.400000095367432,6391222784.0,2373.2028251550914,2221.0,0.050048828125,36405248.0,76217.22456073761,0.0009492154931649566,0.00555419921875,2.1340978145599365,-0.021448327228426933,0.5517948269844055,-0.021340979263186455,-0.00010735052637755871,0.0,-0.0009418139234185219,1.0485262870788574,0.7522424653586185,6.04555082321167,1.832184076309204,6.044609069824219,2.10652232170105,6.903750419616699,4.190708160400391,,,,,,
8789940000.0,114.16,8.100000381469727,6391222784.0,2346.2516342627455,2222.0,0.0677490234375,36421632.0,76224.20761394501,0.0015542353503406048,0.01239013671875,2.1106858253479004,-0.020716223865747452,0.6174901723861694,-0.021106857806444168,0.0003906348720192909,0.0,-0.014316544868052006,1.1097605228424072,0.754339593569588,6.351533889770508,1.9804248809814453,6.337217330932617,2.239039659500122,6.983053207397461,4.202846050262451,,,,,,
8789940000.0,121.74,7.699999809265137,6391222784.0,2343.275122098794,2223.0,0.0677490234375,36438016.0,76231.19953727722,0.002392981667071581,0.02203369140625,2.1152474880218506,-0.01986895687878132,0.6194326281547546,-0.021152475848793983,0.001283520832657814,0.0,0.025644563138484955,1.1128203868865967,0.7601370267760857,6.333046913146973,1.972408413887024,6.358691215515137,2.272183418273926,6.9919233322143555,4.192444562911987,,,,,,
8789940000.0,128.08,8.100000381469727,6391222784.0,2304.6880783165266,2224.0,0.0640869140625,36454400.0,76238.30852532387,0.0025006704963743687,0.02239990234375,2.0920917987823486,-0.02099914848804474,0.6002769470214844,-0.02092091739177704,-7.822876796126366e-05,0.0,0.006536915898323059,1.0974082946777344,0.7462918333036974,6.321115493774414,1.9219285249710083,6.3276519775390625,2.178718090057373,7.108988046646118,4.209787607192993,,,,,,
8789940000.0,107.33,8.199999809265137,6391222784.0,2270.747935477224,2225.0,0.072021484375,36470784.0,76245.52376914024,0.001586263533681631,0.01580810546875,2.0967588424682617,-0.020802929997444153,0.6027790904045105,-0.02096758596599102,0.0001646578311920166,0.0,0.08525948971509933,1.0978777408599854,0.7621378605745757,6.210594177246094,1.9813296794891357,6.295853614807129,2.251082181930542,7.215243816375732,4.195498943328857,,,,,,
8789940000.0,109.23,8.100000381469727,6391222784.0,2249.244752259613,2226.0,0.067138671875,36487168.0,76252.8079919815,0.002052395837381482,0.01922607421875,2.065446376800537,-0.01967417076230049,0.5889275074005127,-0.02065446227788925,0.0009802943095564842,0.0,0.024943366646766663,1.086853265762329,0.7567444016904965,6.222763538360596,1.9316833019256592,6.247706413269043,2.2036330699920654,7.284222841262817,4.314133405685425,,,,,,
8789940000.0,107.21,7.800000190734863,6391222784.0,2280.8845297729226,2227.0,0.072021484375,36503552.0,76259.99117016792,0.0016541113145649433,0.01171875,2.0498790740966797,-0.020024625584483147,0.6655024290084839,-0.020498789846897125,0.00047416239976882935,0.0,0.005675753578543663,1.149997591972351,0.741046044251104,6.2896246910095215,1.9709099531173706,6.295300483703613,2.2598819732666016,7.183178186416626,4.204995155334473,,,,,,
8789940000.0,115.19,8.300000190734863,6391222784.0,2353.565441998469,2228.0,0.0714111328125,36519936.0,76266.9525232315,0.001160705229267478,0.00457763671875,2.029505729675293,-0.020159978419542313,0.5575517416000366,-0.020295055583119392,0.00013507716357707977,0.0,0.09161431342363358,1.0529359579086304,0.7672503731878708,6.534688949584961,1.939416527748108,6.626303672790527,2.1825177669525146,6.961353063583374,4.212828159332275,,,,,,
8789940000.0,98.49,8.300000190734863,6391222784.0,2272.1852953443454,2229.0,0.064697265625,36536320.0,76274.1632027626,0.0014054261846467853,0.00885009765625,2.072401762008667,-0.019169047474861145,0.5032569169998169,-0.020724017173051834,0.0015549708623439074,0.0,0.03597183898091316,1.0039430856704712,0.7553243636190289,6.409621238708496,1.8606902360916138,6.445593357086182,2.029615640640259,7.210679531097412,4.252801179885864,,,,,,
8789940000.0,142.24,7.300000190734863,6391222784.0,2388.3579846400858,2230.0,0.067138671875,36552704.0,76281.02314591408,0.0017153596272692084,0.01153564453125,1.9985865354537964,-0.019388245418667793,0.6517927646636963,-0.01998586393892765,0.0005976192187517881,0.0,-0.041801951825618744,1.1428391933441162,0.7257038813717267,6.491704940795898,1.876952886581421,6.449902534484863,2.1821024417877197,6.859943151473999,4.277519464492798,,,,,,
8789940000.0,111.03,8.399999618530273,6391222784.0,2398.349591221722,2231.0,0.0836181640625,36569088.0,76287.85451030731,0.0008610877557657659,0.0047607421875,1.9979281425476074,-0.020665282383561134,0.7170178890228271,-0.019979281350970268,-0.0006860010325908661,0.0,0.0390511080622673,1.1953670978546143,0.7193596828757413,6.655319690704346,1.975859522819519,6.694370746612549,2.2564544677734375,6.831364393234253,4.246534585952759,,,,,,
8789940000.0,89.73,7.599999904632568,6391222784.0,2359.6999441489934,2232.0,0.08056640625,36585472.0,76294.79776597023,0.0009316439973190427,0.0052490234375,2.0142719745635986,-0.019603654742240906,0.7035925388336182,-0.020142721012234688,0.0005390634760260582,0.0,0.005390498787164688,1.1845402717590332,0.7219124860183557,6.62681770324707,1.9234387874603271,6.632208824157715,2.2462549209594727,6.943255662918091,4.215013265609741,,,,,,
8789940000.0,106.79,7.699999809265137,6391222784.0,2339.5825289595336,2233.0,0.064697265625,36601856.0,76301.8007247448,0.0007798370788805187,0.0048828125,2.072978973388672,-0.020365141332149506,0.5109863877296448,-0.02072978764772415,0.00036464352160692215,0.0,-0.021572869271039963,1.0099198818206787,0.7886167026622956,6.396419048309326,1.8925821781158447,6.3748459815979,2.196603775024414,7.00295877456665,4.359004974365234,,,,,,
8789940000.0,110.57,8.399999618530273,6391222784.0,2374.033183377496,2234.0,0.068359375,36618240.0,76308.70206046104,0.0018373148050159216,0.0146484375,2.055567502975464,-0.02009173296391964,0.5377413630485535,-0.02055567130446434,0.0004639395046979189,0.0,0.03673802316188812,1.0341980457305908,0.7674129382299799,6.4339189529418945,1.849245309829712,6.470656394958496,2.1444242000579834,6.901335716247559,4.25789213180542,,,,,,
8789940000.0,137.55,8.100000381469727,6391222784.0,2393.8726960019094,2235.0,0.072021484375,36634624.0,76315.54620051384,0.0014653416583314538,0.01116943359375,2.0566256046295166,-0.020297124981880188,0.5825769305229187,-0.02056625671684742,0.00026913220062851906,0.0,0.03408987820148468,1.079219937324524,0.7577496430404127,6.722575664520264,1.9404195547103882,6.756665229797363,2.192692279815674,6.84414005279541,4.22889518737793,,,,,,
8789940000.0,131.38,8.399999618530273,6391222784.0,2349.92353922518,2236.0,0.0750732421875,36651008.0,76322.51834225655,0.0012451567454263568,0.0062255859375,2.0657193660736084,-0.01968567445874214,0.5499655604362488,-0.020657194778323174,0.0009715203195810318,0.0,0.06113060563802719,1.0452818870544434,0.7710005649518352,6.64480447769165,1.962807536125183,6.705935478210449,2.1843202114105225,6.972141742706299,4.188452482223511,,,,,,
8789940000.0,108.69,8.199999809265137,6391222784.0,2366.59898697634,2237.0,0.0653076171875,36667392.0,76329.44135713577,0.0009776442311704159,0.005615234375,2.1018075942993164,-0.02103426307439804,0.5200878381729126,-0.021018076688051224,-1.6182661056518555e-05,0.0,-0.04985363036394119,1.0136018991470337,0.7639011210195855,6.500735282897949,1.8588939905166626,6.450881004333496,2.086029291152954,6.923014879226685,4.2303290367126465,,,,,,
8789940000.0,121.29,8.5,6391222784.0,2380.693562288141,2238.0,0.0653076171875,36683776.0,76336.32338523865,0.001459857216104865,0.01165771484375,2.106179714202881,-0.02131524682044983,0.4595818817615509,-0.021061794832348824,-0.0002534482628107071,0.0,0.08021216839551926,0.9579735994338989,0.7754443175461421,6.417927265167236,1.8042442798614502,6.498139381408691,2.0215821266174316,6.882028102874756,4.262196779251099,,,,,,
8789940000.0,98.26,7.900000095367432,6391222784.0,2392.30129635032,2239.0,0.06591796875,36700160.0,76343.17202091217,0.0016254996880888939,0.01312255859375,2.1017801761627197,-0.020987845957279205,0.5999726057052612,-0.02101779915392399,2.995505928993225e-05,0.0,-0.07395581156015396,1.0921090841293335,0.738114042278532,6.586005687713623,1.8669588565826416,6.512050151824951,2.13407564163208,6.848635673522949,4.288779973983765,,,,,,
,,,,,,,,,,,,,,,,,,,,,,,,,,0.021449897438287735,0.5878221392631531,0.551271378993988,0.021449897438287735,0.5878221392631531,0.551271378993988
,,,,,,,,,,,,,,,,,,,,,,,,,,0.01907344162464142,0.534319281578064,0.51152503490448,0.01907344162464142,0.534319281578064,0.51152503490448
,,,,,,,,,,,,,,,,,,,,,,,,,,0.018736153841018677,0.5065061450004578,0.4849769175052643,0.018736153841018677,0.5065061450004578,0.4849769175052643
,,,,,,,,,,,,,,,,,,,,,,,,,,0.018720177933573723,0.48454076051712036,0.4618266522884369,0.018720177933573723,0.48454076051712036,0.4618266522884369
,,,,,,,,,,,,,,,,,,,,,,,,,,0.018566906452178955,0.4632277488708496,0.4418361485004425,0.018566906452178955,0.4632277488708496,0.4418361485004425
,,,,,,,,,,,,,,,,,,,,,,,,,,0.019147491082549095,0.44733723998069763,0.4255107343196869,0.019147491082549095,0.44733723998069763,0.4255107343196869
8789940000.0,125.4,7.5,6188634112.0,18.40336518164104,2240.0,0.0689697265625,36716544.0,77233.44398140907,0.001196378841996193,0.00823974609375,2.036534070968628,-0.02000378631055355,0.7312915325164795,-0.020365340635180473,0.0003615552559494972,0.0,-0.014843398705124855,1.2090167999267578,0.7105673786015121,6.369908809661865,1.872987985610962,6.35506534576416,2.2472877502441406,890.2719604969025,4.313009738922119,,,,,,
8789940000.0,101.72,8.100000381469727,6391222784.0,2363.3501285167395,2241.0,0.0677490234375,36732928.0,77240.37651324272,0.0008063641143962741,0.00286865234375,2.0702173709869385,-0.02046995982527733,0.578182578086853,-0.020702172070741653,0.00023221410810947418,0.0,0.03048163466155529,1.0743449926376343,0.74772608547233,6.294803142547607,1.8541804552078247,6.325284481048584,2.138983726501465,6.932531833648682,4.214637041091919,,,,,,
8789940000.0,133.69,7.599999904632568,6391222784.0,2400.8404380630855,2242.0,0.0677490234375,36749312.0,77247.20079016685,0.0006639635539613664,0.00244140625,2.0358328819274902,-0.020502999424934387,0.6298859119415283,-0.02035832777619362,-0.00014467164874076843,0.0,0.006731043569743633,1.123350977897644,0.7338743979281731,6.286032676696777,1.9002106189727783,6.292763710021973,2.1775705814361572,6.824276924133301,4.1915342807769775,,,,,,
8789940000.0,126.56,8.300000190734863,6391222784.0,2393.5507643694687,2243.0,0.0762939453125,36765696.0,77254.04585075378,0.0005776312318630517,0.00238037109375,2.041947364807129,-0.020298298448324203,0.6517114639282227,-0.020419472828507423,0.00012117251753807068,0.0,0.03769209235906601,1.138182282447815,0.7340729625147218,6.587451934814453,1.9527323246002197,6.625144004821777,2.2071444988250732,6.845060586929321,4.1948463916778564,,,,,,
8789940000.0,111.29,8.399999618530273,6391222784.0,2360.101748085588,2244.0,0.0836181640625,36782080.0,77260.98792433739,0.0011194800026714802,0.0064697265625,2.0323398113250732,-0.0201856791973114,0.6135525107383728,-0.02032339759171009,0.0001377202570438385,0.0,0.06611417233943939,1.1045230627059937,0.7550568836017773,6.6347808837890625,1.986458420753479,6.700895309448242,2.2317326068878174,6.942073583602905,4.18901252746582,,,,,,
8789940000.0,115.21,7.699999809265137,6391222784.0,2403.3099879413912,2245.0,0.0592041015625,36798464.0,77267.80518889427,0.001143741887062788,0.00909423828125,2.0885653495788574,-0.020940842106938362,0.567225992679596,-0.020885655656456947,-5.5184587836265564e-05,0.0,-0.06345407664775848,1.0615886449813843,0.7507060267025384,6.338833332061768,1.8677970170974731,6.275379180908203,2.1261816024780273,6.817264556884766,4.193575620651245,,,,,,
8789940000.0,99.53,8.0,6391222784.0,2392.968322422761,2246.0,0.0714111328125,36814848.0,77274.65191555023,0.0018167556263506413,0.0155029296875,2.0657405853271484,-0.02077443152666092,0.5758801102638245,-0.020657405257225037,-0.00011702068150043488,0.0,0.027806634083390236,1.0698915719985962,0.7629980274058686,6.3486785888671875,1.9396806955337524,6.3764848709106445,2.1976752281188965,6.846726655960083,4.199215888977051,,,,,,
8789940000.0,116.72,7.900000095367432,6391222784.0,2331.853463882379,2247.0,0.078125,36831232.0,77281.6780860424,0.001346305594779551,0.01055908203125,1.9928151369094849,-0.01921771839261055,0.5679255723953247,-0.01992814987897873,0.0007104231044650078,0.0,0.05957937240600586,1.0591979026794434,0.7660685920365748,6.354074478149414,1.9103925228118896,6.413653373718262,2.1899421215057373,7.026170492172241,4.206099510192871,,,,,,
8789940000.0,94.19,8.199999809265137,6391222784.0,2337.905781679579,2248.0,0.0799560546875,36847616.0,77288.68606734276,0.0010778674622997642,0.00787353515625,2.0223965644836426,-0.019999990239739418,0.6490814685821533,-0.020223967730998993,0.00022397469729185104,0.0,0.03723917901515961,1.1305416822433472,0.7269613743999654,6.525811195373535,1.9091964960098267,6.563050270080566,2.1635868549346924,7.007981300354004,4.188737869262695,,,,,,
8789940000.0,112.7,8.0,6391222784.0,2353.4467138893865,2249.0,0.076904296875,36864000.0,77295.64777159691,0.0012540777679532766,0.00848388671875,2.023289442062378,-0.01993945986032486,0.667497992515564,-0.020232895389199257,0.00029343273490667343,0.0,0.026474980637431145,1.149214506149292,0.7288695875172171,6.694633960723877,1.959666132926941,6.721109390258789,2.207050085067749,6.961704254150391,4.196823358535767,,,,,,
8789940000.0,81.48,8.0,6391222784.0,2380.935653719237,2250.0,0.079345703125,36880384.0,77302.52909994125,0.001411536941304803,0.009765625,2.0275638103485107,-0.020289793610572815,0.610905647277832,-0.02027563750743866,-1.4154240489006042e-05,0.0,-0.02924838289618492,1.1041185855865479,0.7501520968945068,6.5875163078308105,1.8983345031738281,6.558268070220947,2.208909749984741,6.881328344345093,4.192405939102173,,,,,,
8789940000.0,131.79,7.300000190734863,6391222784.0,2372.82669884049,2251.0,0.0616455078125,36896768.0,77309.43394470215,0.0013687555911019444,0.00994873046875,2.074275493621826,-0.02007211744785309,0.6389695405960083,-0.020742757245898247,0.0006706370040774345,0.0,-0.09766322374343872,1.1334004402160645,0.7109741138750849,6.439298629760742,1.790956974029541,6.341635704040527,2.1082160472869873,6.904844760894775,4.185315847396851,,,,,,
8789940000.0,121.19,7.800000190734863,6391222784.0,2387.1656747973343,2252.0,0.0640869140625,36913152.0,77316.29731416702,0.0009193898877128959,0.003662109375,2.0614535808563232,-0.020591631531715393,0.6277368068695068,-0.020614534616470337,2.2909138351678848e-05,0.0,-0.0005539213307201862,1.1210060119628906,0.7077433188975065,6.419731140136719,1.7894563674926758,6.419177532196045,2.073603868484497,6.863369464874268,4.187572240829468,,,,,,
8789940000.0,119.23,8.0,6391222784.0,2354.741763215412,2253.0,0.0628662109375,36929536.0,77323.25518965721,0.0016648985911160707,0.01275634765625,2.0699374675750732,-0.01913691870868206,0.5958836674690247,-0.020699376240372658,0.0015624575316905975,0.0,0.010488629341125488,1.0909708738327026,0.717532080840199,6.443076133728027,1.7936526536941528,6.453564643859863,2.0527141094207764,6.957875490188599,4.216833829879761,,,,,,
8789940000.0,102.6,8.699999809265137,6391222784.0,2378.551529866434,2254.0,0.0665283203125,36945920.0,77330.14341545105,0.0008231790270656347,0.00335693359375,2.098994255065918,-0.020673630759119987,0.4864242374897003,-0.02098994143307209,0.00031631067395210266,0.0,0.07213644683361053,0.9866324067115784,0.7651090665597742,6.512516498565674,1.7913250923156738,6.584652900695801,2.0357398986816406,6.888225793838501,4.196660280227661,,,,,,
8789940000.0,152.68,8.0,6391222784.0,2320.3906773475233,2255.0,0.0543212890625,36962304.0,77337.2042953968,0.0009615797316655517,0.00555419921875,2.1223511695861816,-0.020453911274671555,0.47131797671318054,-0.021223511546850204,0.000769598875194788,0.0,-0.009615374729037285,0.9698467254638672,0.7578075455986221,6.317627906799316,1.754190444946289,6.30801248550415,1.9707117080688477,7.060879945755005,4.308642387390137,,,,,,
8789940000.0,136.71,7.900000095367432,6391222784.0,2365.892817904464,2256.0,0.0592041015625,36978688.0,77344.12937664986,0.0015336485812440515,0.0111083984375,2.11171293258667,-0.02101721242070198,0.5657267570495605,-0.02111712656915188,9.9916011095047e-05,0.0,-0.01427482906728983,1.062121868133545,0.7441114195578481,6.468489646911621,1.7976492643356323,6.454215049743652,2.0996596813201904,6.925081253051758,4.226015567779541,,,,,,
8789940000.0,120.53,7.800000190734863,6391222784.0,2368.645156571498,2257.0,0.0628662109375,36995072.0,77351.04641103745,0.0014658013824373484,0.00909423828125,2.0994045734405518,-0.020388539880514145,0.5627157688140869,-0.020994046702980995,0.0006055082194507122,0.0,0.023235881701111794,1.056754231452942,0.7471874806907342,6.334344863891602,1.8322489261627197,6.35758113861084,2.101719856262207,6.917034387588501,4.189886569976807,,,,,,
8789940000.0,131.35,7.900000095367432,6391222784.0,2328.424023609695,2258.0,0.06591796875,37011456.0,77358.08293008804,0.0013040064368396997,0.00927734375,2.0862765312194824,-0.02085745520889759,0.528147280216217,-0.020862765610218048,5.3104013204574585e-06,0.0,-0.007719045504927635,1.030137538909912,0.7673807939041934,6.34178352355957,1.8690316677093506,6.33406400680542,2.1358580589294434,7.0365190505981445,4.259735345840454,,,,,,
8789940000.0,152.46,8.300000190734863,6391222784.0,2363.941497093623,2259.0,0.054931640625,37027840.0,77365.01372766495,0.0016506519168615341,0.01312255859375,2.1075146198272705,-0.021120253950357437,0.4287912845611572,-0.02107514813542366,-4.511023871600628e-05,0.0,0.005295293405652046,0.922088086605072,0.7894947712187333,6.279783248901367,1.7951997518539429,6.285079002380371,2.00974440574646,6.930797576904297,4.232295751571655,,,,,,
8789940000.0,120.6,7.900000095367432,6391222784.0,2348.3321686469367,2260.0,0.0518798828125,37044224.0,77371.99059414864,0.001208687317557633,0.0074462890625,2.0281453132629395,-0.019971834495663643,0.47729355096817017,-0.02028145268559456,0.0003096202854067087,0.0,-0.03625410050153732,0.9729093313217163,0.7608021873381166,6.356800079345703,1.7543082237243652,6.3205461502075195,1.9892696142196655,6.9768664836883545,4.1884543895721436,,,,,,
8789940000.0,147.64,7.699999809265137,6391222784.0,2275.973444301352,2261.0,0.0518798828125,37060608.0,77379.1892721653,0.0019554803147912025,0.01708984375,2.0717005729675293,-0.020846422761678696,0.5085987448692322,-0.02071700245141983,-0.00012941937893629074,0.0,-0.0032275961712002754,1.0100319385528564,0.7353850912547529,6.4735822677612305,1.7034834623336792,6.470355033874512,1.963487982749939,7.198678016662598,4.2342848777771,,,,,,
8789940000.0,138.06,8.300000190734863,6391222784.0,2275.2194446660897,2262.0,0.067138671875,37076992.0,77386.39033579826,0.001683084643445909,0.0128173828125,2.08015513420105,-0.01993284374475479,0.536535382270813,-0.020801547914743423,0.0008687088266015053,0.0,-0.008839394897222519,1.039695382118225,0.7464023765926207,6.489046096801758,1.818192958831787,6.4802069664001465,2.064589023590088,7.201063632965088,4.339022636413574,,,,,,
8789940000.0,120.46,7.199999809265137,6391222784.0,2337.5959430563826,2263.0,0.0604248046875,37093376.0,77393.3992459774,0.0018823100253939629,0.01617431640625,2.0585007667541504,-0.019711334258317947,0.6200346946716309,-0.020585007965564728,0.0008736737072467804,0.0,-0.04054618626832962,1.1111676692962646,0.7336082424374175,6.318819999694824,1.7955689430236816,6.278273582458496,2.1528759002685547,7.008910179138184,4.1951446533203125,,,,,,
8789940000.0,110.74,8.5,6391222784.0,2278.4696649394,2264.0,0.0738525390625,37109760.0,77400.59003734589,0.002463593613356352,0.02197265625,2.0696921348571777,-0.020450733602046967,0.498285710811615,-0.02069692313671112,0.00024618953466415405,0.0,0.05118872597813606,0.9974949955940247,0.7809478324145445,6.321445465087891,1.854002594947815,6.372633934020996,2.1312613487243652,7.190791368484497,4.284354209899902,,,,,,
8789940000.0,151.32,7.800000190734863,6391222784.0,2281.6246385463364,2265.0,0.0506591796875,37126144.0,77407.77088546753,0.0019309305353090167,0.01678466796875,2.086799144744873,-0.02016480080783367,0.5440698266029358,-0.02086798846721649,0.0007031876593828201,0.0,0.010919461958110332,1.0402276515960693,0.7251378304043067,6.243242263793945,1.7375518083572388,6.254161834716797,1.9841328859329224,7.180848121643066,4.234281778335571,,,,,,
8789940000.0,133.14,7.800000190734863,6391222784.0,2337.844061892103,2266.0,0.05859375,37142528.0,77414.7790517807,0.0036171323154121637,0.0377197265625,2.0863938331604004,-0.01908598095178604,0.5653505325317383,-0.020863939076662064,0.0017779543995857239,0.0,-0.03905623406171799,1.0616902112960815,0.7253090234237507,6.422456741333008,1.7523136138916016,6.3834004402160645,2.0257017612457275,7.008166313171387,4.213212966918945,,,,,,
8789940000.0,123.8,8.399999618530273,6391222784.0,2323.6133198022626,2267.0,0.0634765625,37158912.0,77421.83013892174,0.005775331519544125,0.05322265625,2.049529552459717,-0.019238416105508804,0.48927780985832214,-0.020495295524597168,0.0012568794190883636,0.0,0.04459792375564575,0.9843761324882507,0.7644150331774044,6.5255327224731445,1.8060166835784912,6.570130825042725,2.028090476989746,7.051087141036987,4.37334132194519,,,,,,
8789940000.0,144.33,8.100000381469727,6391222784.0,2305.316493346719,2268.0,0.05126953125,37175296.0,77428.93718910217,0.003358622081577778,0.033447265625,2.0925917625427246,-0.019400428980588913,0.41783589124679565,-0.020925916731357574,0.001525484025478363,0.0,0.019939156249165535,0.9146021604537964,0.7890381046485015,6.410915374755859,1.7721467018127441,6.430854797363281,1.991272211074829,7.107050180435181,4.3065876960754395,,,,,,
8789940000.0,119.6,8.300000190734863,6391222784.0,2376.35919343846,2269.0,0.0701904296875,37191680.0,77435.83176970482,0.003818624885752797,0.03717041015625,2.0684711933135986,-0.01930149830877781,0.5025137662887573,-0.020684709772467613,0.0013832133263349533,0.0,0.008458634838461876,1.0020798444747925,0.7840893174588465,6.536367416381836,1.909940481185913,6.544826030731201,2.156578779220581,6.894580602645874,4.26525616645813,,,,,,
8789940000.0,145.42,7.900000095367432,6391222784.0,2334.3513158222363,2270.0,0.062255859375,37208064.0,77442.85042190552,0.0025993746239691973,0.0244140625,2.0606889724731445,-0.019183628261089325,0.45702657103538513,-0.020606888458132744,0.0014232601970434189,0.0,-0.04289618507027626,0.9567580819129944,0.8063534049724563,6.469884872436523,1.9116184711456299,6.42698860168457,2.1741881370544434,7.0186522006988525,4.20730185508728,,,,,,
8789940000.0,155.54,8.300000190734863,6391222784.0,2315.1018706819123,2271.0,0.0604248046875,37224448.0,77449.92743229866,0.0033482457511126995,0.0272216796875,2.0806217193603516,-0.01981987990438938,0.5019200444221497,-0.020806215703487396,0.0009863339364528656,0.0,0.024229245260357857,1.00395667552948,0.7651283176303176,6.367883682250977,1.8223695755004883,6.392112731933594,2.0715701580047607,7.0770103931427,4.19978404045105,,,,,,
,,,,,,,,,,,,,,,,,,,,,,,,,,0.03481927514076233,0.5895521640777588,0.5393270254135132,0.03481927514076233,0.5895521640777588,0.5393270254135132
,,,,,,,,,,,,,,,,,,,,,,,,,,0.030007489025592804,0.5357097387313843,0.5080073475837708,0.030007489025592804,0.5357097387313843,0.5080073475837708
,,,,,,,,,,,,,,,,,,,,,,,,,,0.02796192653477192,0.509748101234436,0.4828247129917145,0.02796192653477192,0.509748101234436,0.4828247129917145
,,,,,,,,,,,,,,,,,,,,,,,,,,0.027249885722994804,0.48882177472114563,0.46270009875297546,0.027249885722994804,0.48882177472114563,0.46270009875297546
,,,,,,,,,,,,,,,,,,,,,,,,,,0.027436690405011177,0.4699540436267853,0.4443795382976532,0.027436690405011177,0.4699540436267853,0.4443795382976532
,,,,,,,,,,,,,,,,,,,,,,,,,,0.027525562793016434,0.45510333776474,0.4282025992870331,0.027525562793016434,0.45510333776474,0.4282025992870331
8789940000.0,117.13,8.300000190734863,6188634112.0,18.424897599272526,2272.0,0.0531005859375,37240832.0,78339.15896868706,0.001577167073264718,0.0130615234375,2.0924415588378906,-0.02017713338136673,0.5179998874664307,-0.020924415439367294,0.0007472895085811615,0.0,0.015067735686898232,1.0215243101119995,0.7432786759561356,6.1759114265441895,1.8434818983078003,6.19097900390625,2.0161244869232178,889.2315363883972,4.206524610519409,,,,,,
8789940000.0,117.43,7.5,6391222784.0,2361.4533088123358,2273.0,0.064697265625,37257216.0,78346.09706902504,0.0014577170368283987,0.0123291015625,2.0707852840423584,-0.020828252658247948,0.6476998925209045,-0.020707853138446808,-0.0001204032450914383,0.0,-0.04518119990825653,1.1309274435043335,0.7457180481836426,6.376518249511719,1.9305340051651,6.3313374519348145,2.2427306175231934,6.938100337982178,4.218486547470093,,,,,,
8789940000.0,124.14,8.199999809265137,6391222784.0,2375.971715210515,2274.0,0.0628662109375,37273600.0,78352.9927740097,0.0010482125217095017,0.00518798828125,2.1052536964416504,-0.021243277937173843,0.5097330808639526,-0.021052537485957146,-0.00019074557349085808,0.0,-0.021669983863830566,1.0046448707580566,0.7785482234058089,6.337223052978516,1.8971871137619019,6.315553665161133,2.134878158569336,6.895704984664917,4.197059869766235,,,,,,
8789940000.0,139.95,8.100000381469727,6391222784.0,2360.4506618260116,2275.0,0.05126953125,37289984.0,78359.93382143974,0.0010529005667194724,0.005615234375,2.093519687652588,-0.020971566438674927,0.44146373867988586,-0.020935192704200745,-3.6372803151607513e-05,0.0,0.02040635421872139,0.9360429048538208,0.7912038220245257,6.076899528503418,1.7976596355438232,6.0973052978515625,2.0484936237335205,6.941047430038452,4.2027997970581055,,,,,,
8789940000.0,139.96,8.0,6391222784.0,2371.8069232301136,2276.0,0.06103515625,37306368.0,78366.84163498878,0.001736045116558671,0.01226806640625,2.0494308471679688,-0.02021050453186035,0.5350173115730286,-0.020494306460022926,0.0002838023938238621,0.0,0.021967140957713127,1.03376042842865,0.7624376883433681,6.197412014007568,1.8410297632217407,6.21937894821167,2.120952844619751,6.907813549041748,4.190475940704346,,,,,,
8789940000.0,121.3,8.100000381469727,6391222784.0,2378.581909126957,2277.0,0.0689697265625,37322752.0,78373.72977280617,0.0013294377131387591,0.00640869140625,2.050344944000244,-0.020569533109664917,0.5783976316452026,-0.020503448322415352,-6.60859514027834e-05,0.0,0.029500991106033325,1.075399398803711,0.7463276825818261,6.4781575202941895,1.9084745645523071,6.507658004760742,2.1351735591888428,6.8881378173828125,4.209833383560181,,,,,,
8789940000.0,138.39,8.300000190734863,6391222784.0,2376.2327314996323,2278.0,0.0732421875,37339136.0,78380.624720335,0.000895338598638773,0.00396728515625,2.0344655513763428,-0.01982826180756092,0.5864964723587036,-0.020344654098153114,0.0005163922905921936,0.0,-0.0025621976237744093,1.0845139026641846,0.7545333724232455,6.542779922485352,1.9398903846740723,6.540217876434326,2.1889655590057373,6.894947528839111,4.183794975280762,,,,,,
8789940000.0,89.18,7.900000095367432,6391222784.0,2340.3915954508325,2279.0,0.0738525390625,37355520.0,78387.62525820732,0.001206661923788488,0.00823974609375,1.9857865571975708,-0.01990344747900963,0.6190475225448608,-0.01985786482691765,-4.557706415653229e-05,0.0,0.02741941809654236,1.1091256141662598,0.7331000005903987,6.594602584838867,1.8519388437271118,6.6220221519470215,2.146873712539673,7.000537872314453,4.20061993598938,,,,,,
8789940000.0,103.51,7.699999809265137,6391222784.0,2376.751730239668,2280.0,0.076904296875,37371904.0,78394.51870012283,0.002128475345671177,0.0172119140625,1.9775702953338623,-0.01936408132314682,0.7133480906486511,-0.01977570168673992,0.00041162350680679083,0.0,-0.012635117396712303,1.190918207168579,0.7091315364385483,6.605930328369141,1.8836042881011963,6.593295097351074,2.2081751823425293,6.893441915512085,4.180732488632202,,,,,,
8789940000.0,124.9,7.699999809265137,6391222784.0,2394.8666359290582,2281.0,0.05615234375,37388288.0,78401.35999965668,0.0013009064132347703,0.0087890625,1.9939963817596436,-0.020145079120993614,0.5568053722381592,-0.019939962774515152,-0.00020511867478489876,0.0,-0.03301601856946945,1.0538959503173828,0.718311574908113,6.387181758880615,1.7072418928146362,6.354165554046631,1.9856975078582764,6.841299533843994,4.204042673110962,,,,,,
8789940000.0,111.56,7.599999904632568,6391222784.0,2382.17955059383,2282.0,0.06103515625,37404672.0,78408.23773479462,0.0012892612721771002,0.01019287109375,1.974257469177246,-0.019455663859844208,0.6347516179084778,-0.01974257454276085,0.000286908820271492,0.0,-0.06497325003147125,1.1219167709350586,0.7097229785656973,6.43489408493042,1.7709122896194458,6.36992073059082,2.082353115081787,6.877735137939453,4.188451051712036,,,,,,
8789940000.0,112.12,8.399999618530273,6391222784.0,2412.046817230499,2283.0,0.0640869140625,37421056.0,78415.03030610085,0.0016188991721719503,0.01239013671875,1.9777886867523193,-0.019236624240875244,0.5569800734519958,-0.01977788656949997,0.0005412623286247253,0.0,0.07727493345737457,1.0537440776824951,0.7159783207932076,6.2428083419799805,1.7103042602539062,6.320082664489746,1.9772390127182007,6.792571306228638,4.191236972808838,,,,,,
8789940000.0,148.55,8.699999809265137,6391222784.0,2420.321413382669,2284.0,0.0653076171875,37437440.0,78421.79965496063,0.001245127059519291,0.01043701171875,2.0190272331237793,-0.01998533308506012,0.5562120676040649,-0.020190272480249405,0.0002049403265118599,0.0,0.005083464086055756,1.0548092126846313,0.7356056618551992,6.5716705322265625,1.7833534479141235,6.576753616333008,2.0513877868652344,6.769348859786987,4.207224130630493,,,,,,
8789940000.0,95.75,8.800000190734863,6391222784.0,2362.1525263674876,2285.0,0.074462890625,37453824.0,78428.73570156097,0.00224256981164217,0.02001953125,2.0149784088134766,-0.01937357522547245,0.4417334198951721,-0.020149782299995422,0.0007762052118778229,0.0,0.03469041734933853,0.9387127161026001,0.7915234942908269,6.643795490264893,1.855114459991455,6.678485870361328,2.0559091567993164,6.936046600341797,4.214328050613403,,,,,,
8789940000.0,146.17,7.5,6391222784.0,2397.685334549956,2286.0,0.047607421875,37470208.0,78435.56895852089,0.002329085022211075,0.02001953125,2.0321855545043945,-0.021336529403924942,0.5167478322982788,-0.020321853458881378,-0.0010146766435354948,0.0,-0.07359185069799423,1.0155014991760254,0.729816605495085,6.478582382202148,1.697679042816162,6.4049906730651855,1.9536710977554321,6.833256959915161,4.18931245803833,,,,,,
8789940000.0,148.42,7.400000095367432,6391222784.0,2357.718698206861,2287.0,0.0567626953125,37486592.0,78442.51804876328,0.001472902251407504,0.0089111328125,2.0042407512664795,-0.019416015595197678,0.5132347941398621,-0.020042408257722855,0.0006263907998800278,0.0,-0.086660236120224,1.0140330791473389,0.7404239223241823,6.321588516235352,1.7264355421066284,6.234928131103516,1.9903050661087036,6.949090242385864,4.290059328079224,,,,,,
8789940000.0,135.02,8.100000381469727,6391222784.0,2374.343979207609,2288.0,0.05615234375,37502976.0,78449.41848111153,0.0016039378242567182,0.01263427734375,2.0294740200042725,-0.019482694566249847,0.5113884806632996,-0.020294737070798874,0.000812046229839325,0.0,0.017227016389369965,1.0090528726577759,0.7414110777318925,6.1989030838012695,1.6902813911437988,6.216130256652832,1.9843086004257202,6.900432348251343,4.258285999298096,,,,,,
8789940000.0,126.38,8.199999809265137,6391222784.0,2328.7923593340415,2289.0,0.064697265625,37519360.0,78456.4538872242,0.0031977694015949965,0.0338134765625,1.995850920677185,-0.01929355412721634,0.49041488766670227,-0.019958509132266045,0.0006649531424045563,0.0,0.042737964540719986,0.9908893704414368,0.7482423143374697,6.270320892333984,1.691441535949707,6.313058853149414,1.9748493432998657,7.035406112670898,4.204165935516357,,,,,,
8789940000.0,155.67,8.0,6391222784.0,2373.058998073187,2290.0,0.0537109375,37535744.0,78463.35805606842,0.0032708572689443827,0.03240966796875,2.0359947681427,-0.01966213807463646,0.4857637286186218,-0.02035994827747345,0.0006978074088692665,0.0,0.014840369112789631,0.9826498627662659,0.7582232226620369,6.3690505027771,1.7242406606674194,6.383890628814697,1.9984418153762817,6.9041688442230225,4.21491813659668,,,,,,
8789940000.0,116.85,7.699999809265137,6391222784.0,2346.1056887692307,2291.0,0.0640869140625,37552128.0,78470.34154367447,0.0011902526021003723,0.00823974609375,2.0399723052978516,-0.020060814917087555,0.5882638096809387,-0.020399725064635277,0.0003389110788702965,0.0,-0.07368309795856476,1.0776926279067993,0.7394215131789168,6.344557762145996,1.7832194566726685,6.270874977111816,2.1111814975738525,6.983487606048584,4.242687702178955,,,,,,
8789940000.0,123.12,8.0,6391222784.0,2299.6849934974507,2292.0,0.0543212890625,37568512.0,78477.46599769592,0.0013912294525653124,0.01116943359375,2.052095890045166,-0.020348120480775833,0.508597731590271,-0.020520959049463272,0.0001728383358567953,0.0,0.008588294498622417,1.0082294940948486,0.7505708387456023,6.247912406921387,1.7751314640045166,6.256501197814941,2.018765926361084,7.124454021453857,4.192927360534668,,,,,,
8789940000.0,121.04,8.100000381469727,6391222784.0,2308.3514330581215,2293.0,0.0726318359375,37584896.0,78484.5637037754,0.0010882474016398191,0.005615234375,2.0050439834594727,-0.020001251250505447,0.6402110457420349,-0.02005043998360634,4.918948980048299e-05,0.0,0.05313070863485336,1.1307885646820068,0.7350483117158608,6.477369785308838,1.9003915786743164,6.530500411987305,2.196838617324829,7.097706079483032,4.184547424316406,,,,,,
8789940000.0,138.13,7.599999904632568,6391222784.0,2323.906181109962,2294.0,0.052490234375,37601280.0,78491.6139023304,0.0013871544506400824,0.0091552734375,2.0595521926879883,-0.019968194887042046,0.5012751817703247,-0.020595520734786987,0.0006273235194385052,0.0,-0.013287978246808052,0.9994274377822876,0.7631884870292487,6.2952117919921875,1.7785133123397827,6.281924247741699,2.0537614822387695,7.050198554992676,4.213805198669434,,,,,,
8789940000.0,113.17,8.5,6391222784.0,2234.84739443656,2295.0,0.072021484375,37617664.0,78498.94505167007,0.0012774842325598001,0.0093994140625,2.0211548805236816,-0.019690589979290962,0.5422351360321045,-0.02021154947578907,0.0005209604278206825,0.0,0.09240454435348511,1.0400184392929077,0.7495911030616715,6.603538513183594,1.8331129550933838,6.6959428787231445,2.078339099884033,7.331149339675903,4.419192314147949,,,,,,
8789940000.0,114.07,8.199999809265137,6391222784.0,2349.607936483514,2296.0,0.06591796875,37634048.0,78505.91812992096,0.0008111344650387764,0.00347900390625,2.045759677886963,-0.02014489844441414,0.4757475256919861,-0.020457597449421883,0.00031269993633031845,0.0,0.009554922580718994,0.9737498760223389,0.7873676590969043,6.585247039794922,1.8935401439666748,6.594801902770996,2.1117024421691895,6.97307825088501,4.210489273071289,,,,,,
8789940000.0,119.01,8.300000190734863,6391222784.0,2390.7885172809542,2297.0,0.0628662109375,37650432.0,78512.77109909058,0.0012724964180961251,0.00665283203125,2.028491258621216,-0.02006298303604126,0.5221320986747742,-0.02028491161763668,0.00022192858159542084,0.0,0.010461395606398582,1.0228976011276245,0.7488142152112396,6.453075408935547,1.8070636987686157,6.463536739349365,2.0409603118896484,6.852969169616699,4.224696159362793,,,,,,
8789940000.0,101.19,8.399999618530273,6391222784.0,2361.983569034531,2298.0,0.074462890625,37666816.0,78519.70764183998,0.0008126110187731683,0.004150390625,2.035182237625122,-0.020417243242263794,0.572353184223175,-0.020351823419332504,-6.541609764099121e-05,0.0,-0.004148934036493301,1.0685878992080688,0.7523995532143919,6.733596324920654,1.8715232610702515,6.729447364807129,2.14750599861145,6.936542749404907,4.378393173217773,,,,,,
8789940000.0,107.29,8.5,6391222784.0,2366.3950859599904,2299.0,0.0787353515625,37683200.0,78526.63125324249,0.0018970343517139554,0.0125732421875,2.033730983734131,-0.020010195672512054,0.5906322002410889,-0.020337309688329697,0.00032711494714021683,0.0,0.033103179186582565,1.0835720300674438,0.7422925777192011,6.759748458862305,1.8904162645339966,6.792851448059082,2.134490966796875,6.923611402511597,4.229188919067383,,,,,,
8789940000.0,106.94,7.5,6391222784.0,2326.4272720018744,2300.0,0.0616455078125,37699584.0,78533.67381167412,0.0013564260443672538,0.0089111328125,2.0625665187835693,-0.02051970362663269,0.577004075050354,-0.02062566578388214,0.00010596681386232376,0.0,-0.08395613729953766,1.0751832723617554,0.7219115157075464,6.550383567810059,1.7577944993972778,6.466427326202393,2.0388762950897217,7.042558431625366,4.22326922416687,,,,,,
8789940000.0,137.66,8.0,6391222784.0,2348.5015060837486,2301.0,0.0653076171875,37715968.0,78540.6501750946,0.0011215133126825094,0.0072021484375,2.0472640991210938,-0.020659592002630234,0.5250651240348816,-0.02047264203429222,-0.0001869499683380127,0.0,0.015469290316104889,1.0209757089614868,0.755552925348736,6.583338737487793,1.7819253206253052,6.598808288574219,2.0650136470794678,6.97636342048645,4.214715242385864,,,,,,
8789940000.0,108.67,7.699999809265137,6391222784.0,2383.936224918741,2302.0,0.0640869140625,37732352.0,78547.52284216881,0.0009706834680400789,0.00457763671875,2.0314645767211914,-0.019418971613049507,0.5500038266181946,-0.020314646884799004,0.0008956743404269218,0.0,-0.05347279831767082,1.0462710857391357,0.7549211242269908,6.411545753479004,1.786088228225708,6.3580732345581055,2.1134471893310547,6.872667074203491,4.228680849075317,,,,,,
8789940000.0,118.42,8.5,6391222784.0,2349.825988999776,2303.0,0.0665283203125,37748736.0,78554.49527335167,0.0011788624105975032,0.00726318359375,2.040616989135742,-0.020073488354682922,0.5126060247421265,-0.020406171679496765,0.0003326833248138428,0.0,0.06247897446155548,1.008955717086792,0.7845908617459425,6.411108016967773,1.9041650295257568,6.4735870361328125,2.1739017963409424,6.972431182861328,4.191828489303589,,,,,,
,,,,,,,,,,,,,,,,,,,,,,,,,,0.022592607885599136,0.5715687870979309,0.530760645866394,0.022592607885599136,0.5715687870979309,0.530760645866394
,,,,,,,,,,,,,,,,,,,,,,,,,,0.021222945302724838,0.5221645832061768,0.49823418259620667,0.021222945302724838,0.5221645832061768,0.49823418259620667
,,,,,,,,,,,,,,,,,,,,,,,,,,0.019976254552602768,0.4960727393627167,0.47249385714530945,0.019976254552602768,0.4960727393627167,0.47249385714530945
,,,,,,,,,,,,,,,,,,,,,,,,,,0.019692543894052505,0.47404175996780396,0.4525465667247772,0.019692543894052505,0.47404175996780396,0.4525465667247772
,,,,,,,,,,,,,,,,,,,,,,,,,,0.020274223759770393,0.4587174952030182,0.437570720911026,0.020274223759770393,0.4587174952030182,0.437570720911026
,,,,,,,,,,,,,,,,,,,,,,,,,,0.020403506234288216,0.4424516558647156,0.42036622762680054,0.020403506234288216,0.4424516558647156,0.42036622762680054
8789940000.0,119.08,7.599999904632568,6188634112.0,18.418360439954526,2304.0,0.0592041015625,37765120.0,79444.04242134094,0.0008965082233771682,0.00445556640625,2.087998390197754,-0.020865246653556824,0.5278440117835999,-0.02087998017668724,1.473166048526764e-05,0.0,-0.02187134325504303,1.0243000984191895,0.7416206223466297,6.2978315353393555,1.7502694129943848,6.275960922241211,2.015108585357666,889.5471479892731,4.358031272888184,,,,,,
8789940000.0,150.81,8.300000190734863,6391222784.0,2412.8484998038844,2305.0,0.0628662109375,37781504.0,79450.8327357769,0.0011641685850918293,0.00946044921875,2.076997756958008,-0.020921815186738968,0.5495779514312744,-0.02076997421681881,-0.00015184096992015839,0.0,0.025184545665979385,1.0458904504776,0.7506114973872056,6.434901237487793,1.8228657245635986,6.460085868835449,2.094343662261963,6.790314435958862,4.208043098449707,,,,,,
8789940000.0,137.08,8.199999809265137,6391222784.0,2387.636615617458,2306.0,0.072021484375,37797888.0,79457.69475150108,0.0016080507775768638,0.0126953125,2.0295207500457764,-0.01978178136050701,0.6936635971069336,-0.02029520645737648,0.0005134250968694687,0.0,0.0033839154057204723,1.1816869974136353,0.6839415409231391,6.608130931854248,1.8628313541412354,6.611515045166016,2.101933479309082,6.862015724182129,4.196735858917236,,,,,,
8789940000.0,104.89,8.100000381469727,6391222784.0,2407.180849455473,2307.0,0.0665283203125,37814272.0,79464.5010535717,0.0006374074146151543,0.00341796875,2.0417065620422363,-0.020045412704348564,0.5675213932991028,-0.020417064428329468,0.00037164799869060516,0.0,0.020114514976739883,1.0619280338287354,0.7325002511450489,6.509518623352051,1.7882393598556519,6.529633522033691,2.053210496902466,6.806302070617676,4.193798780441284,,,,,,
8789940000.0,103.2,8.300000190734863,6391222784.0,2407.34435967568,2308.0,0.0665283203125,37830656.0,79471.3068933487,0.0008007560390979052,0.00164794921875,2.0360171794891357,-0.020486194640398026,0.6401899456977844,-0.020360173657536507,-0.0001260228455066681,0.0,0.01723218522965908,1.1290512084960938,0.6936361592267575,6.631180763244629,1.7388582229614258,6.648413181304932,2.03983473777771,6.805839776992798,4.204077959060669,,,,,,
8789940000.0,86.06,7.800000190734863,6391222784.0,2380.501821225931,2309.0,0.076904296875,37847040.0,79478.18947577477,0.0008573387749493122,0.003173828125,2.0308194160461426,-0.02018490433692932,0.5798660516738892,-0.020308196544647217,0.00012329034507274628,0.0,0.011674715206027031,1.0775434970855713,0.7601867275382812,6.660961151123047,1.8784531354904175,6.672636032104492,2.200383424758911,6.882582426071167,4.204772472381592,,,,,,
8789940000.0,120.78,8.199999809265137,6391222784.0,2373.497991612356,2310.0,0.091552734375,37863424.0,79485.09236764908,0.0007382038165815175,0.00372314453125,1.9860262870788574,-0.01995263621211052,0.6749076247215271,-0.01986026205122471,-9.237229824066162e-05,0.0,0.029121054336428642,1.162596583366394,0.7427739976772048,6.770766735076904,1.93790602684021,6.799887657165527,2.292301654815674,6.9028918743133545,4.190613031387329,,,,,,
8789940000.0,94.8,8.399999618530273,6391222784.0,2390.978757877773,2311.0,0.0823974609375,37879808.0,79491.9447915554,0.0006062723696231842,0.00225830078125,1.9879002571105957,-0.020151233300566673,0.6216365694999695,-0.01987900398671627,-0.0002722335048019886,0.0,0.08772531896829605,1.1111505031585693,0.7276896885390494,6.817171096801758,1.8742355108261108,6.904895782470703,2.129319667816162,6.852423906326294,4.1881444454193115,,,,,,
8789940000.0,92.44,8.100000381469727,6391222784.0,2377.0245933984074,2312.0,0.0799560546875,37896192.0,79498.83744215965,0.0006194344023242593,0.0025634765625,2.0172157287597656,-0.020154859870672226,0.6743525862693787,-0.020172158256173134,1.7298385500907898e-05,0.0,-0.03647524490952492,1.1609739065170288,0.7333124489455494,6.876611709594727,1.950989842414856,6.840136528015137,2.248129367828369,6.892650604248047,4.204136610031128,,,,,,
8789940000.0,110.59,8.399999618530273,6391222784.0,2398.0172495244583,2313.0,0.0787353515625,37912576.0,79505.66975331306,0.000913335126824677,0.00537109375,2.0039377212524414,-0.019082944840192795,0.5639780759811401,-0.020039375871419907,0.0009564307983964682,0.0,0.06215278059244156,1.0604346990585327,0.7521327400774993,6.732842922210693,1.887402892112732,6.7949957847595215,2.129974126815796,6.832311153411865,4.177987813949585,,,,,,
8789940000.0,96.92,8.199999809265137,6391222784.0,2378.652879420695,2314.0,0.0762939453125,37928960.0,79512.55768561363,0.0010415990836918354,0.00299072265625,2.0335559844970703,-0.020504644140601158,0.6538866758346558,-0.02033555880188942,-0.00016908347606658936,0.0,-0.03288688510656357,1.1429725885391235,0.7190970945508625,6.715506553649902,1.8747942447662354,6.682619571685791,2.156541347503662,6.887932300567627,4.205284833908081,,,,,,
8789940000.0,105.3,8.399999618530273,6391222784.0,2382.718912961514,2315.0,0.0634765625,37945344.0,79519.43386387825,0.000856393133290112,0.00372314453125,2.1007583141326904,-0.020682811737060547,0.43475422263145447,-0.021007582545280457,0.0003247717395424843,0.0,-0.008355580270290375,0.9325836896896362,0.8006290364095225,6.451847076416016,1.838889241218567,6.4434919357299805,2.0886080265045166,6.87617826461792,4.196275234222412,,,,,,
8789940000.0,97.69,8.399999618530273,6391222784.0,2401.4308309094317,2316.0,0.079345703125,37961728.0,79526.25646305084,0.0012227264232933521,0.00830078125,2.0380263328552246,-0.020136099308729172,0.642537534236908,-0.020380262285470963,0.00024416297674179077,0.0,0.005492254160344601,1.134066104888916,0.7461563915738261,6.723536491394043,1.9400578737258911,6.729029178619385,2.2508957386016846,6.822599172592163,4.2027587890625,,,,,,
8789940000.0,93.17,8.899999618530273,6391222784.0,2348.674721009872,2317.0,0.079345703125,37978112.0,79533.23231196404,0.001264892052859068,0.00616455078125,2.0459370613098145,-0.020633850246667862,0.5620902180671692,-0.0204593688249588,-0.00017448049038648605,0.0,0.03881710767745972,1.0579259395599365,0.7587825495378077,6.844817161560059,1.9327366352081299,6.883633613586426,2.1540255546569824,6.975848913192749,4.223283052444458,,,,,,
8789940000.0,108.16,7.900000095367432,6391222784.0,2269.74419953238,2318.0,0.0640869140625,37994496.0,79540.45074653625,0.0011100893607363105,0.00579833984375,2.0675642490386963,-0.021516669541597366,0.5499215126037598,-0.020675644278526306,-0.000841023400425911,0.0,-0.04856819659471512,1.045026421546936,0.7508686279276222,6.674760818481445,1.8692854642868042,6.626193046569824,2.093693494796753,7.218434572219849,4.341770172119141,,,,,,
8789940000.0,156.64,7.099999904632568,6391222784.0,2394.735609557549,2319.0,0.054931640625,38010880.0,79547.29242038727,0.0013557750498875976,0.010009765625,2.061652421951294,-0.02052536979317665,0.6244462728500366,-0.020616522058844566,9.115226566791534e-05,0.0,-0.0995267927646637,1.118760108947754,0.7093361898589114,6.5411696434021,1.7630715370178223,6.441642761230469,2.0751118659973145,6.841673851013184,4.211453914642334,,,,,,
8789940000.0,120.16,8.399999618530273,6391222784.0,2320.6002057961214,2320.0,0.0933837890625,38027264.0,79554.35266280174,0.0009614155278541148,0.00494384765625,2.0244381427764893,-0.020006902515888214,0.5357465744018555,-0.020244382321834564,0.00023748353123664856,0.0,0.10064425319433212,1.0323458909988403,0.7707454463180493,6.934478759765625,1.8482685089111328,7.035122871398926,2.1560866832733154,7.060242414474487,4.18898868560791,,,,,,
8789940000.0,79.37,8.699999809265137,6391222784.0,2336.706488320289,2321.0,0.079345703125,38043648.0,79561.36424088478,0.0013361135497689247,0.0086669921875,2.023752450942993,-0.019890302792191505,0.6118343472480774,-0.020237525925040245,0.00034721940755844116,0.0,0.007766141090542078,1.0994153022766113,0.7372928080557434,6.897820472717285,1.872732400894165,6.905586242675781,2.1449921131134033,7.01157808303833,4.274247169494629,,,,,,
8789940000.0,90.91,8.0,6391222784.0,2356.664180101818,2322.0,0.069580078125,38060032.0,79568.31644058228,0.0012945362832397223,0.009033203125,2.062746286392212,-0.02007060870528221,0.5468565821647644,-0.02062746323645115,0.000556854996830225,0.0,0.029756877571344376,1.0396509170532227,0.7429579189297176,6.724244117736816,1.7965670824050903,6.754000663757324,2.0506203174591064,6.952199697494507,4.238666296005249,,,,,,
8789940000.0,109.45,7.099999904632568,6391222784.0,2369.5896553244916,2323.0,0.0616455078125,38076416.0,79575.23071789742,0.0012589339166879654,0.009033203125,2.0626039505004883,-0.020436186343431473,0.6875547170639038,-0.020626040175557137,0.0001898566260933876,0.0,-0.10505560040473938,1.1694326400756836,0.6945134176474907,6.66172981262207,1.7793240547180176,6.556674003601074,2.11582088470459,6.9142773151397705,4.307329893112183,,,,,,
8789940000.0,129.36,8.199999809265137,6391222784.0,2355.201530152361,2324.0,0.067138671875,38092800.0,79582.18723511696,0.0006113429553806782,0.00140380859375,2.1170804500579834,-0.021032407879829407,0.47974029183387756,-0.021170804277062416,0.00013839825987815857,0.0,0.019972722977399826,0.9702050685882568,0.7806183148719414,6.6053571701049805,1.8000236749649048,6.625329971313477,2.0713963508605957,6.956517219543457,4.274545669555664,,,,,,
8789940000.0,116.54,8.399999618530273,6391222784.0,2355.8225044263713,2325.0,0.0616455078125,38109184.0,79589.14191865921,0.0008073769859038293,0.0050048828125,2.1490657329559326,-0.02114070951938629,0.4271045923233032,-0.021490657702088356,0.0003499481827020645,0.0,0.03180932626128197,0.9228300452232361,0.776305525737421,6.379334449768066,1.7063634395599365,6.4111433029174805,1.9511642456054688,6.954683542251587,4.219600677490234,,,,,,
8789940000.0,121.63,8.199999809265137,6391222784.0,2308.8705228502645,2326.0,0.0543212890625,38125568.0,79596.23802900314,0.0016691285418346524,0.0126953125,2.157196283340454,-0.021428316831588745,0.47439566254615784,-0.021571962162852287,0.00014364562230184674,0.0,0.0017811967991292477,0.9717051386833191,0.7592241490963547,6.468893527984619,1.750783085823059,6.470674514770508,1.9802862405776978,7.0961103439331055,4.368016481399536,,,,,,
8789940000.0,145.48,7.800000190734863,6391222784.0,2352.6275505122944,2327.0,0.0653076171875,38141952.0,79603.20215725899,0.0011246099602431059,0.007568359375,2.1192595958709717,-0.020686620846390724,0.5482249855995178,-0.02119259722530842,0.0005059801042079926,0.0,-0.005637604743242264,1.0461046695709229,0.7510856293558594,6.554128170013428,1.843939185142517,6.548490524291992,2.096766233444214,6.964128255844116,4.258277416229248,,,,,,
8789940000.0,160.34,8.0,6391222784.0,2355.1899066594665,2328.0,0.0701904296875,38158336.0,79610.1587088108,0.0007112647872418165,0.002685546875,2.1000704765319824,-0.02109350636601448,0.5826579332351685,-0.021000701934099197,-9.280536323785782e-05,0.0,-0.012100566178560257,1.075870156288147,0.7558148523708583,6.657002925872803,1.8734922409057617,6.64490270614624,2.1772096157073975,6.956551551818848,4.2094886302948,,,,,,
8789940000.0,116.42,8.5,6391222784.0,2341.089878844951,2329.0,0.0677490234375,38174720.0,79617.1571586132,0.001295007299631834,0.009521484375,2.0917606353759766,-0.020627258345484734,0.4900088310241699,-0.020917607471346855,0.0002903491258621216,0.0,0.06027749180793762,0.9903549551963806,0.7729322378280743,6.584177017211914,1.870280146598816,6.644454002380371,2.0783214569091797,6.998449802398682,4.366387605667114,,,,,,
8789940000.0,132.81,8.600000381469727,6391222784.0,2386.8108916234073,2330.0,0.0750732421875,38191104.0,79624.02154827118,0.0014667731011286378,0.011474609375,2.0950069427490234,-0.020304037258028984,0.5044384002685547,-0.0209500715136528,0.0006460314616560936,0.0,0.05433456227183342,0.9951168298721313,0.7859441964658418,6.864192962646484,1.9282822608947754,6.918527126312256,2.1508524417877197,6.864389657974243,4.306946277618408,,,,,,
8789940000.0,108.12,8.399999618530273,6391222784.0,2333.2167418675303,2331.0,0.0738525390625,38207488.0,79631.04361343384,0.001183482352644205,0.007568359375,2.093841075897217,-0.021157078444957733,0.4832618832588196,-0.020938407629728317,-0.00021866802126169205,0.0,0.010294732637703419,0.9783638715744019,0.7818556363898642,6.898192405700684,1.872030258178711,6.908487319946289,2.0947318077087402,7.022065162658691,4.191126823425293,,,,,,
8789940000.0,126.78,7.400000095367432,6391222784.0,2300.472934103837,2332.0,0.0604248046875,38223872.0,79638.16562724113,0.0010412175906822085,0.0054931640625,2.1041927337646484,-0.02072364278137684,0.5681830644607544,-0.021041924133896828,0.00031828321516513824,0.0,-0.049152493476867676,1.065320611000061,0.7392804055892996,6.669898986816406,1.8089733123779297,6.62074613571167,2.0863797664642334,7.122013807296753,4.421144962310791,,,,,,
8789940000.0,128.78,8.0,6391222784.0,2357.614109837796,2333.0,0.079345703125,38240256.0,79645.11502575874,0.0008078325190581381,0.00152587890625,2.0597167015075684,-0.020840968936681747,0.6361367702484131,-0.02059716358780861,-0.00024380581453442574,0.0,0.005613848567008972,1.1253567934036255,0.7337396780275494,6.933032512664795,1.8880722522735596,6.93864631652832,2.18090558052063,6.949398517608643,4.214505195617676,,,,,,
8789940000.0,113.97,8.0,6391222784.0,2302.27270875804,2334.0,0.0830078125,38256640.0,79652.23147201538,0.0021845106966793537,0.0186767578125,2.008040428161621,-0.01917165145277977,0.6274954676628113,-0.020080404356122017,0.000908752903342247,0.0,-0.01140805333852768,1.1197000741958618,0.729136326090645,7.011897087097168,1.8281463384628296,7.000488758087158,2.151425361633301,7.116446256637573,4.34973931312561,,,,,,
8789940000.0,106.39,7.900000095367432,6391222784.0,2393.4999102604847,2335.0,0.0830078125,38273024.0,79659.07667803764,0.0009155158768408,0.0047607421875,2.0204358100891113,-0.020031020045280457,0.6594454646110535,-0.02020435780286789,0.00017333775758743286,0.0,0.03242809325456619,1.146162748336792,0.7244817756593963,6.888155937194824,1.8678007125854492,6.920583724975586,2.1835896968841553,6.845206022262573,4.181525945663452,,,,,,
,,,,,,,,,,,,,,,,,,,,,,,,,,0.019716059789061546,0.598421573638916,0.5575783252716064,0.019716059789061546,0.598421573638916,0.5575783252716064
,,,,,,,,,,,,,,,,,,,,,,,,,,0.01942768134176731,0.5521231889724731,0.5240702629089355,0.01942768134176731,0.5521231889724731,0.5240702629089355
,,,,,,,,,,,,,,,,,,,,,,,,,,0.01861574314534664,0.5234009027481079,0.4967576563358307,0.01861574314534664,0.5234009027481079,0.4967576563358307
,,,,,,,,,,,,,,,,,,,,,,,,,,0.019130930304527283,0.5016810297966003,0.4779948890209198,0.019130930304527283,0.5016810297966003,0.4779948890209198
,,,,,,,,,,,,,,,,,,,,,,,,,,0.01921689510345459,0.48222675919532776,0.45752406120300293,0.01921689510345459,0.48222675919532776,0.45752406120300293
,,,,,,,,,,,,,,,,,,,,,,,,,,0.01914167031645775,0.4666847884654999,0.44135183095932007,0.01914167031645775,0.4666847884654999,0.44135183095932007
8789940000.0,90.59,8.0,6188634112.0,18.391071004949243,2336.0,0.08544921875,38289408.0,80549.94377303123,0.0007052012952044606,0.002197265625,2.015167713165283,-0.020156271755695343,0.7483323812484741,-0.02015167847275734,-4.591420292854309e-06,0.0,-0.01823386922478676,1.2261137962341309,0.7273304965267063,6.904911994934082,2.068833827972412,6.886678695678711,2.348078489303589,890.8670949935913,4.375960826873779,,,,,,
8789940000.0,105.68,8.600000381469727,6391222784.0,2367.3107969967996,2337.0,0.086669921875,38305792.0,80556.86470627785,0.0008064662106335163,0.0015869140625,2.032268762588501,-0.020403897389769554,0.6426531076431274,-0.020322687923908234,-8.121086284518242e-05,0.0,0.00583189632743597,1.1398776769638062,0.7510824360419324,6.891216278076172,2.0231106281280518,6.897047996520996,2.2847061157226562,6.920933246612549,4.183599233627319,,,,,,
8789940000.0,98.78,8.399999618530273,6391222784.0,2370.1447484494006,2338.0,0.0738525390625,38322176.0,80563.777364254,0.0006660469807684422,0.00201416015625,2.0453028678894043,-0.020959991961717606,0.5554929375648499,-0.02045302838087082,-0.0005069710314273834,0.0,0.07810386270284653,1.0498623847961426,0.7593242966386099,6.795075416564941,1.913199543952942,6.8731794357299805,2.1400129795074463,6.912657976150513,4.1775221824646,,,,,,
8789940000.0,106.32,7.599999904632568,6391222784.0,2384.261448610153,2339.0,0.078125,38338560.0,80570.64909386635,0.0008300567860715091,0.0030517578125,2.0109939575195312,-0.019805964082479477,0.7717939615249634,-0.020109938457608223,0.00030397437512874603,0.0,-0.07562611252069473,1.2381681203842163,0.6812008240123864,6.9371747970581055,1.896464228630066,6.86154842376709,2.1929104328155518,6.871729612350464,4.215951442718506,,,,,,
8789940000.0,111.49,8.100000381469727,6391222784.0,2377.3865070733495,2340.0,0.0836181640625,38354944.0,80577.54069519043,0.0011350995628163218,0.00579833984375,1.9736096858978271,-0.019232140854001045,0.6115819215774536,-0.019736096262931824,0.0005039554089307785,0.0,0.030492156744003296,1.101841688156128,0.7445732622856931,6.830921649932861,1.8729908466339111,6.861413955688477,2.1801483631134033,6.891601324081421,4.207736015319824,,,,,,
8789940000.0,102.29,7.900000095367432,6391222784.0,2279.6953642977282,2341.0,0.081787109375,38371328.0,80584.72762036324,0.0006024600006639957,0.0013427734375,1.9850728511810303,-0.01991564780473709,0.618765115737915,-0.019850727170705795,-6.492063403129578e-05,0.0,-0.02926938235759735,1.1155627965927124,0.7335820116697581,6.85516881942749,1.8280339241027832,6.825899124145508,2.1612868309020996,7.186925172805786,4.200956106185913,,,,,,
8789940000.0,98.33,8.300000190734863,6391222784.0,2376.2099714233677,2342.0,0.0860595703125,38387712.0,80591.62263393402,0.0008502755081281066,0.00518798828125,1.9807677268981934,-0.019974321126937866,0.643869161605835,-0.01980767771601677,-0.00016664713621139526,0.0,-0.000197320943698287,1.1306442022323608,0.7398707024908544,6.913568019866943,1.9316648244857788,6.9133710861206055,2.216824769973755,6.8950135707855225,4.194605112075806,,,,,,
8789940000.0,80.43,7.900000095367432,6391222784.0,2359.5980966770962,2343.0,0.0762939453125,38404096.0,80598.5661892891,0.0015175363514572382,0.0108642578125,1.9801838397979736,-0.02012239769101143,0.7229205369949341,-0.01980183832347393,-0.00032055657356977463,0.0,-0.012322267517447472,1.2013965845108032,0.7128304158783201,6.660902976989746,1.9114254713058472,6.648580551147461,2.2419052124023438,6.9435553550720215,4.1906352043151855,,,,,,
8789940000.0,104.35,8.300000190734863,6391222784.0,2386.198581221912,2344.0,0.0921630859375,38420480.0,80605.43234038353,0.0014148025074973702,0.00921630859375,2.00000262260437,-0.01991434022784233,0.5698367953300476,-0.020000025629997253,8.568353950977325e-05,0.0,0.03349979594349861,1.0654137134552002,0.7626210559028475,6.902278900146484,1.9067541360855103,6.935778617858887,2.1867403984069824,6.8661510944366455,4.19770884513855,,,,,,
8789940000.0,90.71,8.5,6391222784.0,2410.5835503851404,2345.0,0.084228515625,38436864.0,80612.22903490067,0.0009029436623677611,0.00384521484375,2.013425827026367,-0.020464517176151276,0.6430185437202454,-0.020134257152676582,-0.00033025804441422224,0.0,0.04657416790723801,1.1311413049697876,0.7341355691326819,6.944240093231201,1.938550591468811,6.990814208984375,2.193746566772461,6.79669451713562,4.187186241149902,,,,,,
8789940000.0,97.76,8.399999618530273,6391222784.0,2394.780340515824,2346.0,0.0885009765625,38453248.0,80619.07058095932,0.0010635524522513151,0.0054931640625,2.010363817214966,-0.019867319613695145,0.6227995753288269,-0.020103638991713524,0.00023632170632481575,0.0,0.04521038383245468,1.1127198934555054,0.7244622413964734,7.054037094116211,1.8836801052093506,7.099246978759766,2.119800567626953,6.841546058654785,4.202708959579468,,,,,,
8789940000.0,92.11,8.399999618530273,6391222784.0,2382.3898976469386,2347.0,0.0885009765625,38469632.0,80625.94770884514,0.0008728451211936772,0.005126953125,2.0140042304992676,-0.020299112424254417,0.7606320977210999,-0.020140040665864944,-0.00015907594934105873,0.0,-0.11540982127189636,1.2266701459884644,0.718653884951598,7.096702575683594,1.9483293294906616,6.981293201446533,2.3126368522644043,6.8771278858184814,4.192684173583984,,,,,,
8789940000.0,105.73,8.5,6391222784.0,2385.1226610730164,2348.0,0.0762939453125,38486016.0,80632.81695723534,0.0011343463556841016,0.00640869140625,2.0712389945983887,-0.020550590008497238,0.560731053352356,-0.020712386816740036,0.0001617996022105217,0.0,-0.025696566328406334,1.0544980764389038,0.7281018201616023,6.988682270050049,1.7526484727859497,6.962985992431641,2.022287368774414,6.869248390197754,4.199071407318115,,,,,,
8789940000.0,126.88,8.300000190734863,6391222784.0,2399.1978942758446,2349.0,0.0677490234375,38502400.0,80639.64590620995,0.0013103336095809937,0.00799560546875,2.0793979167938232,-0.020827382802963257,0.5178859233856201,-0.0207939762622118,-3.3408403396606445e-05,0.0,-0.019656846299767494,1.0209276676177979,0.7515209714083612,6.87197732925415,1.7720277309417725,6.852320671081543,2.048095226287842,6.828948974609375,4.190723896026611,,,,,,
8789940000.0,97.84,7.300000190734863,6391222784.0,2331.482260837107,2350.0,0.0848388671875,38518784.0,80646.67319536209,0.0014563226141035557,0.0098876953125,2.079211950302124,-0.020622756332159042,0.6476885080337524,-0.020792121067643166,0.00016936659812927246,0.0,-0.05656890943646431,1.136607050895691,0.7356980602159132,6.953437805175781,1.8799022436141968,6.89686918258667,2.2108559608459473,7.027289152145386,4.243132829666138,,,,,,
8789940000.0,117.53,8.300000190734863,6391222784.0,2395.0416661308104,2351.0,0.069580078125,38535168.0,80653.51399493217,0.0009122589835897088,0.00506591796875,2.0954389572143555,-0.020440489053726196,0.5134004950523376,-0.02095438912510872,0.0005139000713825226,0.0,0.011073879897594452,1.0094413757324219,0.7668731035435751,6.642730712890625,1.7935270071029663,6.653804302215576,2.0906660556793213,6.840799570083618,4.200652122497559,,,,,,
8789940000.0,89.87,8.5,6391222784.0,2357.5870947060102,2352.0,0.0738525390625,38551552.0,80660.46347308159,0.0009222454973496497,0.00518798828125,2.1110448837280273,-0.021227434277534485,0.48441141843795776,-0.021110447123646736,-0.00011698715388774872,0.0,0.021102022379636765,0.9844436645507812,0.7846891404263824,6.723480224609375,1.8490235805511475,6.744582176208496,2.121572494506836,6.9494781494140625,4.30272364616394,,,,,,
8789940000.0,119.26,8.100000381469727,6391222784.0,2341.429364105601,2353.0,0.06103515625,38567936.0,80667.46090817451,0.000685257778968662,0.00347900390625,2.10465669631958,-0.021059611812233925,0.5457814335823059,-0.02104656584560871,-1.3045035302639008e-05,0.0,-0.02581154927611351,1.0433986186981201,0.7610334041828963,6.770822525024414,1.874247431755066,6.745011329650879,2.134429693222046,6.997435092926025,4.283196449279785,,,,,,
8789940000.0,112.68,7.900000095367432,6391222784.0,2336.3914070188016,2354.0,0.072021484375,38584320.0,80674.47343182564,0.0009708420257084072,0.006591796875,2.1127359867095947,-0.020172089338302612,0.5529745817184448,-0.021127358078956604,0.0009552687406539917,0.0,-0.04131125658750534,1.0482593774795532,0.7619411598661857,6.827450275421143,1.9027900695800781,6.786139011383057,2.1484575271606445,7.012523651123047,4.340839624404907,,,,,,
8789940000.0,150.54,7.599999904632568,6391222784.0,2396.853482774612,2355.0,0.0616455078125,38600704.0,80681.30906033516,0.001950241974554956,0.01318359375,2.1006829738616943,-0.021049030125141144,0.5721092224121094,-0.021006828173995018,-4.220334812998772e-05,0.0,-0.02587403543293476,1.0689632892608643,0.7362933905682425,6.500945091247559,1.7716093063354492,6.475070953369141,2.081625461578369,6.835628509521484,4.215340614318848,,,,,,
8789940000.0,100.63,8.699999809265137,6391222784.0,2330.4566083615127,2356.0,0.064697265625,38617088.0,80688.33944225311,0.0010402100160717964,0.005126953125,2.10420560836792,-0.021663915365934372,0.41399091482162476,-0.021042056381702423,-0.0006218571215867996,0.0,0.05379312485456467,0.9070748090744019,0.7916299477451926,6.540287017822266,1.7668108940124512,6.594079971313477,1.9871259927749634,7.030381917953491,4.324842691421509,,,,,,
8789940000.0,141.93,7.0,6391222784.0,2347.317939496873,2357.0,0.0469970703125,38633472.0,80695.31932330132,0.0017081534024327993,0.013916015625,2.1007790565490723,-0.02121146395802498,0.5563591122627258,-0.02100778929889202,-0.000203670933842659,0.0,-0.07663266360759735,1.0528795719146729,0.7293934419988111,6.345324516296387,1.727582335472107,6.2686920166015625,2.0239946842193604,6.979881048202515,4.23035192489624,,,,,,
8789940000.0,123.86,8.199999809265137,6391222784.0,2313.3278570691823,2358.0,0.059814453125,38649856.0,80702.40176081657,0.0008801008225418627,0.005615234375,2.1169536113739014,-0.02138657495379448,0.43404412269592285,-0.02116953395307064,-0.0002170400694012642,0.0,0.005641015246510506,0.9340730309486389,0.7891735467821788,6.505709648132324,1.7958742380142212,6.511350631713867,2.0343151092529297,7.082437515258789,4.341115951538086,,,,,,
8789940000.0,121.29,8.5,6391222784.0,2330.542044933274,2359.0,0.0616455078125,38666240.0,80709.43188500404,0.0013609214220196009,0.00946044921875,2.063389301300049,-0.019672436639666557,0.4812137484550476,-0.020633891224861145,0.0009614508599042892,0.0,0.03571399301290512,0.9779195189476013,0.7769257452021152,6.4912943840026855,1.8549425601959229,6.527008533477783,2.0705153942108154,7.030124187469482,4.315875053405762,,,,,,
8789940000.0,122.76,7.900000095367432,6391222784.0,2351.0089499473156,2360.0,0.0640869140625,38682624.0,80716.40080785751,0.001628365134820342,0.012939453125,2.034191846847534,-0.019082318991422653,0.5691201686859131,-0.020341917872428894,0.0012595988810062408,0.0,-0.028935324400663376,1.0652713775634766,0.7587761421226459,6.6161112785339355,1.897766351699829,6.5871758460998535,2.168952465057373,6.968922853469849,4.24871826171875,,,,,,
8789940000.0,98.39,8.300000190734863,6391222784.0,2314.048653108703,2361.0,0.0787353515625,38699008.0,80723.48103928566,0.0012868510093539953,0.00982666015625,2.0117650032043457,-0.02044611983001232,0.4934495687484741,-0.02011764980852604,-0.00032847141847014427,0.0,0.022261276841163635,0.9839053750038147,0.7973736421345734,6.6619977951049805,1.895145058631897,6.684259414672852,2.185774564743042,7.080231428146362,4.266969680786133,,,,,,
8789940000.0,106.31,8.5,6391222784.0,2388.0218502883076,2362.0,0.062255859375,38715392.0,80730.34194803238,0.003023501019924879,0.0264892578125,2.0466203689575195,-0.020039618015289307,0.5239028930664062,-0.02046620473265648,0.000426584854722023,0.0,0.0146714448928833,1.0214402675628662,0.7534355632283618,6.488686561584473,1.8367583751678467,6.503357887268066,2.0570619106292725,6.86090874671936,4.197716236114502,,,,,,
8789940000.0,123.96,8.5,6391222784.0,2315.6410117163837,2363.0,0.0665283203125,38731776.0,80737.41731071472,0.002380705438554287,0.0166015625,2.0099081993103027,-0.019493797793984413,0.47168225049972534,-0.020099082961678505,0.000605281675234437,0.0,0.04462080076336861,0.9720867872238159,0.7708150367486706,6.567112445831299,1.8207688331604004,6.611733436584473,2.0305428504943848,7.075362682342529,4.431418418884277,,,,,,
8789940000.0,132.48,8.199999809265137,6391222784.0,2428.0977689915208,2364.0,0.059814453125,38748160.0,80744.16497969627,0.0018646438838914037,0.0126953125,2.0216622352600098,-0.019749822095036507,0.43012917041778564,-0.020216623321175575,0.0004668012261390686,0.0,-0.028107628226280212,0.9269575476646423,0.7896109930672844,6.443390846252441,1.7864704132080078,6.415283203125,2.02091646194458,6.747668981552124,4.194241046905518,,,,,,
8789940000.0,146.19,7.900000095367432,6391222784.0,2283.620013768951,2365.0,0.0634765625,38764544.0,80751.33955335617,0.0021102987229824066,0.0196533203125,2.0019447803497314,-0.019834555685520172,0.5058231353759766,-0.020019445568323135,0.00018488802015781403,0.0,-0.03867202252149582,1.0048164129257202,0.7537059126266812,6.613726615905762,1.7635371685028076,6.575054168701172,2.0246946811676025,7.174573659896851,4.405137300491333,,,,,,
8789940000.0,112.62,8.600000381469727,6391222784.0,2335.9218822615703,2366.0,0.0634765625,38780928.0,80758.35348653793,0.0016287068137899041,0.01153564453125,2.0039172172546387,-0.020408732816576958,0.48530685901641846,-0.02003917098045349,-0.0003695618361234665,0.0,0.0533306747674942,0.982829749584198,0.7501118299235355,6.543736934661865,1.7472048997879028,6.597067356109619,1.966098427772522,7.013933181762695,4.412765264511108,,,,,,
8789940000.0,155.33,8.0,6391222784.0,2316.4932587914823,2367.0,0.0531005859375,38797312.0,80765.42624616623,0.0011730624828487635,0.0087890625,2.0057880878448486,-0.020077042281627655,0.4733295738697052,-0.020057883113622665,-1.9161030650138855e-05,0.0,-0.009437745437026024,0.9708320498466492,0.7391638284756675,6.303341388702393,1.664032220840454,6.293903827667236,1.900904655456543,7.072759628295898,4.343985319137573,,,,,,
,,,,,,,,,,,,,,,,,,,,,,,,,,0.020305827260017395,0.597851574420929,0.5552983283996582,0.020305827260017395,0.597851574420929,0.5552983283996582
,,,,,,,,,,,,,,,,,,,,,,,,,,0.01887403056025505,0.5446212887763977,0.5199217200279236,0.01887403056025505,0.5446212887763977,0.5199217200279236
,,,,,,,,,,,,,,,,,,,,,,,,,,0.018022650852799416,0.5165507197380066,0.4965260624885559,0.018022650852799416,0.5165507197380066,0.4965260624885559
,,,,,,,,,,,,,,,,,,,,,,,,,,0.01779688335955143,0.49604251980781555,0.4771593511104584,0.01779688335955143,0.49604251980781555,0.4771593511104584
,,,,,,,,,,,,,,,,,,,,,,,,,,0.01816008798778057,0.4763924777507782,0.45799514651298523,0.01816008798778057,0.4763924777507782,0.45799514651298523
,,,,,,,,,,,,,,,,,,,,,,,,,,0.01834321953356266,0.46045780181884766,0.44087252020835876,0.01834321953356266,0.46045780181884766,0.44087252020835876
8789940000.0,132.98,7.699999809265137,6188634112.0,18.375349729862254,2368.0,0.054931640625,38813696.0,81657.0555343628,0.0009118510643020272,0.00360107421875,2.0216763019561768,-0.019431380555033684,0.5192775726318359,-0.02021676115691662,0.0007853792048990726,0.0,-0.02357420325279236,1.0156211853027344,0.7519640432618173,6.41940975189209,1.7626668214797974,6.395835876464844,2.039269208908081,891.6292881965637,4.20023250579834,,,,,,
8789940000.0,102.61,8.399999618530273,6391222784.0,2377.6595982769586,2369.0,0.068359375,38830080.0,81663.94634413719,0.0015960598830133677,0.00885009765625,2.0461387634277344,-0.019726360216736794,0.48514074087142944,-0.02046138606965542,0.0007350249215960503,0.0,-0.01808442547917366,0.985575795173645,0.7756716146411639,6.472286224365234,1.8729143142700195,6.454201698303223,2.0808839797973633,6.890809774398804,4.196618556976318,,,,,,
8789940000.0,132.52,8.199999809265137,6391222784.0,2383.965749450369,2370.0,0.064697265625,38846464.0,81670.81892609596,0.0013206502189859748,0.0084228515625,2.023711681365967,-0.019407805055379868,0.4947570562362671,-0.020237114280462265,0.0008293110877275467,0.0,-0.029244767501950264,0.9922635555267334,0.7880077351781742,6.530590534210205,1.8896280527114868,6.501345634460449,2.155097484588623,6.872581958770752,4.181729316711426,,,,,,
8789940000.0,131.7,8.600000381469727,6391222784.0,2339.7079876475277,2371.0,0.064697265625,38862848.0,81677.82150936127,0.0010991322342306376,0.00775146484375,2.0400965213775635,-0.020251717418432236,0.428302526473999,-0.020400963723659515,0.00014924630522727966,0.0,0.01392318680882454,0.9246334433555603,0.8046817928994958,6.420248985290527,1.8848621845245361,6.4341721534729,2.092176914215088,7.002583265304565,4.199249982833862,,,,,,
8789940000.0,113.13,7.599999904632568,6391222784.0,2385.061485944186,2372.0,0.0616455078125,38879232.0,81684.6909339428,0.0013137621572241187,0.00689697265625,2.0126423835754395,-0.01987847127020359,0.6777074337005615,-0.020126424729824066,0.0002479501999914646,0.0,-0.08727584779262543,1.1604994535446167,0.7088896305322053,6.489992141723633,1.8580143451690674,6.402716636657715,2.1508800983428955,6.86942458152771,4.198267459869385,,,,,,
8789940000.0,123.99,8.0,6391222784.0,2359.173786331107,2373.0,0.05859375,38895616.0,81691.63573813438,0.001068565179593861,0.0068359375,2.0341010093688965,-0.02013973891735077,0.4783206582069397,-0.02034100890159607,0.00020126858726143837,0.0,0.0298483707010746,0.9778015613555908,0.7728216372924853,6.381552696228027,1.7985243797302246,6.41140079498291,2.0514793395996094,6.9448041915893555,4.193470478057861,,,,,,
8789940000.0,133.19,8.300000190734863,6391222784.0,2344.687871149822,2374.0,0.0823974609375,38912000.0,81698.6234486103,0.0010535644832998514,0.00775146484375,1.9968373775482178,-0.019924206659197807,0.5577753186225891,-0.019968373700976372,4.4168904423713684e-05,0.0,0.06546536087989807,1.0548287630081177,0.7567976846643998,6.649120330810547,1.8575637340545654,6.714585304260254,2.1389386653900146,6.987710475921631,4.18437647819519,,,,,,
8789940000.0,97.58,7.300000190734863,6391222784.0,2394.3294354802742,2375.0,0.076904296875,38928384.0,81705.46628308296,0.0009296297794207931,0.0042724609375,1.998025894165039,-0.01948077604174614,0.6679970622062683,-0.019980257377028465,0.000499481800943613,0.0,-0.07649372518062592,1.1544067859649658,0.7408257149984075,6.651224613189697,1.9175258874893188,6.57473087310791,2.2675812244415283,6.84283447265625,4.20155930519104,,,,,,
8789940000.0,110.18,7.699999809265137,6391222784.0,2390.952886039888,2376.0,0.0689697265625,38944768.0,81712.31878113747,0.001482565188780427,0.01214599609375,2.0068752765655518,-0.020093504339456558,0.5860328674316406,-0.020068753510713577,-2.4753157049417496e-05,0.0,-0.01338251307606697,1.0828803777694702,0.7565335173646133,6.55136775970459,1.917454719543457,6.537984848022461,2.1946280002593994,6.8524980545043945,4.19449257850647,,,,,,
8789940000.0,112.68,8.300000190734863,6391222784.0,2405.744449530356,2377.0,0.0762939453125,38961152.0,81719.12914705276,0.000824682239908725,0.00372314453125,2.0080621242523193,-0.020185308530926704,0.4968111217021942,-0.020080620422959328,-0.00010468857362866402,0.0,0.03810868412256241,0.9972221255302429,0.7907417061263182,6.658817291259766,1.9407002925872803,6.696926116943359,2.179969072341919,6.810365915298462,4.211144208908081,,,,,,
8789940000.0,107.82,7.699999809265137,6391222784.0,2364.994888516073,2378.0,0.0787353515625,38977536.0,81726.0568575859,0.0007278990815393627,0.0029296875,1.9529049396514893,-0.018645435571670532,0.7110873460769653,-0.01952904835343361,0.0008836127817630768,0.0,-0.054136697202920914,1.191141963005066,0.726182071693918,6.77447509765625,1.9834601879119873,6.720338821411133,2.2763161659240723,6.92771053314209,4.204275608062744,,,,,,
8789940000.0,142.97,8.100000381469727,6391222784.0,2386.0651876445186,2379.0,0.0732421875,38993920.0,81732.92339253426,0.0011932055931538343,0.00665283203125,1.9774768352508545,-0.01920049451291561,0.5794612169265747,-0.019774768501520157,0.0005742739886045456,0.0,0.023114118725061417,1.071588397026062,0.7536251276461627,6.696110248565674,1.875218152999878,6.719224452972412,2.158886671066284,6.866534948348999,4.205739259719849,,,,,,
8789940000.0,99.22,8.399999618530273,6391222784.0,2379.1567090999006,2380.0,0.084228515625,39010304.0,81739.80986618996,0.0009153815917670727,0.00537109375,1.9886970520019531,-0.01979585364460945,0.6325400471687317,-0.019886968657374382,9.11136157810688e-05,0.0,0.06148330494761467,1.124149203300476,0.7381909427009609,6.797317981719971,1.9380382299423218,6.858801364898682,2.197007417678833,6.886473655700684,4.1929967403411865,,,,,,
8789940000.0,95.31,8.300000190734863,6391222784.0,2375.5946286539133,2381.0,0.0762939453125,39026688.0,81746.70666575432,0.0014160043792799115,0.01116943359375,2.019580364227295,-0.019631799310445786,0.588202714920044,-0.02019580453634262,0.0005640026647597551,0.0,0.04269365966320038,1.084841251373291,0.7433109314051163,6.780008316040039,1.9156743288040161,6.822701454162598,2.1412248611450195,6.896799564361572,4.186169147491455,,,,,,
8789940000.0,110.16,7.300000190734863,6391222784.0,2385.4684961460957,2382.0,0.078125,39043072.0,81753.57491827011,0.000903180509340018,0.00421142578125,1.9748321771621704,-0.019905060529708862,0.7355884313583374,-0.019748320803046227,-0.0001567387953400612,0.0,-0.058340124785900116,1.2078434228897095,0.7124091946873172,6.787111282348633,1.891955852508545,6.728771209716797,2.252284288406372,6.868252515792847,4.195848703384399,,,,,,
8789940000.0,85.18,7.900000095367432,6391222784.0,2346.363068100668,2383.0,0.0860595703125,39059456.0,81760.55763983727,0.0006272871978580952,0.00213623046875,2.006587505340576,-0.01994027942419052,0.6420654058456421,-0.020065875723958015,0.00012559443712234497,0.0,0.03392784669995308,1.1335099935531616,0.721940366829169,6.770878791809082,1.8118486404418945,6.804806709289551,2.1495933532714844,6.982721567153931,4.200136661529541,,,,,,
8789940000.0,104.22,7.400000095367432,6391222784.0,2389.977901091653,2384.0,0.062255859375,39075840.0,81767.41293334961,0.000845594797283411,0.00439453125,2.032360553741455,-0.020257463678717613,0.57810378074646,-0.020323604345321655,6.614252924919128e-05,0.0,-0.059933923184871674,1.0722990036010742,0.7305791307130483,6.560935020446777,1.7359436750411987,6.501000881195068,2.065856695175171,6.85529351234436,4.248837232589722,,,,,,
8789940000.0,85.82,8.300000190734863,6391222784.0,2385.843836929943,2385.0,0.0787353515625,39092224.0,81774.2801053524,0.0009405912715010345,0.00640869140625,2.0201916694641113,-0.019327405840158463,0.6810703873634338,-0.0202019140124321,0.0008745081722736359,0.0,0.007097743451595306,1.1632119417190552,0.7014382534859247,6.745087623596191,1.8092820644378662,6.752184867858887,2.128833532333374,6.867172002792358,4.291914939880371,,,,,,
8789940000.0,89.68,8.899999618530273,6391222784.0,2385.0464202912076,2386.0,0.087890625,39108608.0,81781.14957332611,0.0005265576182864606,0.00177001953125,2.0272154808044434,-0.019903108477592468,0.6383829116821289,-0.020272156223654747,0.00036904914304614067,0.0,0.06314070522785187,1.1281018257141113,0.7435063944792168,6.81573486328125,1.9774011373519897,6.878875732421875,2.2274608612060547,6.8694679737091064,4.200778484344482,,,,,,
8789940000.0,105.74,7.400000095367432,6391222784.0,2404.801378446006,2387.0,0.0848388671875,39124992.0,81787.96261000633,0.00097669439855963,0.00433349609375,1.979396104812622,-0.019519364461302757,0.6902148723602295,-0.019793961197137833,0.0002745985984802246,0.0,-0.07030215114355087,1.1738109588623047,0.7477955166029846,6.802048206329346,1.975955605506897,6.731746196746826,2.337338924407959,6.813036680221558,4.19835901260376,,,,,,
8789940000.0,92.86,8.399999618530273,6391222784.0,2332.1743665206895,2388.0,0.0872802734375,39141376.0,81794.98781371117,0.0018356672953814268,0.0147705078125,1.9842607975006104,-0.019555307924747467,0.5818823575973511,-0.019842607900500298,0.00028730276972055435,0.0,0.05280797928571701,1.079237461090088,0.7489194058146964,6.85026741027832,1.8863588571548462,6.903075695037842,2.153825521469116,7.025203704833984,4.199899196624756,,,,,,
8789940000.0,115.41,7.800000190734863,6391222784.0,2391.193990012444,2389.0,0.07568359375,39157760.0,81801.83962082863,0.001132011180743575,0.00714111328125,1.9751718044281006,-0.019832488149404526,0.7373802065849304,-0.019751720130443573,-8.07708129286766e-05,0.0,-0.00650880066677928,1.215790867805481,0.6821401260827407,6.838566303253174,1.8883169889450073,6.832057476043701,2.1564579010009766,6.851807117462158,4.204216718673706,,,,,,
8789940000.0,99.4,8.600000381469727,6391222784.0,2374.4403760766263,2390.0,0.0799560546875,39174144.0,81808.73977303505,0.0008426140993833542,0.00433349609375,2.0160207748413086,-0.019988957792520523,0.5451574921607971,-0.02016020566225052,0.0001712515950202942,0.0,0.07879255712032318,1.0410345792770386,0.7479858642022318,6.627614498138428,1.8172451257705688,6.706406593322754,2.0737316608428955,6.900152206420898,4.202722787857056,,,,,,
8789940000.0,87.1,7.699999809265137,6391222784.0,2409.067668498687,2391.0,0.0897216796875,39190528.0,81815.54074430466,0.0011619958095252514,0.007568359375,1.9704235792160034,-0.01893916167318821,0.7184536457061768,-0.01970423385500908,0.0007650728803128004,0.0,0.06617864221334457,1.1985666751861572,0.7211206208586411,6.858485221862793,1.9465465545654297,6.924663543701172,2.2696235179901123,6.800971269607544,4.194824934005737,,,,,,
8789940000.0,89.21,7.5,6391222784.0,2400.133975995753,2392.0,0.093994140625,39206912.0,81822.36702990532,0.0012829559855163097,0.009033203125,1.9753930568695068,-0.018910100683569908,0.7653025984764099,-0.01975392922759056,0.0008438328513875604,0.0,-0.08410083502531052,1.2356841564178467,0.7130405518931578,7.093249320983887,1.9334250688552856,7.009148597717285,2.306732177734375,6.8262856006622314,4.204601049423218,,,,,,
8789940000.0,82.73,8.699999809265137,6391222784.0,2400.655753474532,2393.0,0.08056640625,39223296.0,81829.19183182716,0.0016834128182381392,0.0118408203125,1.9651951789855957,-0.018163949251174927,0.5307881236076355,-0.019651951268315315,0.001488002948462963,0.0,0.04782450199127197,1.025580644607544,0.7604729105590875,6.908221244812012,1.8460685014724731,6.956046104431152,2.0955240726470947,6.824801921844482,4.234453439712524,,,,,,
8789940000.0,85.02,8.300000190734863,6391222784.0,2370.3410383800874,2394.0,0.086669921875,39239680.0,81836.1039173603,0.0011630490189418197,0.0078125,1.9440101385116577,-0.01931881532073021,0.6213287711143494,-0.019440103322267532,0.000121288001537323,0.0,-0.014944558963179588,1.1128768920898438,0.7550287737850072,6.868964195251465,1.9470974206924438,6.854019641876221,2.2484827041625977,6.91208553314209,4.210021257400513,,,,,,
8789940000.0,79.45,7.599999904632568,6391222784.0,2384.938069086407,2395.0,0.0738525390625,39256064.0,81842.97369742393,0.0017991745844483376,0.01483154296875,2.007878065109253,-0.01945428177714348,0.6303560733795166,-0.020078781992197037,0.0006245002150535583,0.0,-0.06523878872394562,1.120976448059082,0.7343194453659261,6.823923110961914,1.8500351905822754,6.7586846351623535,2.1747872829437256,6.86978006362915,4.237945079803467,,,,,,
8789940000.0,110.85,7.900000095367432,6391222784.0,2372.1503812573837,2396.0,0.0616455078125,39272448.0,81849.88051080704,0.0014834465691819787,0.00933837890625,2.0786142349243164,-0.02012152224779129,0.5656102895736694,-0.020786143839359283,0.0006646150723099709,0.0,-0.03943318501114845,1.0587399005889893,0.7187752338754447,6.626248359680176,1.7300703525543213,6.586815357208252,1.9964696168899536,6.906813383102417,4.1931726932525635,,,,,,
8789940000.0,110.03,7.5,6391222784.0,2330.597214521712,2397.0,0.0604248046875,39288832.0,81856.91046857834,0.0010530026629567146,0.006103515625,2.0978915691375732,-0.021031491458415985,0.4909709692001343,-0.020978916436433792,-5.257502198219299e-05,0.0,-0.069781593978405,0.9915385842323303,0.768111260813055,6.5533037185668945,1.7347264289855957,6.483521461486816,2.0590620040893555,7.0299577713012695,4.311561822891235,,,,,,
8789940000.0,113.24,7.800000190734863,6391222784.0,2373.293064036196,2398.0,0.069580078125,39305216.0,81863.8139564991,0.0008745649829506874,0.00341796875,2.041999340057373,-0.02066340669989586,0.6138089895248413,-0.020419994369149208,-0.0002434132620692253,0.0,-0.01942991465330124,1.1069704294204712,0.7378425554733165,6.409469127655029,1.830926537513733,6.390039443969727,2.161996364593506,6.903487920761108,4.190588712692261,,,,,,
8789940000.0,99.45,8.0,6391222784.0,2381.006187059812,2399.0,0.0714111328125,39321600.0,81870.69508099556,0.0013585994020104408,0.00860595703125,2.047612190246582,-0.02013668417930603,0.5645785927772522,-0.020476119592785835,0.00033943355083465576,0.0,0.01258152350783348,1.0617337226867676,0.7588099723012038,6.450156211853027,1.871032476425171,6.462737560272217,2.1619017124176025,6.881124496459961,4.191551446914673,,,,,,
,,,,,,,,,,,,,,,,,,,,,,,,,,0.020821940153837204,0.6287612915039062,0.5850992202758789,0.020821940153837204,0.6287612915039062,0.5850992202758789
,,,,,,,,,,,,,,,,,,,,,,,,,,0.020326459780335426,0.5759124755859375,0.5468248128890991,0.020326459780335426,0.5759124755859375,0.5468248128890991
,,,,,,,,,,,,,,,,,,,,,,,,,,0.01935821957886219,0.5486323833465576,0.5228947401046753,0.01935821957886219,0.5486323833465576,0.5228947401046753
,,,,,,,,,,,,,,,,,,,,,,,,,,0.019684990867972374,0.5273351073265076,0.5006017088890076,0.019684990867972374,0.5273351073265076,0.5006017088890076
,,,,,,,,,,,,,,,,,,,,,,,,,,0.01944117248058319,0.5059425234794617,0.48225149512290955,0.01944117248058319,0.5059425234794617,0.48225149512290955
,,,,,,,,,,,,,,,,,,,,,,,,,,0.019567027688026428,0.4894782304763794,0.4663393497467041,0.019567027688026428,0.4894782304763794,0.4663393497467041
8789940000.0,97.01,8.100000381469727,6188634112.0,18.37846848716372,2400.0,0.0823974609375,39337984.0,82762.17306303978,0.000976883340626955,0.005126953125,1.9688913822174072,-0.020063264295458794,0.7890082597732544,-0.019688913598656654,-0.0003743516281247139,0.0,0.0071426331996917725,1.255232572555542,0.6862430425020427,6.723877429962158,1.923856496810913,6.731020450592041,2.24092698097229,891.47798204422,4.202911615371704,,,,,,
8789940000.0,91.47,8.399999618530273,6391222784.0,2429.815446332775,2401.0,0.07568359375,39354368.0,82768.91596198082,0.001029421342536807,0.00390625,2.0367698669433594,-0.02018621750175953,0.573673665523529,-0.0203676987439394,0.00018148217350244522,0.0,0.034536659717559814,1.0686886310577393,0.7514661683550579,6.706467628479004,1.8971980810165405,6.74100399017334,2.1436715126037598,6.742898941040039,4.17236852645874,,,,,,
8789940000.0,115.71,8.5,6391222784.0,2414.143529724632,2402.0,0.0787353515625,39370752.0,82775.70263385773,0.0012974194251000881,0.007568359375,1.9878125190734863,-0.020512230694293976,0.6187538504600525,-0.019878124818205833,-0.0006341058760881424,0.0,0.023905761539936066,1.1137079000473022,0.7357590258699468,6.858364105224609,1.857498288154602,6.882269859313965,2.16656231880188,6.786671876907349,4.192292928695679,,,,,,
8789940000.0,84.86,8.600000381469727,6391222784.0,2391.0339973733917,2403.0,0.084228515625,39387136.0,82782.55489945412,0.0014445552369579673,0.00732421875,1.948121190071106,-0.01947442628443241,0.5796173214912415,-0.01948121190071106,6.787478923797607e-06,0.0,0.06137995794415474,1.07267165184021,0.7333774350601062,6.836143493652344,1.826532006263733,6.897523403167725,2.0773916244506836,6.8522655963897705,4.20865535736084,,,,,,
8789940000.0,109.77,8.399999618530273,6391222784.0,2382.1570067650377,2404.0,0.0848388671875,39403520.0,82789.43269968033,0.0014383100206032395,0.00787353515625,1.958747148513794,-0.019721388816833496,0.6006409525871277,-0.019587472081184387,-0.00013391859829425812,0.0,0.030908439308404922,1.0945199728012085,0.7288584639184853,6.863056659698486,1.820493459701538,6.893965244293213,2.101966142654419,6.877800226211548,4.185790538787842,,,,,,
8789940000.0,100.76,8.300000190734863,6391222784.0,2345.705272995818,2405.0,0.0787353515625,39419904.0,82796.41737937927,0.001110370852984488,0.0054931640625,1.9421112537384033,-0.019490495324134827,0.6111030578613281,-0.019421111792325974,-6.93837646394968e-05,0.0,-0.016167759895324707,1.1043546199798584,0.7209803162054564,6.829919815063477,1.8153337240219116,6.813752174377441,2.0906975269317627,6.984679698944092,4.196972846984863,,,,,,
8789940000.0,137.87,8.100000381469727,6391222784.0,2389.8891317399202,2406.0,0.084228515625,39436288.0,82803.27292752266,0.0008797139162197709,0.0064697265625,1.9783015251159668,-0.019131312146782875,0.733558177947998,-0.019783014431595802,0.0006517018191516399,0.0,-0.04260186851024628,1.2086182832717896,0.6898170729441153,7.015393257141113,1.8289227485656738,6.97279167175293,2.170102834701538,6.855548143386841,4.1862335205078125,,,,,,
8789940000.0,106.21,8.399999618530273,6391222784.0,2356.9606629118953,2407.0,0.0836181640625,39452672.0,82810.2242527008,0.0014586430042982101,0.0103759765625,1.9547830820083618,-0.019359435886144638,0.6271879076957703,-0.019547831267118454,0.00018839258700609207,0.0,0.056646525859832764,1.1175460815429688,0.7029107183137209,6.965844631195068,1.809882640838623,7.022490978240967,2.050320863723755,6.951325178146362,4.189485788345337,,,,,,
8789940000.0,91.58,8.800000190734863,6391222784.0,2393.913808762244,2408.0,0.08056640625,39469056.0,82817.06827521324,0.0012500446755439043,0.00970458984375,1.9685264825820923,-0.019732505083084106,0.6308892965316772,-0.01968526467680931,-4.7238077968358994e-05,0.0,0.062009815126657486,1.1216199398040771,0.7133885805954732,6.853725433349609,1.8250635862350464,6.915735244750977,2.0950727462768555,6.844022512435913,4.193848371505737,,,,,,
8789940000.0,100.57,7.099999904632568,6391222784.0,2392.2571576273444,2409.0,0.0787353515625,39485440.0,82823.91703724861,0.0009273017640225589,0.00390625,1.9938966035842896,-0.019889719784259796,0.7851154208183289,-0.019938964396715164,4.924647510051727e-05,0.0,-0.13645243644714355,1.2494864463806152,0.7042980906784528,6.761256217956543,1.8816214799880981,6.62480354309082,2.2977585792541504,6.848762035369873,4.192259073257446,,,,,,
8789940000.0,104.7,7.300000190734863,6391222784.0,2359.4585872036714,2410.0,0.068359375,39501824.0,82830.86100316048,0.0010975197656080127,0.00482177734375,1.9465649127960205,-0.019768716767430305,0.6982202529907227,-0.019465647637844086,-0.000303070992231369,0.0,-0.06577136367559433,1.1802436113357544,0.6970736943927903,6.555570125579834,1.7690662145614624,6.4897990226745605,2.144388437271118,6.943965911865234,4.2035558223724365,,,,,,
8789940000.0,113.28,7.900000095367432,6391222784.0,2325.575571172241,2411.0,0.0848388671875,39518208.0,82837.90614080429,0.0010924767702817917,0.00738525390625,1.9416368007659912,-0.019052084535360336,0.6093057990074158,-0.01941636949777603,0.0003642849624156952,0.0,0.07961784303188324,1.1018638610839844,0.7334525312003698,6.78194522857666,1.8317254781723022,6.861563682556152,2.134228467941284,7.045137643814087,4.196229457855225,,,,,,
8789940000.0,111.51,8.600000381469727,6391222784.0,2357.455020654132,2412.0,0.084228515625,39534592.0,82844.85600829124,0.0013351908419281244,0.00787353515625,1.9515647888183594,-0.01881328597664833,0.6243407130241394,-0.01951564848423004,0.00070236437022686,0.0,0.06647346913814545,1.1132560968399048,0.7235093787386062,6.8000617027282715,1.8556389808654785,6.86653470993042,2.117164373397827,6.949867486953735,4.207760572433472,,,,,,
8789940000.0,115.99,8.800000190734863,6391222784.0,2439.760212064777,2413.0,0.0811767578125,39550976.0,82851.57142233849,0.0005487429443746805,0.001708984375,1.9788261651992798,-0.0195746049284935,0.509356677532196,-0.019788261502981186,0.0002136554103344679,0.0,0.08822283148765564,1.0045945644378662,0.7646701981267956,6.87825870513916,1.8641399145126343,6.966481685638428,2.0708680152893066,6.715414047241211,4.194992303848267,,,,,,
8789940000.0,100.56,7.199999809265137,6391222784.0,2364.7385321868073,2414.0,0.0787353515625,39567360.0,82858.49988389015,0.000594888930208981,0.00335693359375,1.9721598625183105,-0.02001437172293663,0.6736060380935669,-0.01972159743309021,-0.0002927742898464203,0.0,-0.0925801545381546,1.1577993631362915,0.727640191406694,6.937039852142334,1.899464726448059,6.8444600105285645,2.218512773513794,6.92846155166626,4.186762809753418,,,,,,
8789940000.0,98.65,7.900000095367432,6391222784.0,2407.5363164659116,2415.0,0.0799560546875,39583744.0,82865.30518102646,0.0007681457791477442,0.00421142578125,1.993306040763855,-0.01981215551495552,0.6006156802177429,-0.019933059811592102,0.00012090522795915604,0.0,-0.009904107078909874,1.0966556072235107,0.7337675502405607,6.957787036895752,1.7921243906021118,6.947882652282715,2.125394821166992,6.805297136306763,4.195887327194214,,,,,,
8789940000.0,85.47,8.0,6391222784.0,2361.461748255127,2416.0,0.0836181640625,39600128.0,82872.24325656891,0.0012552030384540558,0.00616455078125,2.0271613597869873,-0.020163435488939285,0.6095060706138611,-0.020271610468626022,0.00010817218571901321,0.0,-0.018200714141130447,1.0986639261245728,0.7373258402723537,6.870805740356445,1.8459272384643555,6.85260534286499,2.1436619758605957,6.938075542449951,4.188119649887085,,,,,,
8789940000.0,107.44,7.699999809265137,6391222784.0,2380.5279621673308,2417.0,0.0811767578125,39616512.0,82879.12576341629,0.0012125982902944088,0.008056640625,2.0607707500457764,-0.020333725959062576,0.6595683693885803,-0.020607704296708107,0.0002739783376455307,0.0,-0.03687776252627373,1.1496953964233398,0.715247734074422,6.821749210357666,1.8830634355545044,6.7848711013793945,2.154512882232666,6.882506847381592,4.190443992614746,,,,,,
8789940000.0,106.65,8.300000190734863,6391222784.0,2380.6989232347973,2418.0,0.074462890625,39632896.0,82886.00777602196,0.0017325737280771136,0.01361083984375,2.0551774501800537,-0.02030479907989502,0.5802687406539917,-0.02055177465081215,0.0002469746395945549,0.0,-0.0012674881145358086,1.076751708984375,0.7352105202852224,6.7273406982421875,1.7856483459472656,6.726073741912842,2.092499017715454,6.882012605667114,4.195545196533203,,,,,,
8789940000.0,105.0,8.199999809265137,6391222784.0,2354.975861176543,2419.0,0.0592041015625,39649280.0,82892.96495985985,0.0015229261480271816,0.01226806640625,2.079322576522827,-0.02053774893283844,0.5465108752250671,-0.02079322375357151,0.0002554748207330704,0.0,-0.0442359484732151,1.0432425737380981,0.7536655543518709,6.699984073638916,1.833106517791748,6.655747890472412,2.101952314376831,6.957183837890625,4.186935663223267,,,,,,
8789940000.0,125.02,8.100000381469727,6391222784.0,2364.907151427686,2420.0,0.0665283203125,39665664.0,82899.89292740822,0.0010716271353885531,0.006591796875,2.109133720397949,-0.021531695500016212,0.47411060333251953,-0.021091336384415627,-0.00044036097824573517,0.0,-0.024944234639406204,0.9701139330863953,0.7654829138568753,6.555502891540527,1.7834062576293945,6.530558109283447,2.003251314163208,6.927967548370361,4.17553186416626,,,,,,
8789940000.0,118.06,7.400000095367432,6391222784.0,2382.7544385033857,2421.0,0.052490234375,39682048.0,82906.76900315285,0.0013137419009581208,0.00830078125,2.123227596282959,-0.02111034095287323,0.512403666973114,-0.021232275292277336,0.00012193433940410614,0.0,-0.10773588716983795,1.011391520500183,0.733870064303269,6.390379905700684,1.662985920906067,6.282644271850586,1.9605257511138916,6.876075744628906,4.19462251663208,,,,,,
8789940000.0,163.52,7.800000190734863,6391222784.0,2370.255765582403,2422.0,0.0640869140625,39698432.0,82913.68133735657,0.0011155973188579082,0.00482177734375,2.077159881591797,-0.021367838606238365,0.5094931125640869,-0.02077159844338894,-0.0005962427239865065,0.0,-0.011060918681323528,1.0060060024261475,0.7637493354693007,6.3670854568481445,1.760754942893982,6.356024742126465,2.0697317123413086,6.912334203720093,4.223034143447876,,,,,,
8789940000.0,112.14,8.0,6391222784.0,2409.855624842939,2423.0,0.0732421875,39714816.0,82920.48008489609,0.0016251549823209643,0.00836181640625,2.043846607208252,-0.020848728716373444,0.5912633538246155,-0.020438464358448982,-0.0004102615639567375,0.0,0.01253866869956255,1.0895991325378418,0.7625795110585859,6.481888771057129,1.9059404134750366,6.494427680969238,2.236185073852539,6.798747539520264,4.190080881118774,,,,,,
8789940000.0,120.48,7.400000095367432,6391222784.0,2338.177673867052,2424.0,0.067138671875,39731200.0,82927.48725128174,0.0015686218393966556,0.0087890625,2.0428919792175293,-0.02038750797510147,0.6610131859779358,-0.020428922027349472,4.141218960285187e-05,0.0,-0.04993433132767677,1.1490483283996582,0.7291141209767906,6.412610054016113,1.922502040863037,6.362675189971924,2.207726240158081,7.007166385650635,4.206507205963135,,,,,,
8789940000.0,117.48,7.599999904632568,6391222784.0,2355.405282783776,2425.0,0.0604248046875,39747584.0,82934.44316673279,0.0013704202137887478,0.01007080078125,2.0325326919555664,-0.020534049719572067,0.5460744500160217,-0.020325325429439545,-0.000208722660318017,0.0,-0.016041092574596405,1.046235203742981,0.7551577783169298,6.109968662261963,1.8198659420013428,6.093927383422852,2.1143953800201416,6.955915451049805,4.193212270736694,,,,,,
8789940000.0,119.83,8.199999809265137,6391222784.0,2372.7261728502053,2426.0,0.059814453125,39763968.0,82941.34830403328,0.0008034254424273968,0.003662109375,2.0653586387634277,-0.020337235182523727,0.48441705107688904,-0.020653584972023964,0.0003163432702422142,0.0,0.021350625902414322,0.9817426204681396,0.7785651325322115,6.1185503005981445,1.8261092901229858,6.1399006843566895,2.086289644241333,6.905137300491333,4.192657709121704,,,,,,
8789940000.0,124.22,8.300000190734863,6391222784.0,2330.0152200112943,2427.0,0.06591796875,39780352.0,82948.38001775742,0.0016916628228500485,0.01300048828125,2.0764639377593994,-0.020890891551971436,0.46372851729393005,-0.02076464332640171,-0.00012625008821487427,0.0,0.03839357942342758,0.9636214971542358,0.8110540358056697,6.158339977264404,1.9612568616867065,6.196733474731445,2.2168562412261963,7.0317137241363525,4.212702751159668,,,,,,
8789940000.0,145.71,7.5,6391222784.0,2337.402256113755,2428.0,0.0531005859375,39796736.0,82955.38950872421,0.0015159212052822113,0.00848388671875,2.0577280521392822,-0.02088107541203499,0.5571413040161133,-0.020577281713485718,-0.0003037974238395691,0.0,-0.004138697870075703,1.0546633005142212,0.7636110202597248,6.137922286987305,1.9096670150756836,6.133783340454102,2.169201135635376,7.009490966796875,4.208529949188232,,,,,,
8789940000.0,99.91,8.600000381469727,6391222784.0,2365.064887522274,2429.0,0.081787109375,39813120.0,82962.31701421738,0.0009421094437129796,0.006591796875,1.9858604669570923,-0.019379984587430954,0.61345374584198,-0.019858604297041893,0.0004786205245181918,0.0,0.020664691925048828,1.1092265844345093,0.7753801505529536,6.580832481384277,2.048419952392578,6.601497173309326,2.3404338359832764,6.9275054931640625,4.191094160079956,,,,,,
8789940000.0,98.79,8.199999809265137,6391222784.0,2368.92661421757,2430.0,0.074462890625,39829504.0,82969.23322677612,0.0010977538768202066,0.0072021484375,1.9938446283340454,-0.01926562562584877,0.6258141994476318,-0.019938446581363678,0.0006728228181600571,0.0,0.0365951843559742,1.1209155321121216,0.7502856464531675,6.5781025886535645,1.9874178171157837,6.6146979331970215,2.2431135177612305,6.916212558746338,4.190079927444458,,,,,,
8789940000.0,91.47,8.0,6391222784.0,2366.8021894877916,2431.0,0.074462890625,39845888.0,82976.15564727783,0.0008034417405724525,0.00323486328125,2.0277457237243652,-0.0200211014598608,0.5551222562789917,-0.02027745731174946,0.00025635212659835815,0.0,-0.010893980041146278,1.0554859638214111,0.7632878455010887,6.515720844268799,1.9013487100601196,6.504826545715332,2.16941237449646,6.922420501708984,4.186362266540527,,,,,,
,,,,,,,,,,,,,,,,,,,,,,,,,,0.020634861662983894,0.6341941952705383,0.5907400250434875,0.020634861662983894,0.6341941952705383,0.5907400250434875
,,,,,,,,,,,,,,,,,,,,,,,,,,0.020741546526551247,0.5841637253761292,0.5565912127494812,0.020741546526551247,0.5841637253761292,0.5565912127494812
,,,,,,,,,,,,,,,,,,,,,,,,,,0.020149556919932365,0.5537143349647522,0.5295676589012146,0.020149556919932365,0.5537143349647522,0.5295676589012146
,,,,,,,,,,,,,,,,,,,,,,,,,,0.019423682242631912,0.5325495600700378,0.5085026621818542,0.019423682242631912,0.5325495600700378,0.5085026621818542
,,,,,,,,,,,,,,,,,,,,,,,,,,0.019904138520359993,0.5118940472602844,0.4898144602775574,0.019904138520359993,0.5118940472602844,0.4898144602775574
,,,,,,,,,,,,,,,,,,,,,,,,,,0.019921869039535522,0.4948064088821411,0.472676157951355,0.019921869039535522,0.4948064088821411,0.472676157951355
8789940000.0,134.6,7.699999809265137,6188634112.0,17.55619732529389,2432.0,0.054931640625,39862272.0,83909.38735437393,0.0006302264519035816,0.0023193359375,2.083116292953491,-0.02048608474433422,0.5303656458854675,-0.020831162109971046,0.0003450792282819748,0.0,-0.041507843881845474,1.0330055952072144,0.7529229430543806,6.604533672332764,1.81648588180542,6.56302547454834,2.0781941413879395,933.2317070960999,4.195986032485962,,,,,,
8789940000.0,87.76,8.199999809265137,6391222784.0,2371.8506379885007,2433.0,0.0775146484375,39878656.0,83916.29504060745,0.0005771744181402028,0.0015869140625,2.027170181274414,-0.02024274505674839,0.647235095500946,-0.020271701738238335,2.8956448659300804e-05,0.0,0.014194685034453869,1.1350173950195312,0.7392522099121668,6.628429412841797,1.9245645999908447,6.6426239013671875,2.222756862640381,6.907686233520508,4.181299924850464,,,,,,
8789940000.0,104.47,8.600000381469727,6391222784.0,2389.374183505474,2434.0,0.0750732421875,39895040.0,83923.15206623077,0.0013761923182755709,0.00927734375,1.9952900409698486,-0.0202924907207489,0.5318565964698792,-0.01995289884507656,-0.00033958815038204193,0.0,0.07092421501874924,1.0386804342269897,0.7612962733413482,6.632351875305176,1.8752126693725586,6.70327615737915,2.1259469985961914,6.857025623321533,4.182478904724121,,,,,,
8789940000.0,111.05,8.399999618530273,6391222784.0,2354.293225685494,2435.0,0.08056640625,39911424.0,83930.11126732826,0.0009650904685258865,0.00567626953125,2.0214216709136963,-0.020503347739577293,0.5955517888069153,-0.02021421492099762,-0.0002891337499022484,0.0,0.07036755979061127,1.0922645330429077,0.7516873430170895,6.768725395202637,1.9365229606628418,6.83909273147583,2.191938638687134,6.959201097488403,4.198608160018921,,,,,,
8789940000.0,90.1,7.599999904632568,6391222784.0,2385.5448467274027,2436.0,0.0811767578125,39927808.0,83936.97930002213,0.0007948991842567921,0.00384521484375,1.9761334657669067,-0.020114663988351822,0.7925840020179749,-0.019761333242058754,-0.00035332818515598774,0.0,-0.06270679831504822,1.2599138021469116,0.6979127671847358,6.9002485275268555,1.9704084396362305,6.837541580200195,2.292316198348999,6.868032693862915,4.193517208099365,,,,,,
8789940000.0,114.82,8.0,6391222784.0,2387.708293207808,2437.0,0.0750732421875,39944192.0,83943.84110975266,0.0008734363364055753,0.00506591796875,1.9931402206420898,-0.020000053569674492,0.6858372688293457,-0.019931402057409286,-6.864778697490692e-05,0.0,0.026489727199077606,1.1686888933181763,0.7195248760848907,6.666409492492676,1.9161827564239502,6.692898750305176,2.2067410945892334,6.861809730529785,4.204381704330444,,,,,,
8789940000.0,87.74,8.199999809265137,6391222784.0,2338.690845755936,2438.0,0.096435546875,39960576.0,83950.84673857689,0.0006059312727302313,0.00201416015625,1.9556080102920532,-0.019487038254737854,0.7139403820037842,-0.019556080922484398,6.904080510139465e-05,0.0,0.05482549965381622,1.1923028230667114,0.7361436570224116,6.825922966003418,2.013455867767334,6.880748748779297,2.3211474418640137,7.005628824234009,4.2018163204193115,,,,,,
8789940000.0,84.16,8.600000381469727,6391222784.0,2385.570601659234,2439.0,0.0885009765625,39976960.0,83957.71469712257,0.000898323894944042,0.00469970703125,1.9930853843688965,-0.01980016939342022,0.6079474091529846,-0.019930854439735413,0.00013068411499261856,0.0,0.08444224298000336,1.1008262634277344,0.7568291026697864,6.89628791809082,2.0040619373321533,6.980730056762695,2.2323532104492188,6.8679585456848145,4.1913979053497314,,,,,,
8789940000.0,110.24,7.699999809265137,6391222784.0,2391.2311832561045,2440.0,0.086669921875,39993344.0,83964.56639766693,0.0009155960287898779,0.0050048828125,1.965789794921875,-0.019598614424467087,0.7378252148628235,-0.01965789869427681,5.92842698097229e-05,0.0,-0.034617774188518524,1.2127292156219482,0.702557963595219,6.957343578338623,1.917861819267273,6.922725677490234,2.223629951477051,6.8517005443573,4.188087224960327,,,,,,
8789940000.0,97.59,7.699999809265137,6391222784.0,2320.080372085385,2441.0,0.0848388671875,40009728.0,83971.62822198868,0.0006165165104903281,0.00225830078125,1.9812613725662231,-0.019418921321630478,0.687749981880188,-0.01981261372566223,0.00039369123987853527,0.0,-0.004992175847291946,1.1748135089874268,0.6997410387599591,7.010654449462891,1.8054355382919312,7.005661964416504,2.1439807415008545,7.061824321746826,4.296058893203735,,,,,,
8789940000.0,106.56,7.699999809265137,6391222784.0,1893.1077635282134,2442.0,0.0787353515625,40026112.0,83980.28277420998,0.0006901018787175417,0.00347900390625,2.0114729404449463,-0.0197159331291914,0.6940383911132812,-0.020114727318286896,0.00039879418909549713,0.0,-0.04618971049785614,1.1746519804000854,0.7107536782395447,6.841546058654785,1.8437280654907227,6.795356273651123,2.1841135025024414,8.654552221298218,5.460070610046387,,,,,,
8789940000.0,90.97,8.199999809265137,6391222784.0,2040.9313422736232,2443.0,0.0921630859375,40042496.0,83988.31048178673,0.0006961381295695901,0.00372314453125,1.9646990299224854,-0.019103769212961197,0.7516453266143799,-0.019646987318992615,0.0005432218313217163,0.0,0.023913105949759483,1.2228704690933228,0.7056645378666433,7.036925792694092,1.9271823167800903,7.06083869934082,2.2540266513824463,8.027707576751709,5.086517095565796,,,,,,
8789940000.0,97.66,8.399999618530273,6391222784.0,2046.125131032505,2444.0,0.0787353515625,40058880.0,83996.31781220436,0.0010984460823237896,0.00689697265625,2.0100338459014893,-0.020066123455762863,0.5849407911300659,-0.020100338384509087,3.4213997423648834e-05,0.0,0.10065414011478424,1.0785034894943237,0.7149591467185321,6.795153617858887,1.8139331340789795,6.895807266235352,2.0200772285461426,8.007330417633057,4.677559852600098,,,,,,
8789940000.0,98.63,7.900000095367432,6391222784.0,1927.0895791921648,2445.0,0.0836181640625,40075264.0,84004.81975221634,0.0012401614803820848,0.0087890625,1.9974443912506104,-0.01921742595732212,0.6028013825416565,-0.019974444061517715,0.0007570227608084679,0.0,0.02285434491932392,1.097875714302063,0.7303538968555541,7.017553329467773,1.828445315361023,7.040407180786133,2.1142475605010986,8.50194001197815,5.217893600463867,,,,,,
8789940000.0,112.13,8.5,6391222784.0,1839.0609439250206,2446.0,0.0848388671875,40091648.0,84013.72864675522,0.0019319052807986736,0.01641845703125,2.021986484527588,-0.019546493887901306,0.5716671347618103,-0.020219866186380386,0.0006733722984790802,0.0,0.004793306812644005,1.0670983791351318,0.7450628439825182,6.911099910736084,1.819397211074829,6.9158935546875,2.1134302616119385,8.908894538879395,5.944057941436768,,,,,,
8789940000.0,110.81,8.100000381469727,6391222784.0,1864.5509225568126,2447.0,0.0732421875,40108032.0,84022.51574921608,0.001298361225053668,0.0087890625,2.0896506309509277,-0.02060873433947563,0.6228936314582825,-0.020896505564451218,0.00028777122497558594,0.0,-0.006402759812772274,1.1160438060760498,0.6950459424996195,6.8097333908081055,1.7686853408813477,6.803330421447754,2.0209877490997314,8.787102460861206,5.904629468917847,,,,,,
8789940000.0,122.85,8.199999809265137,6391222784.0,1937.1134865675435,2448.0,0.0701904296875,40124416.0,84030.97369456291,0.002348167821764946,0.0189208984375,2.0775344371795654,-0.020240209996700287,0.6442225575447083,-0.020775344222784042,0.000535131897777319,0.0,-0.0038965498097240925,1.1346310377120972,0.692968530201986,6.978884696960449,1.7748209238052368,6.9749884605407715,2.047684907913208,8.457945346832275,5.618086576461792,,,,,,
8789940000.0,87.97,8.0,6391222784.0,2114.8324849113924,2449.0,0.0885009765625,40140800.0,84038.72088027,0.0012942333705723286,0.00750732421875,2.0548031330108643,-0.02068345621228218,0.6094030737876892,-0.020548032596707344,-0.00013542361557483673,0.0,-0.018867772072553635,1.1036970615386963,0.7295588734008942,7.017736434936523,1.787959098815918,6.998868465423584,2.1223320960998535,7.747185707092285,4.560285568237305,,,,,,
8789940000.0,104.36,8.199999809265137,6391222784.0,2193.2965407377615,2450.0,0.078125,40157184.0,84046.19091439247,0.002227158285677433,0.01922607421875,2.0876095294952393,-0.02015315368771553,0.6653428077697754,-0.020876096561551094,0.0007229447364807129,0.0,-0.01928527280688286,1.1544314622879028,0.7075848716081214,6.92111349105835,1.7988340854644775,6.901828289031982,2.134854555130005,7.470034122467041,4.278716802597046,,,,,,
8789940000.0,98.57,7.599999904632568,6391222784.0,2365.5023937813526,2451.0,0.078125,40173568.0,84053.11713862419,0.002605197485536337,0.02001953125,2.079983949661255,-0.020906155928969383,0.6120066046714783,-0.02079983986914158,-0.00010631605982780457,0.0,-0.036989256739616394,1.107569694519043,0.7443637287511875,6.821593284606934,1.8346182107925415,6.784604072570801,2.190584182739258,6.926224231719971,4.215392112731934,,,,,,
8789940000.0,130.31,8.199999809265137,6391222784.0,2390.6697466371734,2452.0,0.0677490234375,40189952.0,84059.97044825554,0.0013231778284534812,0.00970458984375,2.0795178413391113,-0.020280245691537857,0.5216158628463745,-0.020795175805687904,0.0005149319767951965,0.0,0.022284314036369324,1.0189876556396484,0.7377834860155432,6.750520706176758,1.7127102613449097,6.772805213928223,1.989936113357544,6.853309631347656,4.194954872131348,,,,,,
8789940000.0,97.77,8.199999809265137,6391222784.0,2306.5076950744074,2453.0,0.0677490234375,40206336.0,84067.07382798195,0.0013555564219132066,0.00836181640625,2.1102166175842285,-0.02169094607234001,0.5168097615242004,-0.021102167665958405,-0.0005887809675186872,0.0,0.022082502022385597,1.017417550086975,0.7555857946278393,6.851391792297363,1.8210960626602173,6.873474597930908,2.057957172393799,7.103379726409912,4.4187047481536865,,,,,,
8789940000.0,97.84,9.100000381469727,6391222784.0,2350.472108710026,2454.0,0.079345703125,40222720.0,84074.04434251785,0.0020446092821657658,0.0179443359375,2.0854437351226807,-0.02047986164689064,0.43126097321510315,-0.020854437723755836,0.000374574214220047,0.0,0.04940793663263321,0.9257000684738159,0.7824146142605203,7.058173656463623,1.798750877380371,7.107581615447998,1.9845201969146729,6.970514535903931,4.210274934768677,,,,,,
8789940000.0,134.74,7.900000095367432,6391222784.0,2354.3557364047083,2455.0,0.0665283203125,40239104.0,84081.00335884094,0.0017473680200055242,0.01300048828125,2.041735887527466,-0.020358148962259293,0.5801726579666138,-0.020417355000972748,5.920650437474251e-05,0.0,-0.06899567693471909,1.0763276815414429,0.7329364693478657,6.86555290222168,1.78921639919281,6.796557426452637,2.082749843597412,6.9590163230896,4.22970724105835,,,,,,
8789940000.0,106.51,8.0,6391222784.0,2313.6205459687785,2456.0,0.0732421875,40255488.0,84088.08490037918,0.0020856093615293503,0.01788330078125,2.0586018562316895,-0.020440641790628433,0.6502703428268433,-0.02058601565659046,0.00014537200331687927,0.0,-0.022504772990942,1.1398797035217285,0.6796878308436707,6.8590240478515625,1.7289491891860962,6.836519718170166,2.0140609741210938,7.081541538238525,4.219457626342773,,,,,,
8789940000.0,106.38,8.800000190734863,6391222784.0,2353.44469891963,2457.0,0.0714111328125,40271872.0,84095.0466105938,0.0011793511221185327,0.00775146484375,2.0753378868103027,-0.020549315959215164,0.4333001971244812,-0.02075337804853916,0.0002040625549852848,0.0,0.047421567142009735,0.9250183701515198,0.7732414841178774,6.810314655303955,1.700908899307251,6.857736587524414,1.9425346851348877,6.961710214614868,4.3304033279418945,,,,,,
8789940000.0,131.75,8.199999809265137,6391222784.0,2349.579256831859,2458.0,0.0701904296875,40288256.0,84102.01977396011,0.0011891210451722145,0.00836181640625,2.084000825881958,-0.020442873239517212,0.5514709949493408,-0.020840005949139595,0.0003971327096223831,0.0,0.006737415213137865,1.0438603162765503,0.7190505219648399,6.865628242492676,1.6761424541473389,6.872365951538086,1.9693762063980103,6.973163366317749,4.221938848495483,,,,,,
8789940000.0,135.28,8.5,6391222784.0,2309.9208945566193,2459.0,0.0677490234375,40304640.0,84109.112657547,0.0017432139720767736,0.01519775390625,2.085350751876831,-0.020263226702809334,0.4869413375854492,-0.02085350826382637,0.0005902815610170364,0.0,0.06519298255443573,0.9819871187210083,0.7285907349246019,6.9378767013549805,1.6676676273345947,7.003069877624512,1.8849225044250488,7.092883586883545,4.32824182510376,,,,,,
8789940000.0,97.49,8.600000381469727,6391222784.0,2309.018622182103,2460.0,0.074462890625,40321024.0,84116.20831274986,0.0012394208461046219,0.0084228515625,2.0940091609954834,-0.020411472767591476,0.46814465522766113,-0.020940089598298073,0.000528617762029171,0.0,-0.004650911316275597,0.9676007032394409,0.755171269628235,7.027204513549805,1.7032692432403564,7.02255392074585,1.9555326700210571,7.095655202865601,4.228754281997681,,,,,,
8789940000.0,132.85,7.800000190734863,6391222784.0,2387.005142868139,2461.0,0.0665283203125,40337408.0,84123.0721437931,0.00252771214582026,0.02264404296875,2.069827079772949,-0.020656675100326538,0.5761951208114624,-0.020698269829154015,4.159100353717804e-05,0.0,-0.06483649462461472,1.0686655044555664,0.7101314813039903,6.855288982391357,1.6652082204818726,6.790452003479004,1.9849106073379517,6.863831043243408,4.194386959075928,,,,,,
8789940000.0,115.94,8.300000190734863,6391222784.0,2337.3406424082737,2462.0,0.0616455078125,40353792.0,84130.0818195343,0.0020376774482429028,0.01812744140625,2.1046650409698486,-0.019400207325816154,0.4807157516479492,-0.021046649664640427,0.0016464442014694214,0.0,-0.034621596336364746,0.9745592474937439,0.7400077044141554,6.716361999511719,1.6378905773162842,6.681739807128906,1.911293864250183,7.009675741195679,4.351099014282227,,,,,,
8789940000.0,117.26,8.600000381469727,6391222784.0,2363.645288022449,2463.0,0.0567626953125,40370176.0,84137.01348567009,0.0027622177731245756,0.02545166015625,2.1205601692199707,-0.01992185041308403,0.365084171295166,-0.02120559848845005,0.0012837434187531471,0.0,0.006455693393945694,0.8448325395584106,0.7815709629262896,6.669102668762207,1.6016076803207397,6.675558567047119,1.807655692100525,6.931666135787964,4.2683045864105225,,,,,,
,,,,,,,,,,,,,,,,,,,,,,,,,,0.02267516776919365,0.6250503659248352,0.5753945708274841,0.02267516776919365,0.6250503659248352,0.5753945708274841
,,,,,,,,,,,,,,,,,,,,,,,,,,0.021532723680138588,0.5696145296096802,0.5422734618186951,0.021532723680138588,0.5696145296096802,0.5422734618186951
,,,,,,,,,,,,,,,,,,,,,,,,,,0.020888371393084526,0.5414605140686035,0.5148187279701233,0.020888371393084526,0.5414605140686035,0.5148187279701233
,,,,,,,,,,,,,,,,,,,,,,,,,,0.020703431218862534,0.5196194648742676,0.4967118501663208,0.020703431218862534,0.5196194648742676,0.4967118501663208
,,,,,,,,,,,,,,,,,,,,,,,,,,0.020573241636157036,0.49912029504776,0.47799012064933777,0.020573241636157036,0.49912029504776,0.47799012064933777
,,,,,,,,,,,,,,,,,,,,,,,,,,0.021178852766752243,0.4822884500026703,0.46054330468177795,0.021178852766752243,0.4822884500026703,0.46054330468177795
8789940000.0,125.01,8.100000381469727,6188634112.0,18.451243609675785,2464.0,0.0567626953125,40386560.0,85024.97531342506,0.000847682124003768,0.00286865234375,2.1211318969726562,-0.02091272547841072,0.5082863569259644,-0.021211320534348488,0.00029859505593776703,0.0,-0.06496334075927734,1.0063992738723755,0.7202331043209295,6.752246856689453,1.6295006275177002,6.687283992767334,1.9027096033096313,887.9618277549744,4.287369728088379,,,,,,
8789940000.0,193.53,7.599999904632568,6391222784.0,2356.9100583308814,2465.0,0.064697265625,40402944.0,85031.92678785324,0.0010133504401892424,0.005126953125,2.111176013946533,-0.02049681358039379,0.5233052968978882,-0.021111764013767242,0.000614948570728302,0.0,-0.07739797234535217,1.0229461193084717,0.7299144479321134,6.844786643981934,1.6841802597045898,6.767389297485352,1.968349575996399,6.95147442817688,4.196896076202393,,,,,,
8789940000.0,122.37,8.5,6391222784.0,2312.8478612103013,2466.0,0.0604248046875,40419328.0,85039.01069521904,0.0013890350237488747,0.00677490234375,2.111703395843506,-0.020425032824277878,0.49208104610443115,-0.021117031574249268,0.000692000612616539,0.0,-0.007668941747397184,0.991072952747345,0.728630304570964,6.705040454864502,1.6731725931167603,6.697371482849121,1.9025017023086548,7.08390736579895,4.1992292404174805,,,,,,
8789940000.0,130.92,8.199999809265137,6391222784.0,2331.9406646889133,2467.0,0.0579833984375,40435712.0,85046.03660297394,0.0009451438672840595,0.0045166015625,2.1149213314056396,-0.020419051870703697,0.524981677532196,-0.02114921249449253,0.0007301620789803565,0.0,-0.004356374032795429,1.024666428565979,0.7249109212456639,6.769092082977295,1.7043792009353638,6.764735698699951,1.9536464214324951,7.025907754898071,4.20533561706543,,,,,,
8789940000.0,113.05,8.800000190734863,6391222784.0,2398.857278459637,2468.0,0.07568359375,40452096.0,85052.86652159691,0.0006425482570193708,0.00244140625,2.0703067779541016,-0.020814061164855957,0.47002115845680237,-0.020703068003058434,-0.00011099455878138542,0.0,0.029989387840032578,0.9681238532066345,0.7635590392556187,6.913416385650635,1.7575397491455078,6.943405628204346,1.9909923076629639,6.829918622970581,4.206887245178223,,,,,,
8789940000.0,146.74,8.399999618530273,6391222784.0,2355.5369657758647,2469.0,0.05615234375,40468480.0,85059.82204818726,0.0011028703302145004,0.00439453125,2.1223106384277344,-0.021084792912006378,0.41704997420310974,-0.02122310735285282,0.00013831444084644318,0.0,-0.0012865697499364614,0.9135475754737854,0.7599215603928619,6.682721138000488,1.6472660303115845,6.681434631347656,1.8644672632217407,6.95552659034729,4.182165145874023,,,,,,
8789940000.0,126.1,8.100000381469727,6391222784.0,2392.2101891524417,2470.0,0.0665283203125,40484864.0,85066.6709446907,0.0007100699585862458,0.00250244140625,2.0992729663848877,-0.020827993750572205,0.504033088684082,-0.02099272795021534,0.00016473233699798584,0.0,0.004134518094360828,1.0034496784210205,0.7459460278069221,6.788204193115234,1.723062515258789,6.792339324951172,1.990824580192566,6.848896503448486,4.172291040420532,,,,,,
8789940000.0,108.66,7.699999809265137,6391222784.0,2332.108358615567,2471.0,0.064697265625,40501248.0,85073.69634723663,0.0011741912458091974,0.0069580078125,2.079793691635132,-0.020818235352635384,0.49412843585014343,-0.020797934383153915,-2.029910683631897e-05,0.0,-0.01577642932534218,0.9949934482574463,0.74687465366186,6.75113582611084,1.6883597373962402,6.735359191894531,1.9776631593704224,7.025402545928955,4.198977947235107,,,,,,
8789940000.0,129.96,7.5,6391222784.0,2310.2583120429013,2472.0,0.072021484375,40517632.0,85080.78819489479,0.0009506404167041183,0.00531005859375,2.0426573753356934,-0.019983645528554916,0.6004985570907593,-0.02042657509446144,0.00044292956590652466,0.0,-0.10593506693840027,1.0933324098587036,0.7418107607405781,6.749675273895264,1.7860578298568726,6.643740177154541,2.151707172393799,7.091847658157349,4.182687759399414,,,,,,
8789940000.0,103.6,8.0,6391222784.0,2391.0577078795554,2473.0,0.0738525390625,40534016.0,85087.64039254189,0.0009449248900637031,0.00469970703125,2.0374484062194824,-0.020353220403194427,0.6370455026626587,-0.020374484360218048,2.1263957023620605e-05,0.0,0.005185466725379229,1.1280714273452759,0.7251202658842746,6.629699230194092,1.8311632871627808,6.634884834289551,2.151618480682373,6.852197647094727,4.199448347091675,,,,,,
8789940000.0,122.61,7.699999809265137,6391222784.0,2347.72508203264,2474.0,0.0640869140625,40550400.0,85094.61906313896,0.0013260485138744116,0.00799560546875,2.0614356994628906,-0.020660115405917168,0.5910832285881042,-0.02061435766518116,-4.575587809085846e-05,0.0,0.008067294955253601,1.0866373777389526,0.7317170460883449,6.4488959312438965,1.7764654159545898,6.456963539123535,2.0979175567626953,6.978670597076416,4.183745861053467,,,,,,
8789940000.0,109.17,8.399999618530273,6391222784.0,2381.8098196333744,2475.0,0.0762939453125,40566784.0,85101.4978659153,0.001196612836793065,0.0076904296875,2.031989336013794,-0.020614854991436005,0.6121521592140198,-0.020319893956184387,-0.00029496103525161743,0.0,0.07787881791591644,1.102939248085022,0.7183376352123653,6.732954502105713,1.8018710613250732,6.81083345413208,2.078199863433838,6.87880277633667,4.200037002563477,,,,,,
8789940000.0,113.18,7.800000190734863,6391222784.0,2398.6583305441272,2476.0,0.069580078125,40583168.0,85108.32835102081,0.0014748729299753904,0.01025390625,2.0522334575653076,-0.020012112334370613,0.5886034965515137,-0.020522331818938255,0.0005102213472127914,0.0,-0.05584338679909706,1.0845885276794434,0.7264834662337128,6.887903690338135,1.767289161682129,6.83206033706665,2.0738301277160645,6.830485105514526,4.185535669326782,,,,,,
8789940000.0,124.09,7.900000095367432,6391222784.0,2358.3995177736374,2477.0,0.0775146484375,40599552.0,85115.27543520927,0.0010107443667948246,0.006103515625,2.048508644104004,-0.020235992968082428,0.5385781526565552,-0.020485084503889084,0.00024909526109695435,0.0,-0.0015711970627307892,1.0356107950210571,0.7639467808233682,6.671589374542236,1.8209041357040405,6.670018196105957,2.131530523300171,6.947084188461304,4.190943956375122,,,,,,
8789940000.0,102.42,8.5,6391222784.0,2370.8945204732718,2478.0,0.0750732421875,40615936.0,85122.18590712547,0.0016168826259672642,0.01092529296875,2.052858591079712,-0.0208646971732378,0.5465459823608398,-0.020528586581349373,-0.00033611198887228966,0.0,0.03360549733042717,1.043979287147522,0.7517031886098238,6.629107475280762,1.8990229368209839,6.662713050842285,2.095107316970825,6.9104719161987305,4.249636650085449,,,,,,
8789940000.0,116.42,8.399999618530273,6391222784.0,2280.1824271319883,2479.0,0.069580078125,40632320.0,85129.37129712105,0.0011594709940254688,0.00860595703125,2.0588831901550293,-0.020233750343322754,0.5188911557197571,-0.0205888319760561,0.00035508256405591965,0.0,0.04596356302499771,1.016268014907837,0.7500597034688518,6.581024646759033,1.7905607223510742,6.626988410949707,2.0327794551849365,7.185389995574951,4.399950265884399,,,,,,
8789940000.0,142.57,7.800000190734863,6391222784.0,2343.261858164881,2480.0,0.0506591796875,40648704.0,85136.36326003075,0.0016859384486451745,0.0130615234375,2.085235834121704,-0.020104695111513138,0.5332019329071045,-0.020852357149124146,0.0007476601749658585,0.0,-0.047316815704107285,1.0306180715560913,0.711685532379353,6.491748332977295,1.6727842092514038,6.444431304931641,1.919394612312317,6.991962909698486,4.194062948226929,,,,,,
8789940000.0,123.22,7.699999809265137,6391222784.0,2343.033278656458,2481.0,0.07568359375,40665088.0,85143.355905056,0.0014780013589188457,0.0108642578125,2.051999807357788,-0.0204362440854311,0.5819286108016968,-0.02051999792456627,8.37547704577446e-05,0.0,-0.04067037254571915,1.078041672706604,0.7509668298713232,6.684654235839844,1.8157275915145874,6.643983840942383,2.160264492034912,6.992645025253296,4.257249593734741,,,,,,
8789940000.0,86.81,8.899999618530273,6391222784.0,2349.420607543188,2482.0,0.072021484375,40681472.0,85150.32953929901,0.001231002970598638,0.00927734375,2.021052122116089,-0.020030107349157333,0.5306035876274109,-0.020210521295666695,0.0001804158091545105,0.0,0.0912114828824997,1.0246098041534424,0.732541442523658,6.650321960449219,1.7566956281661987,6.7415337562561035,1.9812085628509521,6.973634243011475,4.20909309387207,,,,,,
8789940000.0,107.76,8.100000381469727,6391222784.0,2338.082766922913,2483.0,0.0732421875,40697856.0,85157.33699011803,0.0011466240976005793,0.00811767578125,2.0199270248413086,-0.019578201696276665,0.6551693677902222,-0.02019927091896534,0.0006210668943822384,0.0,-0.05938529595732689,1.1383233070373535,0.7148153148609154,6.7128143310546875,1.8294912576675415,6.65342903137207,2.131584882736206,7.007450819015503,4.214216947555542,,,,,,
8789940000.0,96.94,8.699999809265137,6391222784.0,2304.218614338599,2484.0,0.069580078125,40714240.0,85164.44742655754,0.0017821118235588074,0.0166015625,2.0497357845306396,-0.020546870306134224,0.4844481348991394,-0.020497357472777367,-4.951469600200653e-05,0.0,0.03256077691912651,0.9799635410308838,0.7530528201492722,6.543586730957031,1.7152107954025269,6.576147556304932,1.9720056056976318,7.11043643951416,4.199976444244385,,,,,,
8789940000.0,124.22,7.900000095367432,6391222784.0,2306.1483092183175,2485.0,0.0665283203125,40730624.0,85171.55191326141,0.0019181440584361553,0.01666259765625,2.0007548332214355,-0.01980244368314743,0.5668091177940369,-0.020007546991109848,0.000205102376639843,0.0,0.024149544537067413,1.0646029710769653,0.7317290859179142,6.593163967132568,1.7808610200881958,6.617313385009766,2.055421829223633,7.104486703872681,4.218318462371826,,,,,,
8789940000.0,103.65,8.600000381469727,6391222784.0,2340.174413655335,2486.0,0.0738525390625,40747008.0,85178.55310082436,0.0026039585936814547,0.02197265625,2.007582187652588,-0.018563706427812576,0.4979371130466461,-0.02007582224905491,0.0015121102333068848,0.0,0.050495389848947525,0.9971243739128113,0.7577963379697591,6.68328332901001,1.7792003154754639,6.733778953552246,2.026092529296875,7.001187562942505,4.223944664001465,,,,,,
8789940000.0,118.22,7.800000190734863,6391222784.0,2265.7865224439042,2487.0,0.0775146484375,40763392.0,85185.78414392471,0.0029368805699050426,0.0262451171875,1.9422661066055298,-0.018652671948075294,0.7486945390701294,-0.019422659650444984,0.0007699888083152473,0.0,-0.01807616837322712,1.2243006229400635,0.6757175684916127,6.933181285858154,1.7769873142242432,6.915104866027832,2.1499392986297607,7.231043100357056,4.345720529556274,,,,,,
8789940000.0,103.88,8.100000381469727,6391222784.0,2302.4015261366276,2488.0,0.086669921875,40779776.0,85192.90019202232,0.0018929657526314259,0.0177001953125,2.002256393432617,-0.019226882606744766,0.6805831789970398,-0.020022563636302948,0.0007956800982356071,0.0,-0.00453107338398695,1.1684174537658691,0.7097148224409728,6.991575241088867,1.8291035890579224,6.987043857574463,2.168630361557007,7.116048097610474,4.291872501373291,,,,,,
8789940000.0,96.76,8.199999809265137,6391222784.0,2364.420971569032,2489.0,0.072021484375,40796160.0,85199.8295841217,0.0012506120838224888,0.00848388671875,2.041107416152954,-0.02043224684894085,0.6446611285209656,-0.020411072298884392,-2.1177344024181366e-05,0.0,-0.047254741191864014,1.1371347904205322,0.70009642751073,6.8391876220703125,1.759988784790039,6.791932582855225,2.076448678970337,6.929392099380493,4.2387189865112305,,,,,,
8789940000.0,111.37,7.599999904632568,6391222784.0,2268.87303491879,2490.0,0.0579833984375,40812544.0,85207.0507903099,0.0017052363837137818,0.01409912109375,2.0775928497314453,-0.020155571401119232,0.5292150378227234,-0.02077592723071575,0.0006203565280884504,0.0,-0.03407878428697586,1.0304001569747925,0.7285340312074673,6.522939205169678,1.6785271167755127,6.488860130310059,1.9776434898376465,7.221206188201904,4.369872570037842,,,,,,
8789940000.0,118.36,8.300000190734863,6391222784.0,2310.5941966187397,2491.0,0.0628662109375,40828928.0,85214.14160704613,0.0015188765246421099,0.01202392578125,2.0805039405822754,-0.0192741509526968,0.5377733707427979,-0.02080504037439823,0.0015308931469917297,0.0,0.0751781314611435,1.0386756658554077,0.7134619574497193,6.5805792808532715,1.7034748792648315,6.655756950378418,1.9403878450393677,7.0908167362213135,4.339202404022217,,,,,,
8789940000.0,124.03,8.0,6391222784.0,2307.7488744433335,2492.0,0.05859375,40845312.0,85221.24116635323,0.0017338372999802232,0.01519775390625,2.0914809703826904,-0.019870033487677574,0.4967542588710785,-0.02091480791568756,0.0010447744280099869,0.0,0.004401390440762043,0.9998526573181152,0.7319416265758931,6.575751304626465,1.6606619358062744,6.58015251159668,1.9311714172363281,7.099559307098389,4.387778282165527,,,,,,
8789940000.0,118.32,7.599999904632568,6391222784.0,2338.3877216559695,2493.0,0.086669921875,40861696.0,85228.24770331383,0.002097328193485737,0.01751708984375,2.0306484699249268,-0.019681325182318687,0.7745431065559387,-0.020306482911109924,0.0006251595914363861,0.0,-0.05560003221035004,1.2407082319259644,0.6987731773145582,6.9685258865356445,1.8646464347839355,6.912925720214844,2.260594129562378,7.006536960601807,4.234853982925415,,,,,,
8789940000.0,104.31,8.199999809265137,6391222784.0,2368.940006964847,2494.0,0.0848388671875,40878080.0,85235.16387677193,0.0011660977033898234,0.00872802734375,2.025949478149414,-0.019308485090732574,0.6290432810783386,-0.020259495824575424,0.000951012596487999,0.0,0.006548626814037561,1.120842456817627,0.7250534819376568,6.972416400909424,1.8158681392669678,6.978964805603027,2.137570858001709,6.916173458099365,4.233073711395264,,,,,,
8789940000.0,99.55,8.399999618530273,6391222784.0,2334.0004034264825,2495.0,0.08544921875,40894464.0,85242.18358421326,0.000915411626920104,0.00433349609375,1.985288381576538,-0.019543640315532684,0.6190991997718811,-0.019852884113788605,0.0003092428669333458,0.0,0.013815108686685562,1.1154347658157349,0.7161582863936873,6.921860694885254,1.7998313903808594,6.935675621032715,2.093658685684204,7.019707441329956,4.340026378631592,,,,,,
,,,,,,,,,,,,,,,,,,,,,,,,,,0.022618025541305542,0.5901050567626953,0.5467093586921692,0.022618025541305542,0.5901050567626953,0.5467093586921692
,,,,,,,,,,,,,,,,,,,,,,,,,,0.022735700011253357,0.5420193076133728,0.5106101632118225,0.022735700011253357,0.5420193076133728,0.5106101632118225
,,,,,,,,,,,,,,,,,,,,,,,,,,0.02204825170338154,0.5150884389877319,0.48954981565475464,0.02204825170338154,0.5150884389877319,0.48954981565475464
,,,,,,,,,,,,,,,,,,,,,,,,,,0.021363571286201477,0.49171897768974304,0.46627795696258545,0.021363571286201477,0.49171897768974304,0.46627795696258545
,,,,,,,,,,,,,,,,,,,,,,,,,,0.021263044327497482,0.47390666604042053,0.4521186947822571,0.021263044327497482,0.47390666604042053,0.4521186947822571
,,,,,,,,,,,,,,,,,,,,,,,,,,0.021136688068509102,0.45873400568962097,0.4359557628631592,0.021136688068509102,0.45873400568962097,0.4359557628631592
8789940000.0,98.83,8.0,6188634112.0,18.44983498733381,2496.0,0.0738525390625,40910848.0,86130.21320676804,0.0010715454118326306,0.0059814453125,2.0533649921417236,-0.02055281586945057,0.6714146137237549,-0.020533647388219833,-1.916883047670126e-05,0.0,0.01219233963638544,1.1571426391601562,0.6815916978350492,6.824783802032471,1.7764698266983032,6.836976051330566,2.0506653785705566,888.029622554779,4.213625431060791,,,,,,
8789940000.0,98.55,8.600000381469727,6391222784.0,2374.4763935962314,2497.0,0.0738525390625,40927232.0,86137.1132543087,0.0007188149611465633,0.001708984375,2.0653910636901855,-0.02061544731259346,0.5420376658439636,-0.02065391093492508,3.846362233161926e-05,0.0,0.0631827563047409,1.0416170358657837,0.7208508630776518,6.964727878570557,1.7570922374725342,7.0279107093811035,1.971469521522522,6.900047540664673,4.19678521156311,,,,,,
8789940000.0,97.27,8.399999618530273,6391222784.0,2403.4019425874944,2498.0,0.0762939453125,40943616.0,86143.93025803566,0.0008760211640037596,0.00244140625,2.104123115539551,-0.021250765770673752,0.5279200077056885,-0.021041231229901314,-0.00020953640341758728,0.0,0.027333520352840424,1.0268845558166504,0.7311401764511244,6.936186790466309,1.7336466312408447,6.963520050048828,1.980424404144287,6.8170037269592285,4.195735692977905,,,,,,
8789940000.0,129.41,8.199999809265137,6391222784.0,2398.228059474973,2499.0,0.0701904296875,40960000.0,86150.76196861267,0.0009616269380785525,0.00665283203125,2.121777057647705,-0.021386630833148956,0.5107117295265198,-0.021217770874500275,-0.0001688580960035324,0.0,-0.04218605160713196,1.0080705881118774,0.7473795399423049,6.867245674133301,1.7310587167739868,6.825059413909912,2.0056564807891846,6.831710577011108,4.211961507797241,,,,,,
8789940000.0,143.22,7.5,6391222784.0,2401.9623236478033,2500.0,0.0665283203125,40976384.0,86157.58305811882,0.0009837921243160963,0.0025634765625,2.1047096252441406,-0.020696165040135384,0.6046363711357117,-0.021047094836831093,0.00035092979669570923,0.0,-0.07325026392936707,1.0967482328414917,0.6942819899307678,6.840242862701416,1.6819801330566406,6.766992568969727,1.9835635423660278,6.821089506149292,4.199277639389038,,,,,,
8789940000.0,103.24,7.900000095367432,6391222784.0,2387.4426763074875,2501.0,0.0823974609375,40992768.0,86164.44563126564,0.0005925838486291468,0.00146484375,2.0925025939941406,-0.021285448223352432,0.5997785925865173,-0.020925022661685944,-0.00036042521242052317,0.0,0.0068459659814834595,1.0974262952804565,0.7222716035773521,6.831995010375977,1.7242443561553955,6.838840484619141,2.0824036598205566,6.862573146820068,4.205005645751953,,,,,,
8789940000.0,105.24,8.399999618530273,6391222784.0,2419.388857298662,2502.0,0.07568359375,41009152.0,86171.21758937836,0.001304256496950984,0.00714111328125,2.082462787628174,-0.020642109215259552,0.593667209148407,-0.020824627950787544,0.00018252059817314148,0.0,-0.005283094011247158,1.0852653980255127,0.7213221283652875,6.774770259857178,1.7720372676849365,6.769487380981445,2.0558183193206787,6.771958112716675,4.184276819229126,,,,,,
8789940000.0,92.83,7.699999809265137,6391222784.0,2357.716756806904,2503.0,0.0823974609375,41025536.0,86178.16668534279,0.0009352233610115945,0.0050048828125,2.0632071495056152,-0.02017592452466488,0.7021278738975525,-0.020632069557905197,0.0004561436362564564,0.0,-0.11039711534976959,1.1845687627792358,0.7197510133047123,6.977171897888184,1.8348568677902222,6.866774559020996,2.2376291751861572,6.949095964431763,4.178815603256226,,,,,,
8789940000.0,104.82,7.099999904632568,6391222784.0,2406.0015187475055,2504.0,0.0732421875,41041920.0,86184.97632360458,0.0013735932298004627,0.008056640625,2.100393533706665,-0.020826485008001328,0.6904274225234985,-0.021003935486078262,0.00017744861543178558,0.0,-0.03922034054994583,1.177215576171875,0.7013358273609214,6.67654275894165,1.7907335758209229,6.637322425842285,2.154093027114868,6.809638261795044,4.201404809951782,,,,,,
8789940000.0,80.45,8.199999809265137,6391222784.0,2436.764357099756,2505.0,0.068359375,41058304.0,86191.6999938488,0.0012470930814743042,0.00762939453125,2.1451590061187744,-0.02129555679857731,0.5159303545951843,-0.021451588720083237,0.00015603285282850266,0.0,0.009551119059324265,1.01479172706604,0.7492093283621599,6.584406852722168,1.7366669178009033,6.593957424163818,2.026381254196167,6.723670244216919,4.189850330352783,,,,,,
8789940000.0,152.45,7.5,6391222784.0,2427.199504214589,2506.0,0.0494384765625,41074688.0,86198.45016002655,0.0011363301891833544,0.00518798828125,2.1686034202575684,-0.021993575617671013,0.482310950756073,-0.02168603241443634,-0.0003075450658798218,0.0,-0.04647960513830185,0.9796513319015503,0.7478906139559169,6.4077911376953125,1.6569881439208984,6.361311912536621,1.9510884284973145,6.750166177749634,4.170908689498901,,,,,,
8789940000.0,142.84,7.699999809265137,6391222784.0,2408.51285171495,2507.0,0.059814453125,41091072.0,86205.25269794464,0.001087691867724061,0.003662109375,2.126739025115967,-0.021161183714866638,0.5945159196853638,-0.021267389878630638,0.00010620616376399994,0.0,-0.006494275294244289,1.0924667119979858,0.6764130097788723,6.604881286621094,1.6726490259170532,6.598386764526367,1.9204922914505005,6.80253791809082,4.186600923538208,,,,,,
8789940000.0,125.99,8.399999618530273,6391222784.0,2365.324571193886,2508.0,0.067138671875,41107456.0,86212.17944288254,0.0008707222295925021,0.00341796875,2.096315383911133,-0.020853733643889427,0.505984902381897,-0.02096315287053585,0.00010942015796899796,0.0,0.06776535511016846,1.0055429935455322,0.7582024232549102,6.608087539672852,1.7778133153915405,6.6758527755737305,2.0449113845825195,6.9267449378967285,4.196361064910889,,,,,,
8789940000.0,110.64,8.699999809265137,6391222784.0,2378.170002797624,2509.0,0.0701904296875,41123840.0,86219.06877374649,0.0006867813062854111,0.00390625,2.097184896469116,-0.021286040544509888,0.5035543441772461,-0.02097184956073761,-0.00031419284641742706,0.0,0.05314088240265846,1.0017995834350586,0.7539636564581198,6.671931266784668,1.794664978981018,6.725072383880615,2.0196733474731445,6.889330863952637,4.19985556602478,,,,,,
8789940000.0,121.4,7.699999809265137,6391222784.0,2358.308222730455,2510.0,0.064697265625,41140224.0,86226.01612687111,0.0023461240343749523,0.01885986328125,2.0949528217315674,-0.02055971883237362,0.5267235636711121,-0.020949527621269226,0.00038981169927865267,0.0,-0.030768319964408875,1.0281010866165161,0.7445866367774744,6.544197082519531,1.7658315896987915,6.513428688049316,2.034294366836548,6.94735312461853,4.20633339881897,,,,,,
8789940000.0,138.92,8.0,6391222784.0,2361.713742099652,2511.0,0.0634765625,41156608.0,86232.95346212387,0.0008087664609774947,0.0040283203125,2.1202197074890137,-0.02086765132844448,0.48515748977661133,-0.021202193573117256,0.0003345450386404991,0.0,-0.016654977574944496,0.9853442907333374,0.7656642438781386,6.6537580490112305,1.7734702825546265,6.637103080749512,2.035489082336426,6.937335252761841,4.194760799407959,,,,,,
8789940000.0,127.32,7.800000190734863,6391222784.0,2309.148583552366,2512.0,0.0506591796875,41172992.0,86240.04871797562,0.000845430651679635,0.0030517578125,2.144141674041748,-0.020973242819309235,0.46400684118270874,-0.021441416814923286,0.0004681795835494995,0.0,-0.03638126701116562,0.9632412195205688,0.7604663805737231,6.311789035797119,1.70746910572052,6.2754082679748535,1.9681212902069092,7.0952558517456055,4.199159860610962,,,,,,
8789940000.0,129.03,7.400000095367432,6391222784.0,2377.512762829256,2513.0,0.0616455078125,41189376.0,86246.93995332718,0.002282764995470643,0.0177001953125,2.107238531112671,-0.02027709037065506,0.6077070236206055,-0.0210723839700222,0.0007952953455969691,0.0,-0.07367546856403351,1.1022911071777344,0.7301286206483727,6.320338249206543,1.7927743196487427,6.246662139892578,2.121864080429077,6.8912353515625,4.1971495151519775,,,,,,
8789940000.0,132.34,7.300000190734863,6391222784.0,2378.214281645424,2514.0,0.047607421875,41205760.0,86253.82915592194,0.0004668914480134845,0.00152587890625,2.157681703567505,-0.021004006266593933,0.46899768710136414,-0.021576816216111183,0.0005728101823478937,0.0,-0.08899393677711487,0.9674739837646484,0.7542022624767131,6.08388090133667,1.6696953773498535,5.994887351989746,1.9514191150665283,6.88920259475708,4.202822208404541,,,,,,
8789940000.0,161.12,7.599999904632568,6391222784.0,2366.6539207560954,2515.0,0.047607421875,41222144.0,86260.75201010704,0.0005617265705950558,0.002685546875,2.1794965267181396,-0.021692555397748947,0.4538763761520386,-0.021794965490698814,0.00010240823030471802,0.0,0.000742373988032341,0.9554240703582764,0.7571753361465231,6.040752410888672,1.6468437910079956,6.041494846343994,1.9388757944107056,6.92285418510437,4.204561471939087,,,,,,
8789940000.0,98.35,8.600000381469727,6391222784.0,2399.6536516357996,2516.0,0.074462890625,41238528.0,86267.57966208458,0.0015877196565270424,0.006103515625,2.0969247817993164,-0.020935403183102608,0.5167090892791748,-0.020969249308109283,3.384426236152649e-05,0.0,0.02735341340303421,1.0195196866989136,0.7901468297764859,6.441670894622803,1.9133878946304321,6.469024181365967,2.225553274154663,6.8276519775390625,4.232292175292969,,,,,,
8789940000.0,132.78,8.0,6391222784.0,2384.045725734613,2517.0,0.07080078125,41254912.0,86274.45201349258,0.001373850624077022,0.0067138671875,2.0761008262634277,-0.021102596074342728,0.6021382212638855,-0.02076100744307041,-0.000341588631272316,0.0,0.029113201424479485,1.0972667932510376,0.7470982070382481,6.423862457275391,1.8981600999832153,6.452975749969482,2.1819074153900146,6.872351408004761,4.2699666023254395,,,,,,
8789940000.0,120.58,7.400000095367432,6391222784.0,2377.1244149763024,2518.0,0.07080078125,41271296.0,86281.34437465668,0.001424014801159501,0.00628662109375,2.073341131210327,-0.020795369520783424,0.6904380321502686,-0.020733408629894257,-6.195809692144394e-05,0.0,-0.024241071194410324,1.172769546508789,0.712316611080815,6.528115272521973,1.8822635412216187,6.503873825073242,2.1865291595458984,6.892361164093018,4.274102449417114,,,,,,
8789940000.0,90.59,8.600000381469727,6391222784.0,2381.4319506876263,2519.0,0.0701904296875,41287680.0,86288.22426891327,0.0012142439372837543,0.00726318359375,2.0309877395629883,-0.020395822823047638,0.5446193814277649,-0.020309876650571823,-8.594989776611328e-05,0.0,0.04305455833673477,1.0437332391738892,0.7331542766574839,6.561826705932617,1.823588252067566,6.604881286621094,2.020503282546997,6.879894256591797,4.254265069961548,,,,,,
8789940000.0,110.89,8.699999809265137,6391222784.0,2342.685102202461,2520.0,0.0634765625,41304064.0,86295.21795320511,0.0007772032404318452,0.00274658203125,2.0456244945526123,-0.020680777728557587,0.5299233794212341,-0.02045624330639839,-0.00022453675046563148,0.0,0.07727611809968948,1.026877999305725,0.7559579665348107,6.344721794128418,1.845348596572876,6.421998023986816,2.078674554824829,6.9936842918396,4.339250802993774,,,,,,
8789940000.0,114.89,7.800000190734863,6391222784.0,2385.3234269458417,2521.0,0.0677490234375,41320448.0,86302.08662343025,0.0009088304359465837,0.0048828125,2.0259761810302734,-0.020576614886522293,0.5689495205879211,-0.020259760320186615,-0.00031685642898082733,0.0,0.00365912402048707,1.0648531913757324,0.7323381833335247,6.480578422546387,1.7962955236434937,6.4842376708984375,2.058241128921509,6.868670225143433,4.283531665802002,,,,,,
8789940000.0,100.41,8.0,6391222784.0,2365.106237719216,2522.0,0.0811767578125,41336832.0,86309.01400780678,0.0007982345996424556,0.0028076171875,1.9761228561401367,-0.019614089280366898,0.5806482434272766,-0.019761227071285248,0.00014714105054736137,0.0,0.008029216900467873,1.0765738487243652,0.7611815917554603,6.5865478515625,1.905830979347229,6.594577789306641,2.2029778957366943,6.927384376525879,4.1962502002716064,,,,,,
8789940000.0,105.21,8.300000190734863,6391222784.0,2431.05479417066,2523.0,0.0750732421875,41353216.0,86315.75346922874,0.001342507777735591,0.00872802734375,1.9857732057571411,-0.01928899809718132,0.6688810586929321,-0.019857732579112053,0.0005687307566404343,0.0,-0.03948979079723358,1.1543123722076416,0.716627597706603,6.587154388427734,1.842212438583374,6.547664642333984,2.168426513671875,6.739461421966553,4.186929941177368,,,,,,
8789940000.0,110.49,8.699999809265137,6391222784.0,2310.797064135531,2524.0,0.0750732421875,41369600.0,86322.84366345406,0.0016735487151890993,0.01226806640625,2.001819610595703,-0.02017548307776451,0.5329029560089111,-0.020018193870782852,-0.00015728920698165894,0.0,0.05447407811880112,1.032137155532837,0.7513949340707833,6.640352725982666,1.7927491664886475,6.694827079772949,2.0700583457946777,7.090194225311279,4.359081029891968,,,,,,
8789940000.0,101.72,8.600000381469727,6391222784.0,2420.747369733333,2525.0,0.0714111328125,41385984.0,86329.61182117462,0.0027790688909590244,0.022705078125,2.0336577892303467,-0.020256657153367996,0.48316457867622375,-0.02033657766878605,7.99223780632019e-05,0.0,0.05785618722438812,0.9836212992668152,0.7657857986165372,6.67182731628418,1.7868568897247314,6.729683876037598,2.0324578285217285,6.768157720565796,4.189082145690918,,,,,,
8789940000.0,111.91,8.100000381469727,6391222784.0,2372.4991809429694,2526.0,0.059814453125,41402368.0,86336.517619133,0.0016891176346689463,0.01275634765625,2.1178107261657715,-0.021004661917686462,0.4633602499961853,-0.02117810770869255,0.00017344672232866287,0.0,-0.030726663768291473,0.9628573656082153,0.7546463229325793,6.496849060058594,1.724525809288025,6.466122627258301,1.9438625574111938,6.905797958374023,4.2146992683410645,,,,,,
8789940000.0,150.7,7.599999904632568,6391222784.0,2301.8372276504206,2527.0,0.052490234375,41418752.0,86343.63541173935,0.0013737981207668781,0.0076904296875,2.129418134689331,-0.02131662890315056,0.46576374769210815,-0.021294178441166878,-2.244766801595688e-05,0.0,-0.10068008303642273,0.9641701579093933,0.7467749736592542,6.372646808624268,1.658492922782898,6.271966934204102,1.916021704673767,7.11779260635376,4.377283334732056,,,,,,
,,,,,,,,,,,,,,,,,,,,,,,,,,0.022597260773181915,0.582866370677948,0.5420571565628052,0.022597260773181915,0.582866370677948,0.5420571565628052
,,,,,,,,,,,,,,,,,,,,,,,,,,0.021153060719370842,0.533440113067627,0.50927734375,0.021153060719370842,0.533440113067627,0.50927734375
,,,,,,,,,,,,,,,,,,,,,,,,,,0.0208094734698534,0.5076093673706055,0.4839619994163513,0.0208094734698534,0.5076093673706055,0.4839619994163513
,,,,,,,,,,,,,,,,,,,,,,,,,,0.02067025750875473,0.4864758551120758,0.46661677956581116,0.02067025750875473,0.4864758551120758,0.46661677956581116
,,,,,,,,,,,,,,,,,,,,,,,,,,0.020618388429284096,0.46855074167251587,0.4477180540561676,0.020618388429284096,0.46855074167251587,0.4477180540561676
,,,,,,,,,,,,,,,,,,,,,,,,,,0.020369872450828552,0.4531148076057434,0.43133917450904846,0.020369872450828552,0.4531148076057434,0.43133917450904846
8789940000.0,171.13,7.5,6188634112.0,18.392890743508786,2528.0,0.047607421875,41435136.0,87234.41436696053,0.0009845243766903877,0.0057373046875,2.189814329147339,-0.022034212946891785,0.49661022424697876,-0.021898142993450165,-0.00013606809079647064,0.0,-0.11167879402637482,0.9952139854431152,0.7364461092926796,6.378175258636475,1.679276704788208,6.266496658325195,1.9385710954666138,890.7789552211761,4.191505670547485,,,,,,
8789940000.0,141.04,8.199999809265137,6391222784.0,2414.5705380587456,2529.0,0.0408935546875,41451520.0,87241.1998386383,0.0011539964471012354,0.0064697265625,2.2045209407806396,-0.022082267329096794,0.42483219504356384,-0.022045208141207695,-3.705627750605345e-05,0.0,-0.004061723593622446,0.9197698831558228,0.733802262244809,6.151098251342773,1.581078052520752,6.147036075592041,1.782693862915039,6.785471677780151,4.1989428997039795,,,,,,
8789940000.0,175.6,7.800000190734863,6391222784.0,2419.4403915692706,2530.0,0.0439453125,41467904.0,87247.97165250778,0.0006693116156384349,0.0018310546875,2.210505485534668,-0.022411348298192024,0.3933810591697693,-0.022105058655142784,-0.0003062887117266655,0.0,-0.0626906305551529,0.8901077508926392,0.780085447708655,6.068113803863525,1.6380901336669922,6.005423545837402,1.8980857133865356,6.771813869476318,4.195586442947388,,,,,,
8789940000.0,164.19,8.399999618530273,6391222784.0,2407.4480935069487,2531.0,0.045166015625,41484288.0,87254.77719902992,0.0016873400891199708,0.0098876953125,2.2295637130737305,-0.022061828523874283,0.36281776428222656,-0.022295638918876648,0.00023381086066365242,0.0,0.006525592412799597,0.8518292307853699,0.8000257615848263,6.069696426391602,1.7014262676239014,6.0762224197387695,1.9048705101013184,6.805546522140503,4.194759130477905,,,,,,
8789940000.0,144.49,8.199999809265137,6391222784.0,2389.4310936129,2532.0,0.0518798828125,41500672.0,87261.63406133652,0.0008858301443979144,0.0028076171875,2.1953721046447754,-0.021539796143770218,0.44238224625587463,-0.021953722462058067,0.00041392818093299866,0.0,-0.019887370988726616,0.9418426156044006,0.7749788083309024,6.075789928436279,1.7624971866607666,6.05590295791626,1.9854857921600342,6.856862306594849,4.197494983673096,,,,,,
8789940000.0,178.79,8.100000381469727,6391222784.0,2347.7838755558478,2533.0,0.0567626953125,41517056.0,87268.61255717278,0.0006931743700988591,0.00225830078125,2.2142131328582764,-0.021905817091464996,0.4938359558582306,-0.022142130881547928,0.0002363133244216442,0.0,0.04278399795293808,0.9930194020271301,0.7743525487493774,6.2567524909973145,1.7950263023376465,6.29953670501709,2.0904641151428223,6.978495836257935,4.203892707824707,,,,,,
8789940000.0,163.15,7.800000190734863,6391222784.0,2394.441812094748,2534.0,0.0677490234375,41533440.0,87275.4550704956,0.0012197281466796994,0.007080078125,2.160796642303467,-0.0209710244089365,0.5991697311401367,-0.02160796709358692,0.0006369440816342831,0.0,-0.012927454896271229,1.0934447050094604,0.7557318824919533,6.5614728927612305,1.9227465391159058,6.548545837402344,2.2123990058898926,6.8425133228302,4.204106330871582,,,,,,
8789940000.0,97.01,8.100000381469727,6391222784.0,2428.9979008731557,2535.0,0.0732421875,41549824.0,87282.2002389431,0.0006883546011522412,0.00262451171875,2.1037514209747314,-0.021265029907226562,0.5840903520584106,-0.0210375115275383,-0.00022751721553504467,0.0,0.044068023562431335,1.0735417604446411,0.7545163192793775,6.6214118003845215,1.897589921951294,6.665480136871338,2.166745185852051,6.745168447494507,4.184422731399536,,,,,,
8789940000.0,113.45,7.900000095367432,6391222784.0,2423.2732745586354,2536.0,0.067138671875,41566208.0,87288.96134185791,0.0009528601076453924,0.00372314453125,2.1069388389587402,-0.02098219282925129,0.5404619574546814,-0.021069388836622238,8.719414472579956e-05,0.0,-0.006753913592547178,1.0409501791000366,0.7656320870597896,6.507054328918457,1.8710418939590454,6.500300407409668,2.1502087116241455,6.761102914810181,4.201962471008301,,,,,,
8789940000.0,123.1,7.800000190734863,6391222784.0,2427.6781415487735,2537.0,0.0555419921875,41582592.0,87295.71017718315,0.0010663411812856793,0.006591796875,2.1546542644500732,-0.021539408713579178,0.5129648447036743,-0.021546542644500732,7.1320682764053345e-06,0.0,0.008277399465441704,1.0117497444152832,0.7491635171591131,6.34399938583374,1.7537429332733154,6.352276802062988,2.0201237201690674,6.748835325241089,4.189174175262451,,,,,,
8789940000.0,140.65,8.5,6391222784.0,2429.5874505054408,2538.0,0.0714111328125,41598976.0,87302.4537088871,0.0011992367217317224,0.00506591796875,2.1471681594848633,-0.0217036884278059,0.5162500143051147,-0.021471679210662842,-0.00023201294243335724,0.0,0.08471819758415222,1.0109679698944092,0.7791718198534763,6.5150041580200195,1.9350972175598145,6.599721908569336,2.1513442993164062,6.743531703948975,4.180386066436768,,,,,,
8789940000.0,121.44,8.0,6391222784.0,2407.392177331147,2539.0,0.0616455078125,41615360.0,87309.25941348076,0.0009686262346804142,0.00537109375,2.1485958099365234,-0.021114343777298927,0.4798671007156372,-0.021485956385731697,0.0003716126084327698,0.0,0.0035956164356321096,0.9825323820114136,0.7824492495133891,6.3284759521484375,1.8909276723861694,6.332071304321289,2.1065244674682617,6.805704593658447,4.201434373855591,,,,,,
8789940000.0,113.02,7.900000095367432,6391222784.0,2403.808930574972,2540.0,0.06591796875,41631744.0,87316.07526302338,0.0004401919723022729,0.0018310546875,2.109933376312256,-0.020514896139502525,0.6576398611068726,-0.021099330857396126,0.0005844347178936005,0.0,-0.053107790648937225,1.1393641233444214,0.7317839499824463,6.483677864074707,1.8985340595245361,6.430570602416992,2.1999878883361816,6.815849542617798,4.18422532081604,,,,,,
8789940000.0,117.55,8.399999618530273,6391222784.0,2390.892160131152,2541.0,0.0634765625,41648128.0,87322.92793512344,0.0010444154031574726,0.007568359375,2.1469433307647705,-0.021253764629364014,0.5129337906837463,-0.02146943099796772,0.00021566590294241905,0.0,0.05115574598312378,1.0121021270751953,0.7531868441315863,6.355018615722656,1.8024474382400513,6.4061737060546875,2.037229299545288,6.852672100067139,4.197817087173462,,,,,,
8789940000.0,137.29,8.300000190734863,6391222784.0,2406.2114600474993,2542.0,0.069580078125,41664512.0,87329.73697924614,0.0012966440990567207,0.00848388671875,2.107616424560547,-0.02145896665751934,0.4958162307739258,-0.02107616327702999,-0.00038280594162642956,0.0,0.09706754982471466,0.9895742535591125,0.7811216567845887,6.502438545227051,1.875218152999878,6.599506378173828,2.1151785850524902,6.809044122695923,4.1904456615448,,,,,,
8789940000.0,111.86,7.800000190734863,6391222784.0,2398.53082362448,2543.0,0.0738525390625,41680896.0,87336.56782746315,0.0012230400461703539,0.00933837890625,2.1060075759887695,-0.02135620266199112,0.5702024102210999,-0.021060077473521233,-0.0002961214631795883,0.0,-0.025609584525227547,1.0661641359329224,0.7652650105625851,6.6210832595825195,1.9568771123886108,6.595473289489746,2.200570583343506,6.830848217010498,4.2040557861328125,,,,,,
8789940000.0,105.61,7.699999809265137,6391222784.0,2412.456653858526,2544.0,0.0750732421875,41697280.0,87343.35924482346,0.0008309502736665308,0.0035400390625,2.05706787109375,-0.020347192883491516,0.7807905673980713,-0.020570676773786545,0.0002234838902950287,0.0,-0.05496691167354584,1.2519004344940186,0.7046006140345231,6.9011735916137695,1.9335225820541382,6.8462066650390625,2.3033769130706787,6.791417360305786,4.190746068954468,,,,,,
8789940000.0,81.56,8.199999809265137,6391222784.0,2434.9125154287003,2545.0,0.0872802734375,41713664.0,87350.08802866936,0.001575759961269796,0.01226806640625,2.085979461669922,-0.02107023447751999,0.502331554889679,-0.020859796553850174,-0.0002104397863149643,0.0,0.041033778339624405,1.0006016492843628,0.780933600906124,6.877696990966797,1.904961109161377,6.91873025894165,2.1378304958343506,6.728783845901489,4.181710243225098,,,,,,
8789940000.0,134.76,7.800000190734863,6391222784.0,2416.784001133843,2546.0,0.0653076171875,41730048.0,87356.86728572845,0.002192749409005046,0.019775390625,2.1105613708496094,-0.021672524511814117,0.584838330745697,-0.021105611696839333,-0.0005669109523296356,0.0,-0.03238166123628616,1.0806447267532349,0.7082391707335081,6.591026306152344,1.752572774887085,6.558644771575928,2.0006422996520996,6.77925705909729,4.176111698150635,,,,,,
8789940000.0,113.63,8.199999809265137,6391222784.0,2415.542175627774,2547.0,0.069580078125,41746432.0,87363.65002799034,0.0007560666417703032,0.0040283203125,2.1026337146759033,-0.02078317292034626,0.5419653058052063,-0.021026335656642914,0.00024316087365150452,0.0,0.031109413132071495,1.0403534173965454,0.7516837791593158,6.4831013679504395,1.8146722316741943,6.5142107009887695,2.087749481201172,6.782742261886597,4.205809116363525,,,,,,
8789940000.0,126.64,7.900000095367432,6391222784.0,2356.8863735466985,2548.0,0.0579833984375,41762816.0,87370.60157227516,0.0018281760858371854,0.01629638671875,2.1648128032684326,-0.021341050043702126,0.49258556962013245,-0.02164812944829464,0.0003070770762860775,0.0,-0.033992405980825424,0.9902657866477966,0.7608938138383298,6.261506080627441,1.773935079574585,6.227513313293457,2.025144577026367,6.951544284820557,4.19093918800354,,,,,,
8789940000.0,161.7,8.0,6391222784.0,2373.2779827646627,2549.0,0.05615234375,41779200.0,87377.50510406494,0.0013507821131497622,0.0093994140625,2.182374954223633,-0.0218181349337101,0.49596795439720154,-0.02182374894618988,5.6158751249313354e-06,0.0,-0.039135027676820755,0.9939863681793213,0.7807737955878629,6.311855316162109,1.8383510112762451,6.2727203369140625,2.1229233741760254,6.903531789779663,4.190783739089966,,,,,,
8789940000.0,126.69,8.0,6391222784.0,2377.10484468172,2550.0,0.05126953125,41795584.0,87384.39752197266,0.0011275465367361903,0.005859375,2.1974055767059326,-0.02271362766623497,0.46708932518959045,-0.021974051371216774,-0.0007395762950181961,0.0,-0.027985500171780586,0.9645705223083496,0.7458856546350208,6.172760963439941,1.6723257303237915,6.144775867462158,1.9134604930877686,6.892417907714844,4.188464403152466,,,,,,
8789940000.0,152.4,8.199999809265137,6391222784.0,2372.3825480797777,2551.0,0.048828125,41811968.0,87391.30365943909,0.0008792805019766092,0.00384521484375,2.2026753425598145,-0.022248439490795135,0.40917280316352844,-0.022026753053069115,-0.00022168131545186043,0.0,-0.008011408150196075,0.9058887958526611,0.783939247729632,6.18377685546875,1.7261033058166504,6.1757659912109375,1.9488894939422607,6.906137466430664,4.191195726394653,,,,,,
8789940000.0,159.09,7.5,6391222784.0,2351.8266644006094,2552.0,0.05126953125,41828352.0,87398.27015924454,0.0009652915177866817,0.00445556640625,2.19370174407959,-0.02176857739686966,0.48752152919769287,-0.021937016397714615,0.00016843900084495544,0.0,-0.03664567321538925,0.9866989254951477,0.7648518744094233,6.045051574707031,1.7482296228408813,6.008405685424805,2.0347633361816406,6.9664998054504395,4.201961517333984,,,,,,
8789940000.0,141.04,7.800000190734863,6391222784.0,2375.7587217491027,2553.0,0.06103515625,41844736.0,87405.16648244858,0.00088954356033355,0.004638671875,2.143928050994873,-0.021033473312854767,0.6139718890190125,-0.02143927849829197,0.00040580565109848976,0.0,-0.013629782944917679,1.1091862916946411,0.7321575568325809,6.258885860443115,1.861390471458435,6.245256423950195,2.143211603164673,6.896323204040527,4.186929702758789,,,,,,
8789940000.0,129.45,8.0,6391222784.0,2387.212942961295,2554.0,0.0701904296875,41861120.0,87412.02971601486,0.0007112120511010289,0.0028076171875,2.1249568462371826,-0.021191928535699844,0.5187938213348389,-0.021249568089842796,5.7639554142951965e-05,0.0,-0.029969874769449234,1.0153523683547974,0.7846844465701476,6.387757301330566,1.8808190822601318,6.357787132263184,2.1881601810455322,6.86323356628418,4.191577672958374,,,,,,
8789940000.0,94.59,7.900000095367432,6391222784.0,2331.693322582761,2555.0,0.06103515625,41877504.0,87419.05636906624,0.0010052755242213607,0.006103515625,2.1236743927001953,-0.02130782976746559,0.552960991859436,-0.02123674377799034,-7.108459249138832e-05,0.0,-0.04720856994390488,1.051526427268982,0.748017629444045,6.12095308303833,1.8187228441238403,6.073744773864746,2.0947654247283936,7.026653051376343,4.193230390548706,,,,,,
8789940000.0,152.49,7.699999809265137,6391222784.0,2400.640406306592,2556.0,0.0616455078125,41893888.0,87425.88121461868,0.0010041662026196718,0.00592041015625,2.1151187419891357,-0.020692240446805954,0.5545862913131714,-0.021151186898350716,0.00045894505456089973,0.0,0.030018510296940804,1.0530115365982056,0.747276303509308,6.172297954559326,1.8220704793930054,6.2023162841796875,2.0946435928344727,6.824845552444458,4.18965744972229,,,,,,
8789940000.0,139.16,8.0,6391222784.0,2430.6913171486685,2557.0,0.06591796875,41910272.0,87432.62168383598,0.0012617299798876047,0.00579833984375,2.1560311317443848,-0.021627912297844887,0.5234507918357849,-0.021560313180088997,-6.759539246559143e-05,0.0,0.0322192907333374,1.0177960395812988,0.7832162366702599,6.323283672332764,1.9242750406265259,6.355503082275391,2.1859869956970215,6.740469217300415,4.197064638137817,,,,,,
8789940000.0,124.36,8.199999809265137,6391222784.0,2372.691928777406,2558.0,0.0555419921875,41926656.0,87439.52692079544,0.0007484833477064967,0.00274658203125,2.1799209117889404,-0.02165062725543976,0.4465344250202179,-0.021799210458993912,0.00014858285430818796,0.0,0.017845623195171356,0.9473601579666138,0.7866783170270127,6.1063103675842285,1.8139410018920898,6.1241559982299805,2.0511510372161865,6.9052369594573975,4.194730758666992,,,,,,
8789940000.0,127.53,7.800000190734863,6391222784.0,2372.9640243897807,2559.0,0.047607421875,41943040.0,87446.4313659668,0.0008299857145175338,0.00396728515625,2.1886863708496094,-0.022204212844371796,0.45268872380256653,-0.021886862814426422,-0.00031735352240502834,0.0,-0.027051717042922974,0.9502226114273071,0.7850435850868323,6.197388648986816,1.817807912826538,6.170336723327637,2.0495119094848633,6.904445171356201,4.205649137496948,,,,,,
,,,,,,,,,,,,,,,,,,,,,,,,,,0.018707318231463432,0.5407761335372925,0.5057189464569092,0.018707318231463432,0.5407761335372925,0.5057189464569092
,,,,,,,,,,,,,,,,,,,,,,,,,,0.018029214814305305,0.4970853328704834,0.47287842631340027,0.018029214814305305,0.4970853328704834,0.47287842631340027
,,,,,,,,,,,,,,,,,,,,,,,,,,0.01696183532476425,0.4683374762535095,0.44835928082466125,0.01696183532476425,0.4683374762535095,0.44835928082466125
,,,,,,,,,,,,,,,,,,,,,,,,,,0.017380643635988235,0.44884225726127625,0.42950439453125,0.017380643635988235,0.44884225726127625,0.42950439453125
,,,,,,,,,,,,,,,,,,,,,,,,,,0.017166081815958023,0.43218904733657837,0.4114915728569031,0.017166081815958023,0.43218904733657837,0.4114915728569031
,,,,,,,,,,,,,,,,,,,,,,,,,,0.01712021604180336,0.41440343856811523,0.39685943722724915,0.01712021604180336,0.41440343856811523,0.39685943722724915
8789940000.0,165.89,7.900000095367432,6188634112.0,18.434701196154325,2560.0,0.0494384765625,41959424.0,88335.19000792503,0.0006976878503337502,0.00274658203125,2.182335138320923,-0.02135292813181877,0.4815448820590973,-0.021823350340127945,0.0004704240709543228,0.0,0.001107637770473957,0.9833758473396301,0.7463651556362646,6.3107404708862305,1.7653024196624756,6.3118486404418945,1.952608346939087,888.7586419582367,4.233453989028931,,,,,,
8789940000.0,138.71,8.100000381469727,6391222784.0,2385.322184991197,2561.0,0.0543212890625,41975808.0,88342.05868172646,0.0010271240025758743,0.00579833984375,2.186089277267456,-0.02149043045938015,0.5160871744155884,-0.021860893815755844,0.00037046149373054504,0.0,0.00770779512822628,1.0164562463760376,0.7385857636543213,6.474475383758545,1.7649552822113037,6.482183456420898,1.9880361557006836,6.868673801422119,4.201339960098267,,,,,,
8789940000.0,143.35,8.0,6391222784.0,2404.2013366019805,2562.0,0.0653076171875,41992192.0,88348.87341880798,0.0008176014525815845,0.00360107421875,2.1899683475494385,-0.021923372521996498,0.5946593880653381,-0.021899685263633728,-2.3685861378908157e-05,0.0,-0.010371718555688858,1.0907719135284424,0.7352357548585661,6.560507774353027,1.8585871458053589,6.550136089324951,2.1198458671569824,6.81473708152771,4.179823398590088,,,,,,
8789940000.0,129.53,7.400000095367432,6391222784.0,2376.6592554359577,2563.0,0.047607421875,42008576.0,88355.7671289444,0.0009109645616263151,0.0042724609375,2.218724489212036,-0.02188277617096901,0.5198298692703247,-0.0221872441470623,0.000304466113448143,0.0,-0.08609452843666077,1.0161042213439941,0.7453023461004717,6.1685380935668945,1.762878656387329,6.0824432373046875,2.0133795738220215,6.893710136413574,4.1848039627075195,,,,,,
8789940000.0,158.64,7.599999904632568,6391222784.0,2367.0045300650786,2564.0,0.0592041015625,42024960.0,88362.68895769119,0.0005683987983502448,0.0015869140625,2.143897533416748,-0.021288877353072166,0.5783130526542664,-0.021438974887132645,0.00015009939670562744,0.0,-0.038416504859924316,1.0802922248840332,0.7350999893699652,6.395086288452148,1.7719286680221558,6.3566694259643555,2.098942756652832,6.921828746795654,4.199065446853638,,,,,,
8789940000.0,145.28,7.800000190734863,6391222784.0,2421.2193707339643,2565.0,0.0482177734375,42041344.0,88369.45579600334,0.0008029699674807489,0.00299072265625,2.1751532554626465,-0.022000912576913834,0.4330082833766937,-0.021751530468463898,-0.0002493802458047867,0.0,-0.028308112174272537,0.9343957304954529,0.7594875303642779,6.101650238037109,1.650931715965271,6.073342323303223,1.905294418334961,6.766838312149048,4.194882392883301,,,,,,
8789940000.0,149.79,8.0,6391222784.0,2414.5087762194653,2566.0,0.0518798828125,42057728.0,88376.24144124985,0.0008980116108432412,0.00360107421875,2.177520275115967,-0.02104727178812027,0.4532985985279083,-0.021775202825665474,0.0007279347628355026,0.0,-0.015888718888163567,0.948528528213501,0.7741470729837654,6.248477458953857,1.7695538997650146,6.232588768005371,1.9958940744400024,6.785645246505737,4.1950743198394775,,,,,,
8789940000.0,116.45,8.800000190734863,6391222784.0,2395.967907313549,2567.0,0.0592041015625,42074112.0,88383.07959628105,0.0009943860350176692,0.00360107421875,2.1329004764556885,-0.021197009831666946,0.45869964361190796,-0.02132900431752205,0.0001319926232099533,0.0,0.0804319679737091,0.9565941095352173,0.7665453414698041,6.331394195556641,1.7915648221969604,6.411826133728027,1.9798235893249512,6.838155031204224,4.20085597038269,,,,,,
8789940000.0,173.4,7.400000095367432,6391222784.0,2404.81652639455,2568.0,0.0506591796875,42090496.0,88389.89259004593,0.0013122833333909512,0.0103759765625,2.1436727046966553,-0.021607115864753723,0.5757220983505249,-0.021436724811792374,-0.00017039291560649872,0.0,-0.08419488370418549,1.071622371673584,0.7209673664109664,6.16715145111084,1.753251314163208,6.082956790924072,2.0286850929260254,6.812993764877319,4.187378644943237,,,,,,
8789940000.0,143.11,8.0,6391222784.0,2418.0664130938308,2569.0,0.0640869140625,42106880.0,88396.66825175285,0.0012085508788004518,0.0084228515625,2.1539764404296875,-0.02117767184972763,0.4842045307159424,-0.02153976447880268,0.0003620889037847519,0.0,0.00929972343146801,0.9815776348114014,0.7959976580623864,6.109635353088379,1.857916235923767,6.118935585021973,2.1732382774353027,6.7756617069244385,4.209362030029297,,,,,,
8789940000.0,98.51,8.0,6391222784.0,2394.1595974548136,2570.0,0.068359375,42123264.0,88403.51157164574,0.0017906530993059278,0.014404296875,2.1093411445617676,-0.02095668390393257,0.5077557563781738,-0.02109341323375702,0.00013672560453414917,0.0,0.005545843858271837,1.0018101930618286,0.7994212798612885,6.223800182342529,1.9196585416793823,6.22934627532959,2.2368812561035156,6.843319892883301,4.202953815460205,,,,,,
8789940000.0,94.48,7.900000095367432,6391222784.0,2394.375736371092,2571.0,0.064697265625,42139648.0,88410.35427379608,0.0010260146809741855,0.0050048828125,2.078857898712158,-0.02106674760580063,0.5864100456237793,-0.02078857645392418,-0.0002781730145215988,0.0,0.0050028120167553425,1.0809178352355957,0.7510101537129106,6.239273548126221,1.9140758514404297,6.244276523590088,2.1662161350250244,6.842702150344849,4.189441442489624,,,,,,
8789940000.0,147.35,7.599999904632568,6391222784.0,2356.953710716096,2572.0,0.06103515625,42156032.0,88417.30561947823,0.0009483766625635326,0.004638671875,2.1101510524749756,-0.019694305956363678,0.7001827359199524,-0.021101512014865875,0.0014072079211473465,0.0,-0.04556703567504883,1.1798815727233887,0.7226057608868635,6.30915641784668,1.9256091117858887,6.263589382171631,2.2402148246765137,6.951345682144165,4.179945945739746,,,,,,
8789940000.0,120.42,7.900000095367432,6391222784.0,2344.0834666529586,2573.0,0.064697265625,42172416.0,88424.29513168335,0.0012900312431156635,0.0087890625,2.081181526184082,-0.020775817334651947,0.5585325360298157,-0.020811814814805984,3.5997480154037476e-05,0.0,0.006554093211889267,1.0540485382080078,0.768974033492061,6.264607906341553,1.9237370491027832,6.271162033081055,2.1929569244384766,6.989512205123901,4.1950531005859375,,,,,,
8789940000.0,117.5,8.199999809265137,6391222784.0,2391.080586883925,2574.0,0.069580078125,42188800.0,88431.14726376534,0.0006248770514503121,0.00286865234375,2.0968778133392334,-0.02079920470714569,0.4971039295196533,-0.020968779921531677,0.00016957521438598633,0.0,0.02226755954325199,0.9961515665054321,0.787384273927831,6.305504322052002,1.9276583194732666,6.3277716636657715,2.160367488861084,6.852132081985474,4.190302133560181,,,,,,
8789940000.0,102.24,8.399999618530273,6391222784.0,2381.6254098908353,2575.0,0.0701904296875,42205184.0,88438.02659916878,0.0006786553421989083,0.00311279296875,2.1207821369171143,-0.021033961325883865,0.5175535678863525,-0.021207820624113083,0.00017386022955179214,0.0,0.01190218422561884,1.0204085111618042,0.7962656826622323,6.304201602935791,1.996452808380127,6.316103458404541,2.260694742202759,6.879335403442383,4.198388338088989,,,,,,
8789940000.0,122.36,8.300000190734863,6391222784.0,2362.3837959588905,2576.0,0.0567626953125,42221568.0,88444.961966753,0.00091797043569386,0.0064697265625,2.152320146560669,-0.02127585932612419,0.49066540598869324,-0.02152319997549057,0.000247342512011528,0.0,0.023016583174467087,0.9894488453865051,0.7691412026434367,6.079246520996094,1.8497275114059448,6.1022629737854,2.0593018531799316,6.935367584228516,4.187650918960571,,,,,,
8789940000.0,114.03,8.399999618530273,6391222784.0,2383.3615932851953,2577.0,0.06591796875,42237952.0,88451.83629083633,0.0009178207255899906,0.0045166015625,2.1127099990844727,-0.020350130274891853,0.5260239243507385,-0.02112709730863571,0.0007769674994051456,0.0,0.04821787029504776,1.0235861539840698,0.7877739199311993,6.414159297943115,1.994935154914856,6.462377071380615,2.221902370452881,6.874324083328247,4.20388388633728,,,,,,
8789940000.0,126.39,7.800000190734863,6391222784.0,2425.319795108327,2578.0,0.0634765625,42254336.0,88458.59168863297,0.0009591610287316144,0.00439453125,2.136319637298584,-0.020394090563058853,0.635227620601654,-0.02136319689452648,0.0009691091254353523,0.0,-0.0420856848359108,1.1281893253326416,0.7259667266400778,6.406283378601074,1.9126135110855103,6.364197731018066,2.1551637649536133,6.755397796630859,4.192135572433472,,,,,,
8789940000.0,114.35,7.900000095367432,6391222784.0,2403.7474657970574,2579.0,0.072021484375,42270720.0,88465.40771245956,0.0011720785405486822,0.00823974609375,2.0813186168670654,-0.02115871198475361,0.6275937557220459,-0.02081318572163582,-0.00034552812576293945,0.0,-0.031097769737243652,1.1194326877593994,0.7483692808129428,6.460780620574951,1.9448895454406738,6.429682731628418,2.2315988540649414,6.816023826599121,4.190802335739136,,,,,,
8789940000.0,88.77,8.100000381469727,6391222784.0,2402.7820153473626,2580.0,0.078125,42287104.0,88472.22647500038,0.0014512499328702688,0.01409912109375,2.071610927581787,-0.021037202328443527,0.635584831237793,-0.02071611024439335,-0.0003210948780179024,0.0,-0.01647234708070755,1.1246691942214966,0.7523845823413757,6.584114074707031,1.9390714168548584,6.5676422119140625,2.2601425647735596,6.818762540817261,4.185947895050049,,,,,,
8789940000.0,133.4,7.5,6391222784.0,2399.732253771523,2581.0,0.0628662109375,42303488.0,88479.0539033413,0.0013270904310047626,0.00726318359375,2.0892295837402344,-0.019895605742931366,0.546156644821167,-0.020892295986413956,0.0009966930374503136,0.0,0.007767260540276766,1.0438942909240723,0.7574704168607324,6.149826526641846,1.830095648765564,6.157593727111816,2.1196982860565186,6.827428340911865,4.193267583847046,,,,,,
8789940000.0,108.81,8.300000190734863,6391222784.0,2409.2136131562297,2582.0,0.0750732421875,42319872.0,88485.8544626236,0.0011934787034988403,0.00775146484375,2.087857484817505,-0.020464424043893814,0.586181640625,-0.02087857387959957,0.00041415076702833176,0.0,0.0047014011070132256,1.0828046798706055,0.7643809840049223,6.524806499481201,1.9510984420776367,6.529507637023926,2.230717897415161,6.8005592823028564,4.186500549316406,,,,,,
8789940000.0,113.25,7.800000190734863,6391222784.0,2388.8441773791487,2583.0,0.0628662109375,42336256.0,88492.71300959587,0.0013453926658257842,0.00836181640625,2.1216468811035156,-0.021498708054423332,0.4983070492744446,-0.021216468885540962,-0.0002822382375597954,0.0,-0.02319004386663437,0.9975977540016174,0.779540139708156,6.529766082763672,1.8922785520553589,6.506575584411621,2.1246657371520996,6.85854697227478,4.20877742767334,,,,,,
8789940000.0,146.49,8.0,6391222784.0,2371.562346785104,2584.0,0.0604248046875,42352640.0,88499.62153553963,0.001813884824514389,0.01373291015625,2.134986162185669,-0.020113062113523483,0.5868725776672363,-0.021349862217903137,0.001236800104379654,0.0,0.022608857601881027,1.081080436706543,0.7407034661323773,6.492622375488281,1.9036200046539307,6.515231132507324,2.123047113418579,6.9085259437561035,4.190561532974243,,,,,,
8789940000.0,132.41,7.900000095367432,6391222784.0,2365.9932544577982,2585.0,0.0616455078125,42369024.0,88506.54632282257,0.0017563877627253532,0.012939453125,2.13531756401062,-0.020772185176610947,0.543583333492279,-0.02135317772626877,0.0005809944123029709,0.0,0.010172544978559017,1.043628215789795,0.761308064907491,6.400639533996582,1.8679759502410889,6.410811901092529,2.1361265182495117,6.924787282943726,4.193178653717041,,,,,,
8789940000.0,132.09,8.300000190734863,6391222784.0,2342.617699402362,2586.0,0.062255859375,42385408.0,88513.54020833969,0.001080192974768579,0.00531005859375,2.1364593505859375,-0.020872391760349274,0.4926234483718872,-0.021364593878388405,0.0004922007210552692,0.0,0.010220407508313656,0.988430917263031,0.7729581733353634,6.288117408752441,1.8567434549331665,6.298337936401367,2.07440447807312,6.993885517120361,4.190539360046387,,,,,,
8789940000.0,120.95,8.100000381469727,6391222784.0,2337.025151642528,2587.0,0.0689697265625,42401792.0,88520.55083036423,0.0009671269217506051,0.005859375,2.1109116077423096,-0.021102508530020714,0.5775023102760315,-0.021109119057655334,6.606802344322205e-06,0.0,-0.008310089819133282,1.0733832120895386,0.7490647236755994,6.390583038330078,1.8635239601135254,6.382272720336914,2.1427621841430664,7.010622024536133,4.188211679458618,,,,,,
8789940000.0,129.05,8.300000190734863,6391222784.0,2356.4042936125425,2588.0,0.0555419921875,42418176.0,88527.50379681587,0.001168383052572608,0.008056640625,2.134840965270996,-0.020982258021831512,0.4960392713546753,-0.021348409354686737,0.00036615412682294846,0.0,0.019504133611917496,0.9927986264228821,0.776978348805323,6.427908897399902,1.8707865476608276,6.447412490844727,2.1022658348083496,6.9529664516448975,4.1823999881744385,,,,,,
8789940000.0,124.51,8.199999809265137,6391222784.0,2377.5371930157307,2589.0,0.07080078125,42434560.0,88534.39496135712,0.0013552425662055612,0.0087890625,2.0878021717071533,-0.02117251604795456,0.5148458480834961,-0.02087802067399025,-0.00029449351131916046,0.0,0.022665441036224365,1.0126333236694336,0.7781667056300787,6.490551948547363,1.8714485168457031,6.513217449188232,2.150002956390381,6.891164541244507,4.2076497077941895,,,,,,
8789940000.0,100.79,8.0,6391222784.0,2423.1699668504157,2590.0,0.0732421875,42450944.0,88541.15635251999,0.0012161541962996125,0.00738525390625,2.099747896194458,-0.019958529621362686,0.5950167179107666,-0.02099747769534588,0.001038944348692894,0.0,-0.010166319087147713,1.0898346900939941,0.7460152699978306,6.576169967651367,1.8780328035354614,6.566003322601318,2.162504196166992,6.7613911628723145,4.194180250167847,,,,,,
8789940000.0,98.73,8.5,6391222784.0,2338.8871344605886,2591.0,0.0732421875,42467328.0,88548.161393404,0.0015966484788805246,0.01104736328125,2.0487706661224365,-0.02044769376516342,0.6140090227127075,-0.020487705245614052,4.001148045063019e-05,0.0,0.0802524983882904,1.104067087173462,0.7219749395391933,6.531430721282959,1.836663007736206,6.611683368682861,2.093888521194458,7.005040884017944,4.20355486869812,,,,,,
,,,,,,,,,,,,,,,,,,,,,,,,,,0.026381587609648705,0.5714284777641296,0.5257853269577026,0.026381587609648705,0.5714284777641296,0.5257853269577026
,,,,,,,,,,,,,,,,,,,,,,,,,,0.024027269333600998,0.5242055654525757,0.49373045563697815,0.024027269333600998,0.5242055654525757,0.49373045563697815
,,,,,,,,,,,,,,,,,,,,,,,,,,0.02368442714214325,0.49583888053894043,0.4690990149974823,0.02368442714214325,0.49583888053894043,0.4690990149974823
,,,,,,,,,,,,,,,,,,,,,,,,,,0.02357613481581211,0.47645947337150574,0.4517712891101837,0.02357613481581211,0.47645947337150574,0.4517712891101837
,,,,,,,,,,,,,,,,,,,,,,,,,,0.0230155810713768,0.4565422832965851,0.43443676829338074,0.0230155810713768,0.4565422832965851,0.43443676829338074
,,,,,,,,,,,,,,,,,,,,,,,,,,0.023195398971438408,0.4379292130470276,0.41722992062568665,0.023195398971438408,0.4379292130470276,0.41722992062568665
8789940000.0,115.23,7.699999809265137,6188634112.0,18.43506117133729,2592.0,0.069580078125,42483712.0,89436.90268087387,0.00043028820073232055,0.0006103515625,2.0839757919311523,-0.02049117535352707,0.6410138010978699,-0.020839756354689598,0.0003485823981463909,0.0,-0.004231820814311504,1.1311205625534058,0.7243837276502898,6.399895668029785,1.8773775100708008,6.395663738250732,2.1545491218566895,888.7412874698639,4.383864879608154,,,,,,
8789940000.0,111.11,8.300000190734863,6391222784.0,2402.3663046402658,2593.0,0.07568359375,42500096.0,89443.72262334824,0.00037472287658602,0.00067138671875,2.077521800994873,-0.020888840779662132,0.6233530044555664,-0.020775217562913895,-0.0001136227510869503,0.0,0.04966384917497635,1.1120765209197998,0.738677460836277,6.616600036621094,1.8883450031280518,6.666264533996582,2.1754372119903564,6.819942474365234,4.197124242782593,,,,,,
8789940000.0,112.67,8.100000381469727,6391222784.0,2398.021684604217,2594.0,0.0872802734375,42516480.0,89450.55492186546,0.0006409598281607032,0.00213623046875,2.0502982139587402,-0.020435433834791183,0.6450717449188232,-0.020502982661128044,6.754696369171143e-05,0.0,0.02403191477060318,1.1370744705200195,0.7440962853794105,6.795576095581055,1.935828685760498,6.819607734680176,2.2477633953094482,6.832298517227173,4.197165489196777,,,,,,
8789940000.0,116.1,7.699999809265137,6391222784.0,2399.2815764461375,2595.0,0.0738525390625,42532864.0,89457.38363265991,0.001155938021838665,0.00628662109375,2.082970142364502,-0.01994067057967186,0.6962148547172546,-0.0208296999335289,0.0008890256285667419,0.0,-0.03267043083906174,1.1804466247558594,0.7084201137534168,6.767457008361816,1.9091441631317139,6.7347869873046875,2.1860880851745605,6.8287107944488525,4.202877521514893,,,,,,
8789940000.0,101.7,7.800000190734863,6391222784.0,2392.660629493193,2596.0,0.074462890625,42549248.0,89464.23123979568,0.0008597564301453531,0.00335693359375,2.078566074371338,-0.02077789232134819,0.6553250551223755,-0.020785659551620483,7.766298949718475e-06,0.0,-0.009382043965160847,1.1448441743850708,0.7182551486741662,6.644920349121094,1.8676730394363403,6.635538578033447,2.156841993331909,6.847607135772705,4.190451145172119,,,,,,
8789940000.0,109.1,8.0,6391222784.0,2407.2136509109387,2597.0,0.0750732421875,42565632.0,89471.03744912148,0.0007489828858524561,0.004638671875,2.0710394382476807,-0.020601019263267517,0.6842002272605896,-0.020710395649075508,0.00010937871411442757,0.0,-0.006484081968665123,1.1700466871261597,0.7160678986971469,6.574645519256592,1.8536944389343262,6.568161487579346,2.1958160400390625,6.806209325790405,4.202266693115234,,,,,,
8789940000.0,107.86,8.0,6391222784.0,2391.36573760658,2598.0,0.0787353515625,42582016.0,89477.88876414299,0.0004566613642964512,0.001220703125,2.0429306030273438,-0.02000124566257,0.6089375019073486,-0.020429305732250214,0.0004280572757124901,0.0,0.05075555294752121,1.1004546880722046,0.7457220837391636,6.658544540405273,1.8718147277832031,6.7093000411987305,2.1823174953460693,6.851315021514893,4.2024877071380615,,,,,,
8789940000.0,103.42,8.300000190734863,6391222784.0,2379.132410355412,2599.0,0.0799560546875,42598400.0,89484.77530813217,0.000768372556194663,0.00244140625,2.0283374786376953,-0.020317228510975838,0.6866298317909241,-0.020283371210098267,-3.3855438232421875e-05,0.0,-0.001620301976799965,1.1715192794799805,0.7310015988969274,6.692139625549316,1.9606045484542847,6.6905198097229,2.258784055709839,6.8865439891815186,4.180009603500366,,,,,,
8789940000.0,106.58,8.699999809265137,6391222784.0,2366.87539332554,2600.0,0.0860595703125,42614784.0,89491.697514534,0.0012163880746811628,0.00592041015625,2.0442893505096436,-0.020101185888051987,0.5372117757797241,-0.020442891865968704,0.00034170132130384445,0.0,0.10911961644887924,1.03362238407135,0.7714740480438416,6.828306674957275,1.9898368120193481,6.937426567077637,2.162191867828369,6.922206401824951,4.186640977859497,,,,,,
8789940000.0,87.68,7.900000095367432,6391222784.0,2401.904311346211,2601.0,0.079345703125,42631168.0,89498.51876878738,0.0008310114499181509,0.002197265625,2.053046941757202,-0.020371388643980026,0.6442143321037292,-0.020530465990304947,0.00015907920897006989,0.0,-0.01869906112551689,1.1330108642578125,0.7419436885923094,6.761466979980469,1.9307031631469727,6.742767333984375,2.2303688526153564,6.821254253387451,4.197592496871948,,,,,,
8789940000.0,99.99,8.199999809265137,6391222784.0,2423.0577824346224,2602.0,0.0665283203125,42647552.0,89505.28047299385,0.0006548899691551924,0.001708984375,2.0967419147491455,-0.020856495946645737,0.548234224319458,-0.02096741832792759,0.00011092610657215118,0.0,-0.033990081399679184,1.047768473625183,0.756866879341763,6.708681583404541,1.8464381694793701,6.674691677093506,2.12492299079895,6.761704206466675,4.199137449264526,,,,,,
8789940000.0,103.09,8.300000190734863,6391222784.0,2413.1409001280745,2603.0,0.0738525390625,42663936.0,89512.0699646473,0.0010789367370307446,0.0047607421875,2.0760910511016846,-0.021050654351711273,0.6230418086051941,-0.02076091058552265,-0.0002897419035434723,0.0,0.00991896167397499,1.1178756952285767,0.7164745378879012,6.732147216796875,1.7869188785552979,6.742066383361816,2.0994114875793457,6.789491653442383,4.1862218379974365,,,,,,
8789940000.0,99.88,8.300000190734863,6391222784.0,2436.110434207732,2604.0,0.0762939453125,42680320.0,89518.79543972015,0.0013373668771237135,0.009521484375,2.1273298263549805,-0.02118299901485443,0.5490073561668396,-0.021273298189044,9.029917418956757e-05,0.0,0.01812935620546341,1.047808051109314,0.7525013305648586,6.672557830810547,1.8628140687942505,6.69068717956543,2.1061782836914062,6.725475072860718,4.198473930358887,,,,,,
8789940000.0,112.82,7.900000095367432,6391222784.0,2412.0656124750512,2605.0,0.0567626953125,42696704.0,89525.58795809746,0.00201268563978374,0.014892578125,2.158447027206421,-0.021315759047865868,0.5453504323959351,-0.021584467962384224,0.0002687089145183563,0.0,0.01121426746249199,1.0434197187423706,0.7472798633288253,6.538915634155273,1.826446294784546,6.5501298904418945,2.0755770206451416,6.792518377304077,4.192502021789551,,,,,,
8789940000.0,127.93,7.599999904632568,6391222784.0,2368.194163625129,2606.0,0.0567626953125,42713088.0,89532.5063097477,0.0011454978957772255,0.0037841796875,2.1518898010253906,-0.021309223026037216,0.5575321912765503,-0.021518897265195847,0.00020967423915863037,0.0,-0.06614605337381363,1.0550745725631714,0.7416776422207616,6.457874298095703,1.809720754623413,6.391727447509766,2.075878143310547,6.918351650238037,4.31633734703064,,,,,,
8789940000.0,149.89,8.199999809265137,6391222784.0,2377.288801725582,2607.0,0.0640869140625,42729472.0,89539.39819431305,0.0009334260830655694,0.00445556640625,2.1196484565734863,-0.020881880074739456,0.49707716703414917,-0.021196480840444565,0.0003146026283502579,0.0,0.0011282784398645163,0.9959355592727661,0.7581075910593805,6.553379058837891,1.777400016784668,6.554507255554199,2.024976968765259,6.8918845653533936,4.189888954162598,,,,,,
8789940000.0,128.49,8.100000381469727,6391222784.0,2406.277011024033,2608.0,0.06591796875,42745856.0,89546.20705294609,0.0010242939461022615,0.0054931640625,2.103111982345581,-0.020819785073399544,0.54803866147995,-0.021031120792031288,0.00021133571863174438,0.0,-0.04811616241931915,1.046099305152893,0.7611243186889469,6.43016242980957,1.8228638172149658,6.382045745849609,2.1403603553771973,6.808858633041382,4.210601329803467,,,,,,
8789940000.0,139.45,7.900000095367432,6391222784.0,2391.1678639067163,2609.0,0.05615234375,42762240.0,89553.05893492699,0.0007900958298705518,0.00311279296875,2.1312978267669678,-0.020533062517642975,0.4739440381526947,-0.021312978118658066,0.0007799156010150909,0.0,-0.011849978938698769,0.9756726622581482,0.7508362095603942,6.4984965324401855,1.717722773551941,6.4866461753845215,1.954616665840149,6.851881980895996,4.266162157058716,,,,,,
8789940000.0,121.87,8.199999809265137,6391222784.0,2376.8867974831373,2610.0,0.0531005859375,42778624.0,89559.95198512077,0.0006809886544942856,0.00250244140625,2.1699037551879883,-0.021495569497346878,0.3921641409397125,-0.02169903740286827,0.0002034669741988182,0.0,-0.04489019513130188,0.8839095234870911,0.7791195049050558,6.393582344055176,1.6720980405807495,6.348692417144775,1.8807419538497925,6.893050193786621,4.193334341049194,,,,,,
8789940000.0,188.89,7.5,6391222784.0,2386.9039094011628,2611.0,0.04150390625,42795008.0,89566.8161072731,0.0010054719168692827,0.00323486328125,2.172818660736084,-0.021864768117666245,0.4396355450153351,-0.021728187799453735,-0.00013658031821250916,0.0,-0.01967695541679859,0.9384753704071045,0.7255319223715195,6.328056335449219,1.5269293785095215,6.308379650115967,1.7913354635238647,6.864122152328491,4.182274580001831,,,,,,
8789940000.0,122.54,8.600000381469727,6391222784.0,2309.8213577550623,2612.0,0.057373046875,42811392.0,89573.9092965126,0.001008233055472374,0.00323486328125,2.197484016418457,-0.020773574709892273,0.41184425354003906,-0.021974841132760048,0.0012012645602226257,0.0,0.015103431418538094,0.905512809753418,0.7739467495668777,6.362264633178711,1.671836018562317,6.377367973327637,1.9045363664627075,7.093189239501953,4.410698413848877,,,,,,
8789940000.0,159.67,7.599999904632568,6391222784.0,2390.5860819658615,2613.0,0.057373046875,42827776.0,89580.76284599304,0.0007136661442928016,0.0028076171875,2.212574005126953,-0.021304013207554817,0.4768002927303314,-0.022125737741589546,0.0008217267459258437,0.0,-0.09091678261756897,0.9731937646865845,0.7602532228878824,6.291985511779785,1.7134969234466553,6.201068878173828,1.9875727891921997,6.853549480438232,4.208781480789185,,,,,,
8789940000.0,128.78,8.800000190734863,6391222784.0,2371.891325269509,2614.0,0.0634765625,42844160.0,89587.67041373253,0.0005796285113319755,0.00164794921875,2.163935422897339,-0.021694757044315338,0.5406709909439087,-0.021639354526996613,-5.5400654673576355e-05,0.0,0.08947286009788513,1.0340888500213623,0.732116851565048,6.417752265930176,1.7831896543502808,6.507225036621094,1.9979513883590698,6.907567739486694,4.3414459228515625,,,,,,
8789940000.0,130.62,8.0,6391222784.0,2360.575611646905,2615.0,0.0445556640625,42860544.0,89594.61109375954,0.0007125231204554439,0.001708984375,2.1915652751922607,-0.02163895219564438,0.40526604652404785,-0.021915649995207787,0.00027669453993439674,0.0,-0.04238492250442505,0.8917251825332642,0.7480206847855331,6.191908836364746,1.5389385223388672,6.149523735046387,1.7764308452606201,6.940680027008057,4.248905897140503,,,,,,
8789940000.0,156.74,7.599999904632568,6391222784.0,2368.906770364351,2616.0,0.0408935546875,42876928.0,89601.527364254,0.0013526463881134987,0.00946044921875,2.1839065551757812,-0.022160744294524193,0.41316652297973633,-0.021839063614606857,-0.0003216806799173355,0.0,-0.05706463381648064,0.9082139730453491,0.7327456859133528,6.171555995941162,1.5202797651290894,6.1144914627075195,1.7568150758743286,6.91627049446106,4.20704984664917,,,,,,
8789940000.0,180.35,7.800000190734863,6391222784.0,2360.508472785418,2617.0,0.05126953125,42893312.0,89608.46824169159,0.001171438954770565,0.0081787109375,2.161982536315918,-0.020856013521552086,0.4695970118045807,-0.021619826555252075,0.0007638130336999893,0.0,-0.019915655255317688,0.965975821018219,0.7435379246223779,6.174715995788574,1.6228402853012085,6.1548004150390625,1.9074561595916748,6.940877437591553,4.3290746212005615,,,,,,
8789940000.0,186.13,8.199999809265137,6391222784.0,2404.7992745793563,2618.0,0.047607421875,42909696.0,89615.28128433228,0.0010777980787679553,0.00628662109375,2.13883638381958,-0.02122708223760128,0.37918055057525635,-0.02138836309313774,0.0001612817868590355,0.0,0.025564569979906082,0.8717569708824158,0.7906418432310096,6.057119369506836,1.6596572399139404,6.08268404006958,1.905243992805481,6.813042640686035,4.250437259674072,,,,,,
8789940000.0,177.84,8.0,6391222784.0,2329.947991313215,2619.0,0.0457763671875,42926080.0,89622.31320095062,0.0013369666412472725,0.0086669921875,2.191227436065674,-0.021636709570884705,0.4574592709541321,-0.02191227488219738,0.0002755681052803993,0.0,-0.017290208488702774,0.9557158350944519,0.7343864560816703,5.863354206085205,1.6200875043869019,5.84606409072876,1.8544002771377563,7.031916618347168,4.299203157424927,,,,,,
8789940000.0,134.17,8.5,6391222784.0,2339.1805941843077,2620.0,0.0653076171875,42942464.0,89629.31736302376,0.0012480850564315915,0.00787353515625,2.1205360889434814,-0.021294280886650085,0.4788849949836731,-0.02120536006987095,-8.892081677913666e-05,0.0,0.07024570554494858,0.9786431193351746,0.7855275238961321,6.160463809967041,1.8271331787109375,6.230709552764893,2.113189458847046,7.004162073135376,4.274437189102173,,,,,,
8789940000.0,122.76,8.5,6391222784.0,2394.5274990509974,2621.0,0.0750732421875,42958848.0,89636.15963149071,0.001028324943035841,0.0048828125,2.0754458904266357,-0.020488552749156952,0.47125229239463806,-0.020754458382725716,0.00026590563356876373,0.0,0.03864887356758118,0.9785480499267578,0.7952535931754888,6.282439231872559,1.9199124574661255,6.3210883140563965,2.162588596343994,6.842268466949463,4.2671589851379395,,,,,,
8789940000.0,136.67,7.300000190734863,6391222784.0,2354.150794304131,2622.0,0.0537109375,42975232.0,89643.1192536354,0.000945124716963619,0.0057373046875,2.1172080039978027,-0.020537102594971657,0.5101363658905029,-0.02117208018898964,0.0006349782925099134,0.0,-0.03304353356361389,1.0094332695007324,0.7612282419675264,6.112332344055176,1.7804369926452637,6.079288482666016,2.0657877922058105,6.959622144699097,4.180071115493774,,,,,,
8789940000.0,123.37,8.199999809265137,6391222784.0,2367.1859485913706,2623.0,0.059814453125,42991616.0,89650.04055190086,0.0009231684962287545,0.00299072265625,2.089482307434082,-0.020834816619753838,0.5216854214668274,-0.020894823595881462,6.0006044805049896e-05,0.0,0.04935307055711746,1.0185985565185547,0.7475873494002188,6.304539203643799,1.7946282625198364,6.3538923263549805,2.0274384021759033,6.921298265457153,4.2909064292907715,,,,,,
,,,,,,,,,,,,,,,,,,,,,,,,,,0.018293125554919243,0.5621517300605774,0.521821916103363,0.018293125554919243,0.5621517300605774,0.521821916103363
,,,,,,,,,,,,,,,,,,,,,,,,,,0.017046093940734863,0.511081337928772,0.4880569875240326,0.017046093940734863,0.511081337928772,0.4880569875240326
,,,,,,,,,,,,,,,,,,,,,,,,,,0.016147246584296227,0.4845421016216278,0.4657847285270691,0.016147246584296227,0.4845421016216278,0.4657847285270691
,,,,,,,,,,,,,,,,,,,,,,,,,,0.016607658937573433,0.4650956392288208,0.4481872618198395,0.016607658937573433,0.4650956392288208,0.4481872618198395
,,,,,,,,,,,,,,,,,,,,,,,,,,0.016383163630962372,0.4467209577560425,0.4312252402305603,0.016383163630962372,0.4467209577560425,0.4312252402305603
,,,,,,,,,,,,,,,,,,,,,,,,,,0.01684722863137722,0.43473342061042786,0.41943445801734924,0.01684722863137722,0.43473342061042786,0.41943445801734924
8789940000.0,141.02,7.900000095367432,6188634112.0,18.45661732926316,2624.0,0.048828125,43008000.0,90537.74384593964,0.0008475650101900101,0.00372314453125,2.161811113357544,-0.021475588902831078,0.46326401829719543,-0.021618111059069633,0.00014251843094825745,0.0,-0.023999257013201714,0.9595550894737244,0.7604207329329675,6.287088871002197,1.725009560585022,6.263089656829834,1.960403561592102,887.7032940387726,4.200978517532349,,,,,,
8789940000.0,153.94,7.699999809265137,6391222784.0,2381.9483520895865,2625.0,0.0616455078125,43024384.0,90544.6222486496,0.0007518366910517216,0.00250244140625,2.1146414279937744,-0.021061303094029427,0.6012089848518372,-0.021146414801478386,8.511077612638474e-05,0.0,-0.025151986628770828,1.0974159240722656,0.719090651582047,6.49062442779541,1.799561619758606,6.465472221374512,2.070561170578003,6.8784027099609375,4.196131467819214,,,,,,
8789940000.0,140.27,8.5,6391222784.0,2427.981868009915,2626.0,0.062255859375,43040768.0,90551.37023973465,0.0011390699073672295,0.00689697265625,2.1352460384368896,-0.02169586345553398,0.4778825640678406,-0.021352462470531464,-0.0003433988895267248,0.0,0.016621781513094902,0.9758298993110657,0.7448001407784886,6.49504280090332,1.7151556015014648,6.511664390563965,1.9316747188568115,6.74799108505249,4.187085390090942,,,,,,
8789940000.0,112.74,8.100000381469727,6391222784.0,2416.899090494111,2627.0,0.052490234375,43057152.0,90558.14917397499,0.0006099211750552058,0.0015869140625,2.1667027473449707,-0.02150486409664154,0.43083706498146057,-0.021667029708623886,0.0001621674746274948,0.0,-0.06724465638399124,0.9232763051986694,0.7729836100761667,6.383603572845459,1.7138335704803467,6.31635856628418,1.9377734661102295,6.7789342403411865,4.210256099700928,,,,,,
8789940000.0,117.82,8.399999618530273,6391222784.0,2393.1280740019897,2628.0,0.0665283203125,43073536.0,90564.99544358253,0.0006668696878477931,0.001953125,2.1418726444244385,-0.021317310631275177,0.531402051448822,-0.021418724209070206,0.00010141555685549974,0.0,0.014492472633719444,1.0302079916000366,0.7426049282299918,6.335681915283203,1.7781180143356323,6.350174427032471,2.030601739883423,6.846269607543945,4.181972026824951,,,,,,
8789940000.0,148.06,8.300000190734863,6391222784.0,2418.9583550901616,2629.0,0.0555419921875,43089920.0,90571.76860690117,0.0014175461838021874,0.00787353515625,2.1616361141204834,-0.021234959363937378,0.4646831452846527,-0.021616360172629356,0.00038139941170811653,0.0,-0.009015116840600967,0.9640613198280334,0.7797887929152729,6.3207573890686035,1.8128819465637207,6.311742305755615,2.0543999671936035,6.773163318634033,4.191036224365234,,,,,,
8789940000.0,142.19,8.300000190734863,6391222784.0,2440.917474267696,2630.0,0.0640869140625,43106304.0,90578.4808371067,0.0005577333504334092,0.0013427734375,2.1208159923553467,-0.021431855857372284,0.5375410318374634,-0.021208159625530243,-0.0002236953005194664,0.0,0.06327135860919952,1.033572793006897,0.7562202396787614,6.463369369506836,1.8423917293548584,6.52664041519165,2.093351364135742,6.712230205535889,4.195572853088379,,,,,,
8789940000.0,104.85,8.199999809265137,6391222784.0,2416.4420277183344,2631.0,0.0909423828125,43122688.0,90585.26105356216,0.0008029054733924568,0.0037841796875,2.1021156311035156,-0.01964205875992775,0.6519772410392761,-0.021021155640482903,0.0013790969969704747,0.0,0.010507483966648579,1.1386133432388306,0.7355887666516409,6.790616035461426,1.9529837369918823,6.80112361907959,2.214299440383911,6.780216455459595,4.2011213302612305,,,,,,
8789940000.0,95.91,8.399999618530273,6391222784.0,2410.4403989519697,2632.0,0.072021484375,43139072.0,90592.05815172195,0.0010738662676885724,0.006591796875,2.0967800617218018,-0.020813792943954468,0.617672860622406,-0.020967800170183182,0.000154007226228714,0.0,0.0863097757101059,1.1067557334899902,0.7134272284552714,6.670316219329834,1.8344926834106445,6.756626129150391,2.06744647026062,6.797098159790039,4.18017315864563,,,,,,
8789940000.0,100.73,8.899999618530273,6391222784.0,2379.7771129219072,2633.0,0.0811767578125,43155456.0,90598.94283008575,0.0014181043952703476,0.0089111328125,2.111128330230713,-0.020557072013616562,0.646323561668396,-0.02111128345131874,0.0005542095750570297,0.0,0.04981254041194916,1.1327061653137207,0.7223190076641341,6.780362606048584,1.8995296955108643,6.830175399780273,2.149533748626709,6.884678363800049,4.19632363319397,,,,,,
8789940000.0,86.04,8.100000381469727,6391222784.0,2418.847922543338,2634.0,0.0762939453125,43171840.0,90605.71630263329,0.0018421784043312073,0.01470947265625,2.0702996253967285,-0.01941482163965702,0.576941967010498,-0.020702999085187912,0.0012881755828857422,0.0,0.0033512143418192863,1.073472023010254,0.7449534534949438,6.848323345184326,1.8391609191894531,6.851674556732178,2.1255970001220703,6.773472547531128,4.193899154663086,,,,,,
8789940000.0,138.39,8.0,6391222784.0,2379.654654351837,2635.0,0.078125,43188224.0,90612.6013352871,0.0011424917029216886,0.00732421875,2.1140120029449463,-0.020893128588795662,0.5802901387214661,-0.021140119060873985,0.0002469876781105995,0.0,-0.031301531940698624,1.0747785568237305,0.7490385113307341,6.8325605392456055,1.8516347408294678,6.801258563995361,2.1454358100891113,6.885032653808594,4.208114147186279,,,,,,
8789940000.0,115.0,8.0,6391222784.0,2411.1520115904596,2636.0,0.07080078125,43204608.0,90619.39642739296,0.0006075409473851323,0.001708984375,2.1169538497924805,-0.020939640700817108,0.6091607809066772,-0.021169539541006088,0.0002298979088664055,0.0,0.0066873012110590935,1.1016309261322021,0.7199748546351048,6.750589370727539,1.7898796796798706,6.75727653503418,2.0817930698394775,6.7950921058654785,4.184932470321655,,,,,,
8789940000.0,98.37,8.199999809265137,6391222784.0,2400.829953390634,2637.0,0.0750732421875,43220992.0,90626.22073411942,0.0007340945303440094,0.00360107421875,2.068802833557129,-0.02098889648914337,0.6502677798271179,-0.020688027143478394,-0.0003008684143424034,0.0,0.02055252343416214,1.1408545970916748,0.7038860700811818,6.719607830047607,1.7933663129806519,6.7401604652404785,2.096529006958008,6.8243067264556885,4.211077451705933,,,,,,
8789940000.0,108.58,7.699999809265137,6391222784.0,2378.6034796963254,2638.0,0.079345703125,43237376.0,90633.10880947113,0.0013506719842553139,0.00860595703125,2.0772104263305664,-0.020998619496822357,0.7174891233444214,-0.02077210322022438,-0.00022651255130767822,0.0,0.015178019180893898,1.1953593492507935,0.7034226958053217,6.863016128540039,1.8435735702514648,6.8781938552856445,2.194974422454834,6.888075351715088,4.204996585845947,,,,,,
8789940000.0,95.83,8.199999809265137,6391222784.0,2383.9024834923384,2639.0,0.0897216796875,43253760.0,90639.98157382011,0.001298444694839418,0.01123046875,2.0538296699523926,-0.020156091079115868,0.6689718961715698,-0.020538300275802612,0.00038220733404159546,0.0,0.05995457246899605,1.1467026472091675,0.7068976030672275,6.980992317199707,1.8680665493011475,7.040946960449219,2.118074417114258,6.872764348983765,4.203099727630615,,,,,,
8789940000.0,93.72,8.100000381469727,6391222784.0,2321.2456406982315,2640.0,0.078125,43270144.0,90647.03985309601,0.0008984517771750689,0.0045166015625,2.0595102310180664,-0.02056390419602394,0.6227346062660217,-0.02059509977698326,3.119278699159622e-05,0.0,-0.044020380824804306,1.112715721130371,0.7328362178625265,6.884376049041748,1.8351824283599854,6.84035587310791,2.1527597904205322,7.058279275894165,4.202846527099609,,,,,,
8789940000.0,98.71,8.300000190734863,6391222784.0,2359.397992408943,2641.0,0.072021484375,43286528.0,90653.98399734497,0.0006256133783608675,0.0025634765625,2.0915727615356445,-0.020284848287701607,0.5556910634040833,-0.02091572806239128,0.0006308797746896744,0.0,-0.050134629011154175,1.052860975265503,0.741033375489776,6.858395099639893,1.759372591972351,6.808259963989258,2.068943977355957,6.944144248962402,4.190827131271362,,,,,,
8789940000.0,107.31,8.199999809265137,6391222784.0,2372.0439354759096,2642.0,0.0689697265625,43302912.0,90660.89112067223,0.0010897957254201174,0.0057373046875,2.1204891204833984,-0.02036610245704651,0.6054952144622803,-0.021204890683293343,0.0008387863636016846,0.0,0.04872899502515793,1.0945749282836914,0.7201416459918133,6.626667022705078,1.7972348928451538,6.675395965576172,2.069075584411621,6.907123327255249,4.34066104888916,,,,,,
8789940000.0,117.72,7.900000095367432,6391222784.0,2393.019153944979,2643.0,0.0653076171875,43319296.0,90667.73770189285,0.0010389152448624372,0.0059814453125,2.0956690311431885,-0.021006036549806595,0.5537532567977905,-0.02095669135451317,-4.9344031140208244e-05,0.0,-0.027234461158514023,1.0492197275161743,0.7313356915543332,6.640373229980469,1.7445017099380493,6.613138675689697,2.0242366790771484,6.846581220626831,4.194597959518433,,,,,,
8789940000.0,126.01,8.0,6391222784.0,2427.3185028176995,2644.0,0.0750732421875,43335680.0,90674.48753714561,0.0011222581379115582,0.0076904296875,2.071371555328369,-0.02062143385410309,0.6028406620025635,-0.020713714882731438,9.2280562967062e-05,0.0,-0.021579589694738388,1.0990105867385864,0.7389132161159657,6.664775848388672,1.8449933528900146,6.6431965827941895,2.150846481323242,6.749835252761841,4.1934239864349365,,,,,,
8789940000.0,121.06,7.900000095367432,6391222784.0,2335.1521653077407,2645.0,0.0634765625,43352064.0,90681.50378227234,0.002005151240155101,0.0169677734375,2.105534553527832,-0.020572416484355927,0.5933651924133301,-0.021055344492197037,0.00048292987048625946,0.0,-0.03347127139568329,1.0881820917129517,0.7238901616871791,6.510615825653076,1.739889144897461,6.477144718170166,2.070908784866333,7.016245126724243,4.2591893672943115,,,,,,
8789940000.0,111.3,8.399999618530273,6391222784.0,2335.5166003918002,2646.0,0.0653076171875,43368448.0,90688.51893258095,0.0016907891258597374,0.01312255859375,2.1019678115844727,-0.02100498229265213,0.5040453672409058,-0.021019676700234413,1.4691613614559174e-05,0.0,-0.001850492088124156,1.006215214729309,0.7590946438016148,6.464330673217773,1.8044408559799194,6.462480068206787,2.050065040588379,7.015150308609009,4.21123743057251,,,,,,
8789940000.0,140.75,7.400000095367432,6391222784.0,2324.8178473754933,2647.0,0.045166015625,43384832.0,90695.5663664341,0.0011646426282823086,0.006103515625,2.148061990737915,-0.021516863256692886,0.4616766571998596,-0.02148061990737915,-3.6242417991161346e-05,0.0,-0.12884676456451416,0.9581217169761658,0.7585234076358491,6.214606285095215,1.7042899131774902,6.08575963973999,1.9497677087783813,7.047433853149414,4.259283065795898,,,,,,
8789940000.0,142.68,7.900000095367432,6391222784.0,2357.244201930924,2648.0,0.0482177734375,43401216.0,90702.51685547829,0.0011946071172133088,0.0074462890625,2.1187005043029785,-0.021615026518702507,0.40397000312805176,-0.021187005564570427,-0.0004280172288417816,0.0,0.03312196210026741,0.8891279697418213,0.7636548880909974,6.151761531829834,1.575287103652954,6.184884071350098,1.8289055824279785,6.950489044189453,4.205041408538818,,,,,,
8789940000.0,149.7,8.300000190734863,6391222784.0,2373.148160614868,2649.0,0.0567626953125,43417600.0,90709.4207649231,0.0011971821077167988,0.00701904296875,2.1078977584838867,-0.02090567722916603,0.39715152978897095,-0.02107897773385048,0.00017329957336187363,0.0,0.03011031448841095,0.8937021493911743,0.7935725896678099,6.356384754180908,1.711413860321045,6.386495113372803,1.9670217037200928,6.90390944480896,4.237616300582886,,,,,,
8789940000.0,141.31,8.300000190734863,6391222784.0,2372.700284895386,2650.0,0.076904296875,43433984.0,90716.32597756386,0.0015477628912776709,0.0120849609375,2.0537493228912354,-0.018689684569835663,0.5811339616775513,-0.020537495613098145,0.0018478110432624817,0.0,0.006314575206488371,1.078960657119751,0.7480091613606119,6.743368148803711,1.8568164110183716,6.749682903289795,2.1493804454803467,6.905212640762329,4.196059465408325,,,,,,
8789940000.0,121.56,8.100000381469727,6391222784.0,2342.214322013431,2651.0,0.0665283203125,43450368.0,90723.32106757164,0.001405624789185822,0.00946044921875,2.052549123764038,-0.020284172147512436,0.5766992568969727,-0.02052549086511135,0.00024132011458277702,0.0,0.014774637296795845,1.0722354650497437,0.7501458495068914,6.629371643066406,1.8540000915527344,6.644145965576172,2.145096778869629,6.995090007781982,4.358253240585327,,,,,,
8789940000.0,123.49,7.800000190734863,6391222784.0,2349.595484447915,2652.0,0.068359375,43466752.0,90730.2941827774,0.0015216618776321411,0.01129150390625,2.1035687923431396,-0.020513057708740234,0.5967258214950562,-0.02103568986058235,0.0005226293578743935,0.0,-0.043890342116355896,1.0909639596939087,0.7438576005663935,6.546352386474609,1.897379755973816,6.502461910247803,2.155606746673584,6.9731152057647705,4.34694504737854,,,,,,
8789940000.0,109.48,8.300000190734863,6391222784.0,2388.9119412612417,2653.0,0.0634765625,43483136.0,90737.15253520012,0.0019280376145616174,0.0147705078125,2.118347644805908,-0.02124643325805664,0.47215795516967773,-0.021183475852012634,-6.295926868915558e-05,0.0,-0.016851669177412987,0.9727087020874023,0.772153450692427,6.577674388885498,1.7869471311569214,6.5608229637146,2.0378000736236572,6.858352422714233,4.184384346008301,,,,,,
8789940000.0,105.54,8.600000381469727,6391222784.0,2330.4045275302833,2654.0,0.0726318359375,43499520.0,90744.18307423592,0.0015633103903383017,0.01080322265625,2.1135737895965576,-0.020950715988874435,0.5008215308189392,-0.021135736256837845,0.00018502119928598404,0.0,0.03328797593712807,0.9966605305671692,0.7581357388562973,6.569498538970947,1.8034045696258545,6.602786540985107,2.026569366455078,7.030539035797119,4.262547254562378,,,,,,
8789940000.0,131.01,8.5,6391222784.0,2402.185919699543,2655.0,0.0555419921875,43515904.0,90751.00352883339,0.001102578011341393,0.00628662109375,2.108175039291382,-0.020747363567352295,0.45644935965538025,-0.021081751212477684,0.0003343892749398947,0.0,0.033006422221660614,0.9534780979156494,0.7483143653781321,6.2496795654296875,1.664559245109558,6.282686233520508,1.9005613327026367,6.8204545974731445,4.202178239822388,,,,,,
,,,,,,,,,,,,,,,,,,,,,,,,,,0.019863974303007126,0.5797524452209473,0.5406113266944885,0.019863974303007126,0.5797524452209473,0.5406113266944885
,,,,,,,,,,,,,,,,,,,,,,,,,,0.018421994522213936,0.5317975878715515,0.512058436870575,0.018421994522213936,0.5317975878715515,0.512058436870575
,,,,,,,,,,,,,,,,,,,,,,,,,,0.018318092450499535,0.50570148229599,0.4836041033267975,0.018318092450499535,0.50570148229599,0.4836041033267975
,,,,,,,,,,,,,,,,,,,,,,,,,,0.017920441925525665,0.4839054346084595,0.4668176770210266,0.017920441925525665,0.4839054346084595,0.4668176770210266
,,,,,,,,,,,,,,,,,,,,,,,,,,0.017437444999814034,0.46414101123809814,0.44736042618751526,0.017437444999814034,0.46414101123809814,0.44736042618751526
,,,,,,,,,,,,,,,,,,,,,,,,,,0.01794038526713848,0.45064452290534973,0.4324100911617279,0.01794038526713848,0.45064452290534973,0.4324100911617279
8789940000.0,127.54,8.100000381469727,6188634112.0,18.411062194986197,2656.0,0.0604248046875,43532288.0,91640.90329813957,0.0012920956360176206,0.00787353515625,2.090761661529541,-0.020229196175932884,0.5179538130760193,-0.02090761810541153,0.0006784237921237946,0.0,-0.0395532101392746,1.015018105506897,0.7668360483315022,6.491343021392822,1.8355071544647217,6.451789855957031,2.1020495891571045,889.8997693061829,4.198504686355591,,,,,,
8789940000.0,109.0,8.399999618530273,6391222784.0,2437.0081346759393,2657.0,0.0701904296875,43548672.0,91647.62629580498,0.0009578898316249251,0.00384521484375,2.0474720001220703,-0.0210691187530756,0.502618670463562,-0.020474720746278763,-0.0005943989381194115,0.0,0.03349646180868149,1.002524733543396,0.7558768883707762,6.490767955780029,1.7935938835144043,6.524264335632324,2.0290403366088867,6.722997665405273,4.190798997879028,,,,,,
8789940000.0,140.32,8.399999618530273,6391222784.0,2402.3604257468155,2658.0,0.07080078125,43565056.0,91654.44625496864,0.0009741481044329703,0.00543212890625,2.061879873275757,-0.02000095695257187,0.5118404626846313,-0.020618798211216927,0.0006178393959999084,0.0,0.02727169170975685,1.0097930431365967,0.7632082884852542,6.533984661102295,1.8377306461334229,6.561256408691406,2.0751490592956543,6.8199591636657715,4.1848602294921875,,,,,,
8789940000.0,111.63,8.300000190734863,6391222784.0,2395.3177433397495,2659.0,0.0689697265625,43581440.0,91661.28626608849,0.0005857899668626487,0.0030517578125,2.0876564979553223,-0.02089248225092888,0.49222826957702637,-0.02087656408548355,-1.5912577509880066e-05,0.0,0.044059719890356064,0.9948379993438721,0.7611939107480967,6.551174163818359,1.8251973390579224,6.595233917236328,2.0357747077941895,6.840011119842529,4.207844972610474,,,,,,
8789940000.0,123.76,7.800000190734863,6391222784.0,2357.885913274292,2660.0,0.0634765625,43597824.0,91668.23486351967,0.0007929406710900366,0.00347900390625,2.0765206813812256,-0.02045876532793045,0.6055237054824829,-0.020765207707881927,0.00030644144862890244,0.0,0.0008789263665676117,1.10020911693573,0.7383575441496504,6.527074813842773,1.865234136581421,6.527953147888184,2.1509041786193848,6.948597431182861,4.194699287414551,,,,,,
8789940000.0,102.79,7.900000095367432,6391222784.0,2360.542609337975,2661.0,0.0738525390625,43614208.0,91675.17564058304,0.0011786562390625477,0.00787353515625,2.0852904319763184,-0.0209135003387928,0.6419239640235901,-0.02085290662944317,-6.059370934963226e-05,0.0,-0.03386342525482178,1.1313719749450684,0.7341934202338602,6.574653625488281,1.9086276292800903,6.54079008102417,2.19443416595459,6.940777063369751,4.1798996925354,,,,,,
8789940000.0,116.09,7.5,6391222784.0,2370.5860171892255,2662.0,0.079345703125,43630592.0,91682.08701181412,0.001184101332910359,0.00616455078125,2.0627360343933105,-0.01929972693324089,0.6763128042221069,-0.020627357065677643,0.0013276315294206142,0.0,-0.05787109583616257,1.1635922193527222,0.7409428910776523,6.531515598297119,1.942089319229126,6.473644256591797,2.2861409187316895,6.911371231079102,4.200820446014404,,,,,,
8789940000.0,121.12,8.5,6391222784.0,2375.5531572610535,2663.0,0.0701904296875,43646976.0,91688.98393177986,0.0009231058647856116,0.005615234375,2.071568489074707,-0.020782766863703728,0.5770635604858398,-0.020715683698654175,-6.70822337269783e-05,0.0,0.037443093955516815,1.0757651329040527,0.7456236568999114,6.485511779785156,1.8704293966293335,6.522954940795898,2.132943630218506,6.8969199657440186,4.189008951187134,,,,,,
8789940000.0,106.79,8.0,6391222784.0,2368.349481714545,2664.0,0.0836181640625,43663360.0,91695.90182971954,0.002263571135699749,0.01763916015625,2.0179452896118164,-0.020038973540067673,0.7799145579338074,-0.020179452374577522,0.00014047976583242416,0.0,-0.013142618350684643,1.248315691947937,0.6908842352644156,6.811680793762207,1.9050123691558838,6.798538684844971,2.245246648788452,6.917897939682007,4.178105592727661,,,,,,
8789940000.0,75.75,8.199999809265137,6391222784.0,2399.982256200965,2665.0,0.084228515625,43679744.0,91702.72854685783,0.0009275571792386472,0.00439453125,1.9628477096557617,-0.019519347697496414,0.7641064524650574,-0.019628476351499557,0.00010913051664829254,0.0,0.002406023908406496,1.232924461364746,0.6975740616293001,6.849740982055664,1.889790654182434,6.852146625518799,2.241955041885376,6.826717138290405,4.18837571144104,,,,,,
8789940000.0,117.59,7.400000095367432,6391222784.0,2358.063428271502,2666.0,0.0799560546875,43696128.0,91709.67662119865,0.0011408397695049644,0.00738525390625,1.995635986328125,-0.019239118322730064,0.652038037776947,-0.019956359639763832,0.000717241782695055,0.0,-0.013028302229940891,1.1424936056137085,0.720989383274133,6.598057270050049,1.8362421989440918,6.585028648376465,2.1629343032836914,6.9480743408203125,4.196821689605713,,,,,,
8789940000.0,86.73,8.199999809265137,6391222784.0,2374.0659078465033,2667.0,0.0775146484375,43712512.0,91716.57786178589,0.0017851667944341898,0.01263427734375,2.012512683868408,-0.019918590784072876,0.6594208478927612,-0.0201251283288002,0.00020654033869504929,0.0,0.11068813502788544,1.1472632884979248,0.7260714492239613,6.490934371948242,1.9104105234146118,6.601622581481934,2.192019462585449,6.901240587234497,4.171618938446045,,,,,,
8789940000.0,90.7,7.800000190734863,6391222784.0,2382.8561465517623,2668.0,0.0860595703125,43728896.0,91723.45364403725,0.0008566364995203912,0.00531005859375,2.0409536361694336,-0.02013459801673889,0.6117362380027771,-0.020409533753991127,0.00027493666857481003,0.0,0.07158897817134857,1.1087216138839722,0.7415041969473453,6.808631896972656,1.9385011196136475,6.880220890045166,2.1806981563568115,6.875782251358032,4.201879501342773,,,,,,
8789940000.0,110.05,7.599999904632568,6391222784.0,2378.7890686194487,2669.0,0.086669921875,43745280.0,91730.34118199348,0.0012032679514959455,0.00946044921875,2.0467569828033447,-0.020336614921689034,0.726775586605072,-0.020467570051550865,0.00013095419853925705,0.0,-0.06868144869804382,1.2041393518447876,0.7166470775092971,6.921292781829834,1.904510259628296,6.852611541748047,2.262106418609619,6.887537956237793,4.2015464305877686,,,,,,
8789940000.0,94.57,8.199999809265137,6391222784.0,2395.288521391637,2670.0,0.078125,43761664.0,91737.18127655983,0.0009217368206009269,0.0052490234375,2.099256992340088,-0.020925220102071762,0.5878511667251587,-0.020992569625377655,6.734905764460564e-05,0.0,0.0198139026761055,1.0824921131134033,0.7317230078316073,6.714635372161865,1.7959004640579224,6.73444938659668,2.089935541152954,6.840094566345215,4.198867559432983,,,,,,
8789940000.0,100.45,8.0,6391222784.0,2343.7342586197433,2671.0,0.079345703125,43778048.0,91744.1718301773,0.0009536755387671292,0.00457763671875,2.086027145385742,-0.020931748673319817,0.6350059509277344,-0.020860273391008377,-7.147528231143951e-05,0.0,0.0043038190342485905,1.123539686203003,0.7344281920066615,6.7984514236450195,1.8950978517532349,6.802755355834961,2.1802048683166504,6.990553617477417,4.186218976974487,,,,,,
8789940000.0,100.2,8.0,6391222784.0,2363.746753426556,2672.0,0.0714111328125,43794432.0,91751.10319876671,0.0010310686193406582,0.00604248046875,2.1084070205688477,-0.020836086943745613,0.565391480922699,-0.021084073930978775,0.0002479860559105873,0.0,-0.04157566651701927,1.0614866018295288,0.7258588007055056,6.66273307800293,1.7398992776870728,6.621157646179199,2.0273449420928955,6.931368589401245,4.191894292831421,,,,,,
8789940000.0,104.01,8.0,6391222784.0,2376.9564333981384,2673.0,0.0640869140625,43810816.0,91757.99604701996,0.0034937849268317223,0.02874755859375,2.1245813369750977,-0.02046852931380272,0.5497262477874756,-0.021245814859867096,0.0007772846147418022,0.0,-0.03545092046260834,1.0467991828918457,0.7295000576745366,6.64000940322876,1.7214330434799194,6.604557991027832,2.0127017498016357,6.892848253250122,4.174488306045532,,,,,,
8789940000.0,139.49,7.800000190734863,6391222784.0,2374.254808818171,2674.0,0.0537109375,43827200.0,91764.8967385292,0.0009953603148460388,0.00567626953125,2.1385350227355957,-0.020786862820386887,0.4885686933994293,-0.021385349333286285,0.0005984888412058353,0.0,-0.021845636889338493,0.9901133179664612,0.7259018327041269,6.3810529708862305,1.6311410665512085,6.3592071533203125,1.891175627708435,6.900691509246826,4.19901967048645,,,,,,
8789940000.0,115.01,7.699999809265137,6391222784.0,2426.8860313351797,2675.0,0.054931640625,43843584.0,91771.6477766037,0.0013298486592248082,0.01116943359375,2.1193714141845703,-0.02062900923192501,0.5384662747383118,-0.021193712949752808,0.0005647037178277969,0.0,-0.0650644451379776,1.0373376607894897,0.7228304867746962,6.421192646026611,1.7126864194869995,6.356128692626953,1.9703683853149414,6.751038074493408,4.19777250289917,,,,,,
8789940000.0,150.29,8.300000190734863,6391222784.0,2379.545062146697,2676.0,0.0665283203125,43859968.0,91778.53312635422,0.0009646170074120164,0.00457763671875,2.1280441284179688,-0.021290156990289688,0.48906409740448,-0.02128043957054615,-9.71602275967598e-06,0.0,0.007193130906671286,0.9891051650047302,0.760590601338357,6.454736709594727,1.7544296979904175,6.461930274963379,2.021491527557373,6.885349750518799,4.209662199020386,,,,,,
8789940000.0,119.87,8.5,6391222784.0,2409.5878460473427,2677.0,0.0592041015625,43876352.0,91785.33262944221,0.001142290886491537,0.0045166015625,2.127505302429199,-0.02007388509809971,0.4234342575073242,-0.021275052800774574,0.0012011677026748657,0.0,0.05498404800891876,0.9190215468406677,0.7930713523459081,6.404198169708252,1.7674405574798584,6.459181785583496,2.020297050476074,6.7995030879974365,4.186447381973267,,,,,,
8789940000.0,134.43,8.100000381469727,6391222784.0,2424.10561166379,2678.0,0.057373046875,43892736.0,91792.09141087532,0.0018346288707107306,0.01495361328125,2.1144859790802,-0.020892811939120293,0.48234325647354126,-0.02114485763013363,0.0002520466223359108,0.0,0.03890140354633331,0.9818750619888306,0.7569207870085346,6.473002910614014,1.7606950998306274,6.511904716491699,1.9915099143981934,6.758781433105469,4.187138080596924,,,,,,
8789940000.0,133.9,8.100000381469727,6391222784.0,2399.9568596786366,2679.0,0.057373046875,43909120.0,91798.91820025444,0.0008301666821353137,0.00347900390625,2.0977885723114014,-0.02078631892800331,0.4471517503261566,-0.020977886393666267,0.00019156932830810547,0.0,-0.036215174943208694,0.9456809163093567,0.7781044731063852,6.443953037261963,1.7802597284317017,6.407737731933594,2.0075674057006836,6.826789379119873,4.268400192260742,,,,,,
8789940000.0,140.27,7.900000095367432,6391222784.0,2374.823169396369,2680.0,0.0628662109375,43925504.0,91805.81724023819,0.0007180219981819391,0.00286865234375,2.077705144882202,-0.02055169828236103,0.5533674955368042,-0.020777050405740738,0.00022535305470228195,0.0,-0.027172934263944626,1.0501199960708618,0.7463480512846724,6.505136489868164,1.8279930353164673,6.477963447570801,2.0850656032562256,6.89903998374939,4.184114933013916,,,,,,
8789940000.0,130.83,7.699999809265137,6391222784.0,2360.9830675134294,2681.0,0.072021484375,43941888.0,91812.75672245026,0.0012615154264494777,0.0089111328125,2.075467348098755,-0.0198350939899683,0.6584336757659912,-0.020754676312208176,0.000919584184885025,0.0,-0.05500362068414688,1.1437709331512451,0.7389930372822064,6.548980712890625,1.8727905750274658,6.493977069854736,2.238788604736328,6.93948221206665,4.195533037185669,,,,,,
8789940000.0,83.68,8.0,6391222784.0,2362.054364167555,2682.0,0.08056640625,43958272.0,91819.69305729866,0.002016674727201462,0.0167236328125,2.034539222717285,-0.020651107653975487,0.6698651909828186,-0.02034539170563221,-0.00030571501702070236,0.0,-0.05946481227874756,1.1600000858306885,0.7401535246523201,6.583091735839844,1.9165966510772705,6.523627281188965,2.275620460510254,6.936334848403931,4.192508935928345,,,,,,
8789940000.0,118.67,8.0,6391222784.0,2371.7434005357723,2683.0,0.0665283203125,43974656.0,91826.60105586052,0.001356534194201231,0.00897216796875,2.071584701538086,-0.02052317000925541,0.6123208403587341,-0.020715847611427307,0.0001926776021718979,0.0,-0.00031262636184692383,1.1040929555892944,0.7233600986090244,6.448920249938965,1.8261518478393555,6.448607921600342,2.099172353744507,6.907998561859131,4.205882787704468,,,,,,
8789940000.0,122.19,8.100000381469727,6391222784.0,2386.3785619063506,2684.0,0.0567626953125,43991040.0,91833.4666891098,0.0016827038489282131,0.01312255859375,2.086015462875366,-0.020555365830659866,0.5082135796546936,-0.020860157907009125,0.00030478835105895996,0.0,0.027110416442155838,1.0041316747665405,0.7537805576181187,6.397029399871826,1.7932862043380737,6.424139976501465,2.0236217975616455,6.865633249282837,4.200889825820923,,,,,,
8789940000.0,103.39,7.800000190734863,6391222784.0,2313.0395242291893,2685.0,0.0579833984375,44007424.0,91840.55000948906,0.001020457362756133,0.00616455078125,2.1198651790618896,-0.02062535658478737,0.49077123403549194,-0.021198652684688568,0.0005732923746109009,0.0,-0.03916569799184799,0.9903275966644287,0.7801041511384135,6.371703624725342,1.8391964435577393,6.332537651062012,2.1118853092193604,7.083320379257202,4.1984312534332275,,,,,,
8789940000.0,162.85,8.800000190734863,6391222784.0,2316.565101638382,2686.0,0.050048828125,44023808.0,91847.62254977226,0.0009591042762622237,0.00543212890625,2.1422014236450195,-0.02043880522251129,0.3394438326358795,-0.021422013640403748,0.0009832093492150307,0.0,0.06250911951065063,0.8232851028442383,0.8109762326164749,6.240457057952881,1.6910545825958252,6.302966117858887,1.893616795539856,7.072540283203125,4.187572956085205,,,,,,
8789940000.0,134.44,8.5,6391222784.0,2299.677990291015,2687.0,0.0543212890625,44040192.0,91854.7470254898,0.001495689619332552,0.01123046875,2.1074914932250977,-0.021079234778881073,0.39940470457077026,-0.021074917167425156,-4.320405423641205e-06,0.0,0.034733060747385025,0.8930789232254028,0.7933384091955138,6.374520301818848,1.7568265199661255,6.409253120422363,1.9645363092422485,7.124475717544556,4.190519571304321,,,,,,
,,,,,,,,,,,,,,,,,,,,,,,,,,0.023467181250452995,0.5923106074333191,0.5512282848358154,0.023467181250452995,0.5923106074333191,0.5512282848358154
,,,,,,,,,,,,,,,,,,,,,,,,,,0.02085370011627674,0.5407817363739014,0.5177952647209167,0.02085370011627674,0.5407817363739014,0.5177952647209167
,,,,,,,,,,,,,,,,,,,,,,,,,,0.01977183297276497,0.5143709778785706,0.49318522214889526,0.01977183297276497,0.5143709778785706,0.49318522214889526
,,,,,,,,,,,,,,,,,,,,,,,,,,0.01928885653614998,0.49293428659439087,0.47232383489608765,0.01928885653614998,0.49293428659439087,0.47232383489608765
,,,,,,,,,,,,,,,,,,,,,,,,,,0.019628537818789482,0.475839227437973,0.45567622780799866,0.019628537818789482,0.475839227437973,0.45567622780799866
,,,,,,,,,,,,,,,,,,,,,,,,,,0.01944526843726635,0.4601689577102661,0.43899035453796387,0.01944526843726635,0.4601689577102661,0.43899035453796387
8789940000.0,206.51,7.099999904632568,6188634112.0,18.42525167344648,2688.0,0.0457763671875,44056576.0,92743.96147370338,0.0006078606238588691,0.00201416015625,2.139047384262085,-0.02114686369895935,0.5508942604064941,-0.02139047533273697,0.00024360977113246918,0.0,-0.08962367475032806,1.0472279787063599,0.7145615631420712,6.215548515319824,1.6961969137191772,6.125925064086914,1.9601317644119263,889.2144482135773,4.19048810005188,,,,,,
8789940000.0,153.97,7.400000095367432,6391222784.0,2402.075501876636,2689.0,0.057373046875,44072960.0,92750.78224182129,0.0006939347949810326,0.00250244140625,2.1000702381134033,-0.02149968221783638,0.6080255508422852,-0.021000701934099197,-0.0004989807493984699,0.0,-0.034115590155124664,1.1044361591339111,0.7222930904569518,6.346695899963379,1.8103779554367065,6.312580585479736,2.095787525177002,6.820768117904663,4.193975925445557,,,,,,
8789940000.0,110.94,7.900000095367432,6391222784.0,2393.2721770552894,2690.0,0.054931640625,44089344.0,92757.62809920311,0.0011007639113813639,0.00537109375,2.0912437438964844,-0.02085338719189167,0.5543043613433838,-0.02091243490576744,5.904992576688528e-05,0.0,0.025858622044324875,1.0507404804229736,0.718947953042654,6.205951690673828,1.7480274438858032,6.231810569763184,1.9819941520690918,6.845857381820679,4.18489408493042,,,,,,
8789940000.0,135.48,8.699999809265137,6391222784.0,2396.0026594716305,2691.0,0.06591796875,44105728.0,92764.46615505219,0.0006290384917519987,0.002685546875,2.1046674251556396,-0.020815525203943253,0.470960408449173,-0.021046675741672516,0.00023115240037441254,0.0,0.07567612081766129,0.9710140228271484,0.7794569496272847,6.343729019165039,1.8505641222000122,6.419404983520508,2.0676584243774414,6.838055849075317,4.22369647026062,,,,,,
8789940000.0,149.56,8.100000381469727,6391222784.0,2377.1311577574766,2692.0,0.0592041015625,44122112.0,92771.35849666595,0.0015609059482812881,0.010986328125,2.0996294021606445,-0.02123688906431198,0.5341212153434753,-0.02099629119038582,-0.0002405964769423008,0.0,0.015511552803218365,1.0340136289596558,0.7478425540643149,6.358159065246582,1.819886326789856,6.37367057800293,2.05916166305542,6.892341613769531,4.1903603076934814,,,,,,
8789940000.0,133.77,7.599999904632568,6391222784.0,2312.269872751509,2693.0,0.0604248046875,44138496.0,92778.44417476654,0.0016268807230517268,0.0120849609375,2.0851805210113525,-0.021157758310437202,0.6184881925582886,-0.020851803943514824,-0.00030595622956752777,0.0,-0.07285822927951813,1.1107672452926636,0.7176900333994298,6.523279190063477,1.8219316005706787,6.45042085647583,2.0905468463897705,7.0856781005859375,4.203164577484131,,,,,,
8789940000.0,116.86,8.300000190734863,6391222784.0,2385.3159752373713,2694.0,0.0726318359375,44154880.0,92785.31286644936,0.0011668468359857798,0.00811767578125,2.0908823013305664,-0.020529141649603844,0.4974939525127411,-0.020908823236823082,0.0003796825185418129,0.0,0.07249672710895538,0.9948793649673462,0.7628183722770696,6.4932661056518555,1.7965528964996338,6.565762519836426,2.042819023132324,6.868691682815552,4.198407173156738,,,,,,
8789940000.0,161.99,8.0,6391222784.0,2410.6821512779816,2695.0,0.057373046875,44171264.0,92792.10928297043,0.0011847218265756965,0.00677490234375,2.1269640922546387,-0.021214403212070465,0.5188341736793518,-0.02126964181661606,5.5235810577869415e-05,0.0,-0.03359782323241234,1.015776515007019,0.7488894431863671,6.41642427444458,1.7719660997390747,6.382826805114746,2.027055501937866,6.796416521072388,4.188368558883667,,,,,,
8789940000.0,134.52,7.699999809265137,6391222784.0,2409.3921829283936,2696.0,0.0555419921875,44187648.0,92798.90933823586,0.0010717710247263312,0.0068359375,2.134171962738037,-0.02080981805920601,0.46976885199546814,-0.0213417187333107,0.0005318997427821159,0.0,-0.02417123131453991,0.9686717391014099,0.7764829710538756,6.302387714385986,1.7671434879302979,6.278216361999512,2.0489022731781006,6.800055265426636,4.202315330505371,,,,,,
8789940000.0,102.1,8.5,6391222784.0,2387.075290011709,2697.0,0.0653076171875,44204032.0,92805.77296757698,0.0017009717412292957,0.0108642578125,2.1440677642822266,-0.021219950169324875,0.4240434765815735,-0.021440673619508743,0.0002207234501838684,0.0,0.008891556411981583,0.9184271693229675,0.7999889152344202,6.390549659729004,1.8163509368896484,6.399441242218018,2.0536088943481445,6.863629341125488,4.177600860595703,,,,,,
8789940000.0,144.2,8.300000190734863,6391222784.0,2370.3675289737557,2698.0,0.052490234375,44220416.0,92812.6849758625,0.001266735838726163,0.00604248046875,2.13970947265625,-0.02163226343691349,0.42386895418167114,-0.021397095173597336,-0.0002351701259613037,0.0,-0.02417447417974472,0.9208254814147949,0.7733602137067582,6.284958839416504,1.7312936782836914,6.26078462600708,1.93423593044281,6.912008285522461,4.202601671218872,,,,,,
8789940000.0,186.09,7.699999809265137,6391222784.0,2400.2791755509165,2699.0,0.0372314453125,44236800.0,92819.51084852219,0.0014828200219199061,0.009033203125,2.160783529281616,-0.02159566432237625,0.3978593647480011,-0.021607832983136177,1.2169592082500458e-05,0.0,-0.026801373809576035,0.8909509778022766,0.7537294079648859,5.984107494354248,1.5681220293045044,5.957305908203125,1.7953420877456665,6.8258726596832275,4.183380842208862,,,,,,
8789940000.0,185.99,7.300000190734863,6391222784.0,2370.4241913978954,2700.0,0.040283203125,44253184.0,92826.42269158363,0.0017810610588639975,0.01458740234375,2.176790714263916,-0.021039048209786415,0.3504581153392792,-0.021767904981970787,0.0007288595661520958,0.0,-0.07535381615161896,0.8361871838569641,0.7971803997329086,6.031307220458984,1.6277148723602295,5.955953598022461,1.8567283153533936,6.9118430614471436,4.187567949295044,,,,,,
8789940000.0,210.83,7.800000190734863,6391222784.0,2408.4002477671133,2701.0,0.0482177734375,44269568.0,92833.22554755211,0.0007704226882196963,0.00384521484375,2.1397883892059326,-0.02121747098863125,0.39760586619377136,-0.02139788493514061,0.00018040835857391357,0.0,-0.03571159765124321,0.8905444741249084,0.8032395564787873,6.080262184143066,1.7532610893249512,6.04455041885376,2.007643938064575,6.802855968475342,4.200983047485352,,,,,,
8789940000.0,168.02,7.699999809265137,6391222784.0,2434.9088918681396,2702.0,0.040283203125,44285952.0,92839.95434141159,0.0018786510918289423,0.0126953125,2.179901599884033,-0.021861571818590164,0.3686631917953491,-0.021799013018608093,-6.255786865949631e-05,0.0,-0.011030090041458607,0.8572118878364563,0.7992545392227273,5.884454727172852,1.673974633216858,5.873424530029297,1.9132211208343506,6.7287938594818115,4.194790363311768,,,,,,
8789940000.0,154.32,7.5,6391222784.0,2417.128111825527,2703.0,0.0390625,44302336.0,92846.73263335228,0.0014028478180989623,0.01123046875,2.1746468544006348,-0.0220782533288002,0.42285144329071045,-0.021746467798948288,-0.0003317849477753043,0.0,-0.06138526648283005,0.9183220267295837,0.7694656947650779,5.783000946044922,1.672616958618164,5.721615314483643,1.9126135110855103,6.778291940689087,4.189533710479736,,,,,,
8789940000.0,186.77,8.199999809265137,6391222784.0,2414.4947784396063,2704.0,0.0390625,44318720.0,92853.51831793785,0.0009265148546546698,0.00408935546875,2.1851086616516113,-0.021526634693145752,0.31976059079170227,-0.021851085126399994,0.00032445043325424194,0.0,0.020896192640066147,0.7995085716247559,0.8235902863119192,5.793222427368164,1.7077360153198242,5.8141188621521,1.903538703918457,6.785684585571289,4.2024970054626465,,,,,,
8789940000.0,205.54,8.199999809265137,6391222784.0,2406.244066577835,2705.0,0.042724609375,44335104.0,92860.32726979256,0.0012292023748159409,0.0081787109375,2.187007427215576,-0.021413009613752365,0.37713462114334106,-0.021870072931051254,0.0004570651799440384,0.0,0.007919909432530403,0.869402289390564,0.8175975547032783,5.868738174438477,1.822248935699463,5.876657962799072,2.0356597900390625,6.8089518547058105,4.206366062164307,,,,,,
8789940000.0,176.65,8.100000381469727,6391222784.0,2347.380481266535,2706.0,0.0537109375,44351488.0,92867.30696487427,0.0010296038817614317,0.00653076171875,2.165228843688965,-0.02197301760315895,0.470267117023468,-0.021652286872267723,-0.00032073259353637695,0.0,0.027961326763033867,0.9696686863899231,0.7851121561563591,5.991762638092041,1.8678467273712158,6.019723892211914,2.091787099838257,6.979695081710815,4.226861953735352,,,,,,
8789940000.0,123.89,7.699999809265137,6391222784.0,2377.037255638398,2707.0,0.0567626953125,44367872.0,92874.19957876205,0.0014552888460457325,0.01116943359375,2.151989459991455,-0.02116633951663971,0.561339795589447,-0.021519891917705536,0.0003535579890012741,0.0,-0.015306050889194012,1.0593663454055786,0.7585355863768365,6.100337982177734,1.9174426794052124,6.0850324630737305,2.155855655670166,6.892613887786865,4.195383310317993,,,,,,
8789940000.0,153.01,7.800000190734863,6391222784.0,2380.8042501143987,2708.0,0.0537109375,44384256.0,92881.0812869072,0.0019918722100555897,0.013671875,2.1355860233306885,-0.020773304626345634,0.5083060264587402,-0.02135585993528366,0.0005825553089380264,0.0,-0.036655306816101074,1.0102789402008057,0.7781159223173273,6.0988945960998535,1.8919305801391602,6.062239170074463,2.1447579860687256,6.881708145141602,4.180235147476196,,,,,,
8789940000.0,139.48,8.5,6391222784.0,2379.0920508258528,2709.0,0.0592041015625,44400640.0,92887.96794772148,0.0007611832697875798,0.00341796875,2.132868766784668,-0.021367480978369713,0.4385647773742676,-0.02132868953049183,-3.879610449075699e-05,0.0,0.051509108394384384,0.9351726770401001,0.7986737572515492,6.1459527015686035,1.888991117477417,6.19746208190918,2.0842111110687256,6.886660814285278,4.218483209609985,,,,,,
8789940000.0,171.64,7.699999809265137,6391222784.0,2410.480138046639,2710.0,0.0494384765625,44417024.0,92894.76493382454,0.0011233554687350988,0.00592041015625,2.141331434249878,-0.021466633304953575,0.5171957015991211,-0.02141331508755684,-5.3320080041885376e-05,0.0,-0.0063405269756913185,1.0162391662597656,0.7575963202641883,5.9611921310424805,1.8153842687606812,5.9548516273498535,2.0640785694122314,6.796986103057861,4.194777488708496,,,,,,
8789940000.0,156.97,8.0,6391222784.0,2430.572159557525,2711.0,0.0506591796875,44433408.0,92901.50573348999,0.0011642122408375144,0.0064697265625,2.1469483375549316,-0.021935436874628067,0.4456191956996918,-0.0214694831520319,-0.0004659527912735939,0.0,0.02681664749979973,0.9454513788223267,0.7837443521668199,5.944815158843994,1.793874979019165,5.9716315269470215,2.033083915710449,6.74079966545105,4.183720588684082,,,,,,
8789940000.0,123.33,7.5,6391222784.0,2409.910472336581,2712.0,0.0604248046875,44449792.0,92908.30432629585,0.0008247661171481013,0.00384521484375,2.0739712715148926,-0.020478419959545135,0.6050254106521606,-0.020739709958434105,0.00026129093021154404,0.0,0.011255864053964615,1.097163438796997,0.7538044980480476,6.140878677368164,1.951063632965088,6.152134418487549,2.2112174034118652,6.798592805862427,4.184324264526367,,,,,,
8789940000.0,121.01,8.0,6391222784.0,2385.0869820982102,2713.0,0.0665283203125,44466176.0,92915.17367744446,0.0012819677358493209,0.00653076171875,2.067525625228882,-0.02124953269958496,0.512061357498169,-0.020675256848335266,-0.0005742795765399933,0.0,0.05132439360022545,1.0118731260299683,0.7802788312914486,6.151090145111084,1.8958874940872192,6.202414512634277,2.1586899757385254,6.869351148605347,4.19288182258606,,,,,,
8789940000.0,131.49,7.699999809265137,6391222784.0,2415.798285775575,2714.0,0.059814453125,44482560.0,92921.95570063591,0.0013841972686350346,0.00848388671875,2.076387405395508,-0.020272471010684967,0.614000141620636,-0.020763874053955078,0.0004914011806249619,0.0,-0.062184907495975494,1.1090112924575806,0.7422146057370106,6.263947010040283,1.890795111656189,6.2017621994018555,2.1842730045318604,6.782023191452026,4.198674917221069,,,,,,
8789940000.0,115.67,7.599999904632568,6391222784.0,2390.231694797088,2715.0,0.069580078125,44498944.0,92928.81026625633,0.0022005485370755196,0.01885986328125,2.0441200733184814,-0.020546315237879753,0.6191969513893127,-0.020441198721528053,-0.00010511360596865416,0.0,-0.027582162991166115,1.1143338680267334,0.7623468700442781,6.358938217163086,1.9679598808288574,6.331356048583984,2.285827875137329,6.854565620422363,4.199565887451172,,,,,,
8789940000.0,116.38,8.199999809265137,6391222784.0,2384.976309563953,2716.0,0.0726318359375,44515328.0,92935.67993617058,0.0010719961719587445,0.00567626953125,2.0489368438720703,-0.02044074609875679,0.5174489617347717,-0.020489368587732315,4.86224889755249e-05,0.0,0.04724813252687454,1.0198360681533813,0.7836839608830828,6.405128479003906,1.9331231117248535,6.452376842498779,2.192734956741333,6.8696699142456055,4.200099945068359,,,,,,
8789940000.0,127.73,8.5,6391222784.0,2332.7898286330133,2717.0,0.067138671875,44531712.0,92942.70328640938,0.001264478312805295,0.00811767578125,2.0807979106903076,-0.020549975335597992,0.5192649364471436,-0.02080797776579857,0.0002580080181360245,0.0,0.07842995226383209,1.0191888809204102,0.7806250542812827,6.315114974975586,1.9189904928207397,6.393545150756836,2.176010847091675,7.023350238800049,4.197469234466553,,,,,,
8789940000.0,119.27,7.900000095367432,6391222784.0,2415.0560044927693,2718.0,0.0592041015625,44548096.0,92949.48739409447,0.0019654929637908936,0.01519775390625,2.115328311920166,-0.021070074290037155,0.5115100145339966,-0.02115328423678875,8.320994675159454e-05,0.0,-0.008761197328567505,1.0103166103363037,0.7615864628214492,6.159388542175293,1.856192708015442,6.150627136230469,2.0691497325897217,6.784107685089111,4.175107479095459,,,,,,
8789940000.0,126.08,7.599999904632568,6391222784.0,2406.6829505177034,2719.0,0.0518798828125,44564480.0,92956.29510426521,0.001262056641280651,0.00726318359375,2.1052842140197754,-0.021670082584023476,0.5365391969680786,-0.02105284482240677,-0.0006172396242618561,0.0,-0.03976479172706604,1.035763144493103,0.7468082492778256,6.192842483520508,1.8244473934173584,6.153077125549316,2.058427095413208,6.80771017074585,4.193023443222046,,,,,,
,,,,,,,,,,,,,,,,,,,,,,,,,,0.023580053821206093,0.5226096510887146,0.4780314266681671,0.023580053821206093,0.5226096510887146,0.4780314266681671
,,,,,,,,,,,,,,,,,,,,,,,,,,0.02094038389623165,0.4737286865711212,0.4471638798713684,0.02094038389623165,0.4737286865711212,0.4471638798713684
,,,,,,,,,,,,,,,,,,,,,,,,,,0.019999779760837555,0.4500865936279297,0.4264780580997467,0.019999779760837555,0.4500865936279297,0.4264780580997467
,,,,,,,,,,,,,,,,,,,,,,,,,,0.02031829208135605,0.4330225884914398,0.4082966446876526,0.02031829208135605,0.4330225884914398,0.4082966446876526
,,,,,,,,,,,,,,,,,,,,,,,,,,0.019845368340611458,0.41360825300216675,0.3930712938308716,0.019845368340611458,0.41360825300216675,0.3930712938308716
,,,,,,,,,,,,,,,,,,,,,,,,,,0.01949620246887207,0.40002426505088806,0.37983545660972595,0.01949620246887207,0.40002426505088806,0.37983545660972595
8789940000.0,133.37,8.300000190734863,6188634112.0,18.38820066673651,2720.0,0.0439453125,44580864.0,93847.30126070976,0.0009042418678291142,0.00372314453125,2.1808509826660156,-0.022079236805438995,0.39550843834877014,-0.021808508783578873,-0.0002707280218601227,0.0,-0.022341575473546982,0.8920720219612122,0.779287363238491,5.761002540588379,1.6766983270645142,5.73866081237793,1.8988301753997803,891.0061564445496,4.214285135269165,,,,,,
8789940000.0,190.79,7.400000095367432,6391222784.0,2393.316019830822,2721.0,0.0494384765625,44597248.0,93854.14699268341,0.0008316164603456855,0.00347900390625,2.131671905517578,-0.020715154707431793,0.506454586982727,-0.02131671831011772,0.0006015673279762268,0.0,-0.032069701701402664,1.0041946172714233,0.7550453219903202,5.840389251708984,1.7420318126678467,5.808319091796875,2.0289666652679443,6.845731973648071,4.179823637008667,,,,,,
8789940000.0,139.52,7.699999809265137,6391222784.0,2351.292989555622,2722.0,0.0567626953125,44613632.0,93861.11507368088,0.0004063740198034793,0.0008544921875,2.106022357940674,-0.021137431263923645,0.46513548493385315,-0.02106022648513317,-7.721036672592163e-05,0.0,-0.01749640889465809,0.9642372727394104,0.793311831396141,5.8685302734375,1.815551996231079,5.851034164428711,2.1209301948547363,6.968080997467041,4.19213604927063,,,,,,
8789940000.0,144.48,7.699999809265137,6391222784.0,2409.5729758863095,2723.0,0.0469970703125,44630016.0,93867.91461873055,0.0011034603230655193,0.00531005859375,2.1273159980773926,-0.020283954218029976,0.45023027062416077,-0.021273162215948105,0.0009892061352729797,0.0,-0.010991563089191914,0.9483006596565247,0.7786995258137717,5.794727325439453,1.7715914249420166,5.783736228942871,2.0158352851867676,6.799545049667358,4.185499906539917,,,,,,
8789940000.0,142.7,8.199999809265137,6391222784.0,2391.755672919074,2724.0,0.0628662109375,44646400.0,93874.76481676102,0.0006689877482131124,0.002197265625,2.0694446563720703,-0.02042694389820099,0.5006927251815796,-0.020694445818662643,0.00026750192046165466,0.0,0.08476689457893372,0.999961256980896,0.7920119044905705,6.069026947021484,1.9487420320510864,6.153793811798096,2.1926231384277344,6.850198030471802,4.197550535202026,,,,,,
8789940000.0,121.95,7.5,6391222784.0,2409.0099880726457,2725.0,0.0640869140625,44662784.0,93881.56595087051,0.0014624043833464384,0.0108642578125,2.068265676498413,-0.020804353058338165,0.6350517868995667,-0.02068265527486801,-0.00012169592082500458,0.0,0.021747035905718803,1.1235365867614746,0.7399713090928106,6.108104228973389,1.9562911987304688,6.129851341247559,2.203315019607544,6.80113410949707,4.192842960357666,,,,,,
8789940000.0,98.8,7.900000095367432,6391222784.0,2372.2825510834305,2726.0,0.0750732421875,44679168.0,93888.47237944603,0.0008022361434996128,0.0028076171875,2.0516016483306885,-0.020037777721881866,0.7089904546737671,-0.020516015589237213,0.0004782378673553467,0.0,-0.017412394285202026,1.189075231552124,0.7315465750157291,6.335265636444092,1.9997551441192627,6.3178534507751465,2.294959783554077,6.906428575515747,4.210107803344727,,,,,,
8789940000.0,109.38,8.399999618530273,6391222784.0,2392.3561805436393,2727.0,0.0726318359375,44695552.0,93895.32085800171,0.0006168981781229377,0.0018310546875,2.030539035797119,-0.02032916620373726,0.5933138728141785,-0.020305387675762177,-2.3776665329933167e-05,0.0,0.041908591985702515,1.09055495262146,0.7716577869793714,6.385129928588867,1.9996373653411865,6.42703914642334,2.2822039127349854,6.848478555679321,4.195601463317871,,,,,,
8789940000.0,105.25,7.599999904632568,6391222784.0,2375.5550460256923,2728.0,0.07568359375,44711936.0,93902.21777248383,0.0008847708813846111,0.00390625,2.0182111263275146,-0.019314955919981003,0.732612133026123,-0.020182112231850624,0.0008671530522406101,0.0,0.010057163424789906,1.2094097137451172,0.7182933928007958,6.440305709838867,1.9993880987167358,6.4503631591796875,2.2786364555358887,6.896914482116699,4.189033031463623,,,,,,
8789940000.0,99.63,8.5,6391222784.0,2366.2176994707097,2729.0,0.0860595703125,44728320.0,93909.14190292358,0.0006387908942997456,0.0013427734375,2.01656436920166,-0.020519210025668144,0.6818865537643433,-0.020165642723441124,-0.00035356543958187103,0.0,0.03709930181503296,1.1724927425384521,0.7411741334221781,6.578792572021484,2.000121593475342,6.615891933441162,2.304657459259033,6.924130439758301,4.216148138046265,,,,,,
8789940000.0,96.75,7.599999904632568,6391222784.0,2352.48765605547,2730.0,0.0860595703125,44744704.0,93916.1064453125,0.0020284045021981,0.01617431640625,1.9899237155914307,-0.019898710772395134,0.8456336259841919,-0.019899236038327217,5.30388206243515e-07,0.0,0.020937439054250717,1.296582579612732,0.6964009501282571,6.683379173278809,2.025597333908081,6.70431661605835,2.35315203666687,6.964542388916016,4.192680358886719,,,,,,
8789940000.0,95.68,7.900000095367432,6391222784.0,2356.4577046569266,2731.0,0.0872802734375,44761088.0,93923.05925416946,0.001215670839883387,0.00872802734375,2.005634069442749,-0.018932750448584557,0.6960539817810059,-0.020056340843439102,0.0011235866695642471,0.0,-0.0349738746881485,1.1846816539764404,0.7462826623245434,6.640854358673096,2.0231664180755615,6.6058807373046875,2.3519415855407715,6.952808856964111,4.2013208866119385,,,,,,
8789940000.0,84.68,7.199999809265137,6391222784.0,2385.1969198098814,2732.0,0.06591796875,44777472.0,93929.9282886982,0.0025546816177666187,0.0189208984375,2.058891773223877,-0.02076210267841816,0.702713131904602,-0.020588919520378113,-0.00017318129539489746,0.0,-0.06507568806409836,1.1884584426879883,0.7158362586676452,6.299709320068359,1.9059054851531982,6.234633445739746,2.2294600009918213,6.8690345287323,4.257892608642578,,,,,,
8789940000.0,115.55,7.599999904632568,6391222784.0,2406.2485321404524,2733.0,0.0701904296875,44793856.0,93936.73722791672,0.0013992286985740066,0.009033203125,2.087383270263672,-0.0202274601906538,0.5828998684883118,-0.02087383344769478,0.0006463751196861267,0.0,0.03997967764735222,1.0780974626541138,0.7575516261859567,6.201149940490723,1.8786603212356567,6.2411298751831055,2.1895174980163574,6.808939218521118,4.196022987365723,,,,,,
8789940000.0,100.63,7.599999904632568,6391222784.0,2366.584887174135,2734.0,0.0738525390625,44810240.0,93943.66028404236,0.0021766400896012783,0.01806640625,2.0663154125213623,-0.020559564232826233,0.7124646306037903,-0.020663151517510414,0.00010358728468418121,0.0,-0.01052932534366846,1.194385051727295,0.7406745367459948,6.357966899871826,1.9893875122070312,6.347437381744385,2.345426082611084,6.923056125640869,4.199077844619751,,,,,,
8789940000.0,107.87,7.900000095367432,6391222784.0,2320.1065344853105,2735.0,0.0640869140625,44826624.0,93950.7220287323,0.0010084689129143953,0.006103515625,2.0984299182891846,-0.020503966137766838,0.6150336861610413,-0.02098429948091507,0.0004803328774869442,0.0,-0.030464723706245422,1.1048262119293213,0.7463275742125539,6.194677829742432,1.9145931005477905,6.164213180541992,2.1935994625091553,7.061744689941406,4.214577674865723,,,,,,
8789940000.0,114.56,8.399999618530273,6391222784.0,2378.26983829407,2736.0,0.0665283203125,44843008.0,93957.61107039452,0.0007474239682778716,0.00347900390625,2.1092019081115723,-0.02117965742945671,0.5422320365905762,-0.021092016249895096,-8.764117956161499e-05,0.0,0.11074411869049072,1.0408432483673096,0.7783765959730183,6.149000644683838,1.9325522184371948,6.259744644165039,2.2109429836273193,6.8890416622161865,4.203110694885254,,,,,,
8789940000.0,125.84,8.800000190734863,6391222784.0,2328.5138874106847,2737.0,0.08056640625,44859392.0,93964.64731788635,0.000992263201624155,0.00433349609375,2.1038432121276855,-0.02105456218123436,0.5875291228294373,-0.02103843167424202,-1.6128644347190857e-05,0.0,0.08347097039222717,1.0691454410552979,0.7746669298756954,6.531432151794434,2.077501058578491,6.614902973175049,2.2522897720336914,7.036247491836548,4.246019601821899,,,,,,
8789940000.0,99.78,8.100000381469727,6391222784.0,2284.9516974756775,2738.0,0.0750732421875,44875776.0,93971.81771016121,0.000876244914252311,0.00482177734375,2.0429673194885254,-0.019868096336722374,0.7039213180541992,-0.020429670810699463,0.0005615781992673874,0.0,0.04028287157416344,1.1780104637145996,0.7216436221797016,6.685329437255859,1.9962846040725708,6.725612163543701,2.232793092727661,7.170392274856567,4.384439468383789,,,,,,
8789940000.0,100.54,7.699999809265137,6391222784.0,2413.9342371440775,2739.0,0.0927734375,44892160.0,93978.60497045517,0.0008127662586048245,0.00225830078125,2.0396270751953125,-0.02024361491203308,0.7593560218811035,-0.020396271720528603,0.00015265867114067078,0.0,-0.07085675001144409,1.2313852310180664,0.724206327850216,6.811440467834473,1.9812904596328735,6.740583896636963,2.344778537750244,6.787260293960571,4.192726135253906,,,,,,
8789940000.0,78.99,8.100000381469727,6391222784.0,2414.971218363311,2740.0,0.0885009765625,44908544.0,93985.38931632042,0.0006903329049237072,0.00177001953125,2.0544519424438477,-0.020643986761569977,0.7164613008499146,-0.020544521510601044,-9.946711361408234e-05,0.0,0.019413460046052933,1.200444221496582,0.7229297044623169,6.7099080085754395,1.9234853982925415,6.729321479797363,2.2805893421173096,6.784345865249634,4.203565835952759,,,,,,
8789940000.0,112.46,8.100000381469727,6391222784.0,2322.786524625882,2741.0,0.0885009765625,44924928.0,93992.44291329384,0.0009607594693079591,0.00445556640625,2.0193841457366943,-0.020277466624975204,0.7369173169136047,-0.020193837583065033,-8.362345397472382e-05,0.0,0.009703266434371471,1.210239291191101,0.7146844028381931,6.650198936462402,1.9242230653762817,6.659902095794678,2.2657318115234375,7.0535969734191895,4.192539930343628,,,,,,
8789940000.0,96.18,7.800000190734863,6391222784.0,2318.446626772797,2742.0,0.0811767578125,44941312.0,93999.50971388817,0.0010241011623293161,0.00579833984375,1.9598402976989746,-0.01962130516767502,0.7744216918945312,-0.019598403945565224,-2.2901687771081924e-05,0.0,-0.042638007551431656,1.2443866729736328,0.7220645256710843,6.682991981506348,1.9713270664215088,6.640354156494141,2.3603873252868652,7.066800594329834,4.398793697357178,,,,,,
8789940000.0,69.77,8.399999618530273,6391222784.0,2416.595835792469,2743.0,0.103759765625,44957696.0,94006.289498806,0.0011010111775249243,0.00396728515625,1.928579568862915,-0.019409967586398125,0.7825992107391357,-0.019285794347524643,-0.00012417417019605637,0.0,0.023606255650520325,1.24647855758667,0.7235616102120352,6.9007415771484375,2.0477519035339355,6.924347400665283,2.37074875831604,6.779784917831421,4.1952900886535645,,,,,,
8789940000.0,71.66,7.5,6391222784.0,2317.942456100679,2744.0,0.0860595703125,44974080.0,94013.35783648491,0.0013177673099562526,0.0081787109375,1.9473949670791626,-0.019165847450494766,0.8481936454772949,-0.019473951309919357,0.0003081057220697403,0.0,-0.0653860792517662,1.2947094440460205,0.7075824125928281,6.8054046630859375,2.0148720741271973,6.740018844604492,2.3942573070526123,7.068337678909302,4.289561748504639,,,,,,
8789940000.0,74.96,8.600000381469727,6391222784.0,2372.16086258943,2745.0,0.0860595703125,44990464.0,94020.26461935043,0.0014648458454757929,0.009521484375,2.0439839363098145,-0.020154450088739395,0.5977731943130493,-0.020439837127923965,0.0002853891346603632,0.0,0.04045566916465759,1.0915937423706055,0.7484867750772675,6.750349998474121,1.9540209770202637,6.790805339813232,2.176609754562378,6.906782865524292,4.274648904800415,,,,,,
8789940000.0,100.93,7.900000095367432,6391222784.0,2401.393403617025,2746.0,0.0897216796875,45006848.0,94027.08732485771,0.0010577237699180841,0.00701904296875,2.0346224308013916,-0.020208094269037247,0.674420177936554,-0.020346224308013916,0.00013813190162181854,0.0,0.024047726765275,1.1624103784561157,0.748053926433889,6.8951873779296875,1.9944711923599243,6.9192352294921875,2.3158254623413086,6.822705507278442,4.182168483734131,,,,,,
8789940000.0,85.91,8.0,6391222784.0,2354.4216383959756,2747.0,0.0909423828125,45023232.0,94034.04614639282,0.0012992805568501353,0.009765625,2.0551698207855225,-0.020335771143436432,0.7355203032493591,-0.02055169828236103,0.00021592248231172562,0.0,-0.014307757839560509,1.2137224674224854,0.7298107558720663,6.729188919067383,1.9831297397613525,6.71488094329834,2.3349921703338623,6.958821535110474,4.2096405029296875,,,,,,
8789940000.0,89.05,7.900000095367432,6391222784.0,2278.5096290311394,2748.0,0.069580078125,45039616.0,94041.23681163788,0.0008058609673753381,0.00384521484375,2.0661094188690186,-0.02011231705546379,0.6465047597885132,-0.020661095157265663,0.0005487799644470215,0.0,-0.04511547088623047,1.1363023519515991,0.7433299750021637,6.592685699462891,1.9231101274490356,6.54757022857666,2.2428815364837646,7.190665245056152,4.343143939971924,,,,,,
8789940000.0,128.63,7.699999809265137,6391222784.0,2329.749408862269,2749.0,0.0665283203125,45056000.0,94048.26932764053,0.0017498268280178308,0.015869140625,2.1054205894470215,-0.02118377760052681,0.646312952041626,-0.021054208278656006,-0.0001295674592256546,0.0,0.00021279603242874146,1.138780951499939,0.7225266877262579,6.485523223876953,1.8626301288604736,6.485735893249512,2.161870241165161,7.032516002655029,4.186665296554565,,,,,,
8789940000.0,115.46,7.400000095367432,6391222784.0,2326.4348328717047,2750.0,0.0579833984375,45072384.0,94055.31186318398,0.002053177449852228,0.0198974609375,2.149752616882324,-0.020853746682405472,0.5354445576667786,-0.02149752713739872,0.0006437753327190876,0.0,-0.020159248262643814,1.036180853843689,0.7663471600054741,6.256349563598633,1.8447165489196777,6.236190319061279,2.14363169670105,7.0425355434417725,4.2506444454193115,,,,,,
8789940000.0,140.66,7.900000095367432,6391222784.0,2345.331488134058,2751.0,0.0567626953125,45088768.0,94062.29765605927,0.0017410586588084698,0.01348876953125,2.1727118492126465,-0.021058429032564163,0.5345776081085205,-0.021727116778492928,0.0006686877459287643,0.0,-0.01920928992331028,1.03266441822052,0.7631698269514108,6.290352821350098,1.8428473472595215,6.271143913269043,2.1219770908355713,6.985792875289917,4.195460319519043,,,,,,
,,,,,,,,,,,,,,,,,,,,,,,,,,0.025817103683948517,0.6815279722213745,0.636075496673584,0.025817103683948517,0.6815279722213745,0.636075496673584
,,,,,,,,,,,,,,,,,,,,,,,,,,0.02422640100121498,0.6208425164222717,0.5946709513664246,0.02422640100121498,0.6208425164222717,0.5946709513664246
,,,,,,,,,,,,,,,,,,,,,,,,,,0.023481184616684914,0.5940387845039368,0.5675528645515442,0.023481184616684914,0.5940387845039368,0.5675528645515442
,,,,,,,,,,,,,,,,,,,,,,,,,,0.022772956639528275,0.5684283375740051,0.5448688268661499,0.022772956639528275,0.5684283375740051,0.5448688268661499
,,,,,,,,,,,,,,,,,,,,,,,,,,0.022293848916888237,0.5481561422348022,0.524255096912384,0.022293848916888237,0.5481561422348022,0.524255096912384
,,,,,,,,,,,,,,,,,,,,,,,,,,0.022639159113168716,0.5320001244544983,0.5083073377609253,0.022639159113168716,0.5320001244544983,0.5083073377609253
8789940000.0,120.33,7.699999809265137,6188634112.0,18.401689442623432,2752.0,0.0732421875,45105152.0,94952.65068864822,0.0008272963459603488,0.002685546875,2.1768741607666016,-0.02147003822028637,0.8164686560630798,-0.021768737584352493,0.00029869750142097473,0.0,-0.10215409100055695,1.2689588069915771,0.6988084842660756,6.673320293426514,2.0083770751953125,6.571166038513184,2.3122031688690186,890.3530325889587,4.210424423217773,,,,,,
8789940000.0,106.56,7.599999904632568,6391222784.0,2336.5291552573563,2753.0,0.0665283203125,45121536.0,94959.66279888153,0.0011192888487130404,0.00543212890625,2.1963577270507812,-0.021748660132288933,0.6329975128173828,-0.02196357399225235,0.00021491898223757744,0.0,-0.038154248148202896,1.125788927078247,0.7351771330441519,6.321593284606934,1.9004782438278198,6.2834391593933105,2.187656879425049,7.012110233306885,4.182189702987671,,,,,,
8789940000.0,138.82,8.199999809265137,6391222784.0,2388.2410323507643,2754.0,0.05859375,45137920.0,94966.52307796478,0.0005562237929552794,0.000732421875,2.2004220485687256,-0.021673813462257385,0.4977077543735504,-0.022004220634698868,0.000330404844135046,0.0,0.052817344665527344,0.9973969459533691,0.7605213199864173,6.317805290222168,1.8157089948654175,6.370622634887695,2.038141965866089,6.860279083251953,4.177499771118164,,,,,,
8789940000.0,111.15,9.0,6391222784.0,2381.259894146093,2755.0,0.07568359375,45154304.0,94973.40346932411,0.000499354675412178,0.000732421875,2.163151979446411,-0.02134270966053009,0.48140984773635864,-0.021631520241498947,0.00028881290927529335,0.0,0.09898895025253296,0.9827342629432678,0.7912855571665508,6.589191436767578,1.9557205438613892,6.688179969787598,2.151095390319824,6.880391359329224,4.184739828109741,,,,,,
8789940000.0,139.43,8.5,6391222784.0,2392.1384908352584,2756.0,0.048828125,45170688.0,94980.25257110596,0.00036464849836193025,0.000732421875,2.2393763065338135,-0.022402934730052948,0.4045349359512329,-0.022393763065338135,-9.173527359962463e-06,0.0,-0.0010434011928737164,0.9007231593132019,0.7772180702440934,6.357783317565918,1.7620900869369507,6.356739521026611,1.9083207845687866,6.849101781845093,4.196993827819824,,,,,,
8789940000.0,136.27,8.100000381469727,6391222784.0,2357.8437634574734,2757.0,0.057373046875,45187072.0,94987.20129275322,0.0006459669675678015,0.00140380859375,2.211535692214966,-0.021951690316200256,0.4934421479701996,-0.022115357220172882,0.00016366317868232727,0.0,-0.0006244070827960968,0.9928619265556335,0.772374205767375,6.3694376945495605,1.8073519468307495,6.3688130378723145,2.081029176712036,6.948721647262573,4.191917896270752,,,,,,
8789940000.0,161.72,7.5,6391222784.0,2311.1475626489882,2758.0,0.0604248046875,45203456.0,94994.29041171074,0.0010802203323692083,0.004638671875,2.145618438720703,-0.021375536918640137,0.5892513990402222,-0.02145618386566639,8.064694702625275e-05,0.0,-0.05872692912817001,1.0855441093444824,0.7478743965778734,6.565106391906738,1.8605583906173706,6.506379127502441,2.1619174480438232,7.089118957519531,4.1849141120910645,,,,,,
8789940000.0,141.48,8.199999809265137,6391222784.0,2319.5416674978533,2759.0,0.0628662109375,45219840.0,95001.35387611389,0.001182956388220191,0.0074462890625,2.1286473274230957,-0.02141169086098671,0.5701169371604919,-0.02128646895289421,-0.00012521538883447647,0.0,0.03810982033610344,1.0637917518615723,0.7494020313387566,6.508519172668457,1.865522027015686,6.546628952026367,2.1250433921813965,7.063464403152466,4.195004224777222,,,,,,
8789940000.0,127.21,8.199999809265137,6391222784.0,2382.6705834019585,2760.0,0.0714111328125,45236224.0,95008.23019385338,0.00103106745518744,0.00579833984375,2.1400041580200195,-0.021077612414956093,0.5770294070243835,-0.02140004374086857,0.0003224331885576248,0.0,0.0027023660950362682,1.0743451118469238,0.7635463980421183,6.622859954833984,1.9421894550323486,6.62556266784668,2.2093827724456787,6.876317739486694,4.179179668426514,,,,,,
8789940000.0,101.43,8.399999618530273,6391222784.0,2342.17927657943,2761.0,0.0714111328125,45252608.0,95015.22538852692,0.001165648689493537,0.00592041015625,2.1367459297180176,-0.021158680319786072,0.46204835176467896,-0.021367458626627922,0.0002087792381644249,0.0,0.01716480776667595,0.9596306681632996,0.7841230158310222,6.500972270965576,1.8544288873672485,6.518136978149414,2.065385103225708,6.995194673538208,4.208948612213135,,,,,,
8789940000.0,129.9,8.300000190734863,6391222784.0,2386.540004143137,2762.0,0.068359375,45268992.0,95022.0905573368,0.0010704535525292158,0.007568359375,2.1113674640655518,-0.020469963550567627,0.5013630390167236,-0.021113675087690353,0.0006437171250581741,0.0,0.05593455582857132,0.9990151524543762,0.7792606571288061,6.57054328918457,1.9005992412567139,6.626477241516113,2.1263365745544434,6.865168809890747,4.2059326171875,,,,,,
8789940000.0,102.39,8.199999809265137,6391222784.0,2397.603604024795,2763.0,0.074462890625,45285376.0,95028.92404723167,0.000851695891469717,0.002197265625,2.118276357650757,-0.021316925063729286,0.5256066918373108,-0.021182764321565628,-0.00013416109140962362,0.0,0.010218256153166294,1.0255122184753418,0.7753079285911932,6.601580619812012,1.932466745376587,6.611799240112305,2.163451671600342,6.833489894866943,4.189004421234131,,,,,,
8789940000.0,117.75,8.199999809265137,6391222784.0,2358.913588993868,2764.0,0.0677490234375,45301760.0,95035.86961746216,0.0009764519054442644,0.00592041015625,2.1186716556549072,-0.020989777520298958,0.6190745830535889,-0.021186716854572296,0.00019694119691848755,0.0,-0.003431469202041626,1.1113063097000122,0.7434699766033839,6.617229461669922,1.9384372234344482,6.613798141479492,2.1941421031951904,6.945570230484009,4.20365834236145,,,,,,
8789940000.0,123.85,8.0,6391222784.0,2326.936874313503,2765.0,0.064697265625,45318144.0,95042.910633564,0.0013909251429140568,0.00927734375,2.109856128692627,-0.021407395601272583,0.5196117758750916,-0.021098561584949493,-0.00030883774161338806,0.0,-0.02057448774576187,1.0143224000930786,0.7821705901176552,6.504001617431641,1.9184695482254028,6.483427047729492,2.1732900142669678,7.041016101837158,4.204383134841919,,,,,,
8789940000.0,107.53,8.100000381469727,6391222784.0,2397.249976679659,2766.0,0.0689697265625,45334528.0,95049.74513149261,0.0009301780955865979,0.00604248046875,2.112236499786377,-0.02080630511045456,0.5302979946136475,-0.021122364327311516,0.00031605735421180725,0.0,-0.02561945840716362,1.0282206535339355,0.7663650694593922,6.680908203125,1.878624677658081,6.6552886962890625,2.127244472503662,6.834497928619385,4.184457778930664,,,,,,
8789940000.0,109.46,8.0,6391222784.0,2397.93850866979,2767.0,0.059814453125,45350912.0,95056.57766699791,0.0014880590606480837,0.00958251953125,2.135422468185425,-0.020526517182588577,0.5395435094833374,-0.021354224532842636,0.0008277073502540588,0.0,-0.006563050672411919,1.0351732969284058,0.7414208388593582,6.496553421020508,1.7945581674575806,6.489991188049316,2.0357131958007812,6.8325355052948,4.187749147415161,,,,,,
8789940000.0,153.36,8.300000190734863,6391222784.0,2384.8125959597664,2768.0,0.0701904296875,45367296.0,95063.4478085041,0.0007301608566194773,0.0040283203125,2.0979466438293457,-0.020409751683473587,0.5591317415237427,-0.020979464054107666,0.0005697151646018028,0.0,0.026229895651340485,1.056639552116394,0.755240442500553,6.570757865905762,1.8710917234420776,6.596987724304199,2.1357812881469727,6.870141506195068,4.19430947303772,,,,,,
8789940000.0,94.86,8.199999809265137,6391222784.0,2367.550826711152,2769.0,0.076904296875,45383680.0,95070.36804008484,0.001122910063713789,0.00848388671875,2.1116151809692383,-0.020444294437766075,0.5789061188697815,-0.02111615426838398,0.0006718598306179047,0.0,0.01114215049892664,1.0751948356628418,0.7701345796662864,6.73607063293457,1.9403401613235474,6.747213363647461,2.242593765258789,6.920231580734253,4.179459571838379,,,,,,
8789940000.0,129.4,7.599999904632568,6391222784.0,2355.501359050997,2770.0,0.0628662109375,45400064.0,95077.32367181778,0.0022451661061495543,0.01763916015625,2.1387436389923096,-0.021498339250683784,0.5319080352783203,-0.021387435495853424,-0.00011090375483036041,0.0,-0.05134211480617523,1.0293465852737427,0.7698130284206205,6.55584716796875,1.8445361852645874,6.504505157470703,2.1454644203186035,6.955631732940674,4.207074403762817,,,,,,
8789940000.0,115.19,8.399999618530273,6391222784.0,2292.496365271378,2771.0,0.0665283203125,45416448.0,95084.47046613693,0.0010164412669837475,0.0037841796875,2.1249029636383057,-0.02114630676805973,0.45083537697792053,-0.021249031648039818,0.00010272301733493805,0.0,-0.007512333802878857,0.9521953463554382,0.7892857578154948,6.609185218811035,1.8269591331481934,6.601672649383545,2.074335813522339,7.146794319152832,4.319556474685669,,,,,,
8789940000.0,108.51,7.699999809265137,6391222784.0,2355.261344523789,2772.0,0.06591796875,45432832.0,95091.42680668831,0.0008885359275154769,0.0040283203125,2.1008639335632324,-0.020887281745672226,0.6121899485588074,-0.02100863680243492,0.00012134946882724762,0.0,-0.04739109054207802,1.1066455841064453,0.734296572420752,6.540124893188477,1.855293869972229,6.492733955383301,2.1468923091888428,6.956340551376343,4.19098973274231,,,,,,
8789940000.0,116.21,8.100000381469727,6391222784.0,2342.8756718601717,2773.0,0.067138671875,45449216.0,95098.41992211342,0.0008994026575237513,0.00604248046875,2.0640809535980225,-0.02084832638502121,0.5501531958580017,-0.02064080722630024,-0.00020751822739839554,0.0,-0.010218448005616665,1.0475172996520996,0.7413992904783832,6.394373416900635,1.7961056232452393,6.384154796600342,2.0599007606506348,6.993115425109863,4.2417333126068115,,,,,,
8789940000.0,133.68,8.399999618530273,6391222784.0,2346.6507140555304,2774.0,0.06591796875,45465600.0,95105.40178775787,0.0007635987130925059,0.0028076171875,2.0748562812805176,-0.02035008743405342,0.5555281043052673,-0.0207485631108284,0.0003984719514846802,0.0,0.028387192636728287,1.052700400352478,0.742151850511244,6.555469512939453,1.8219515085220337,6.583856582641602,2.0731122493743896,6.981865644454956,4.1915459632873535,,,,,,
8789940000.0,123.87,7.599999904632568,6391222784.0,2280.1588218364163,2775.0,0.0628662109375,45481984.0,95112.58725214005,0.00179773080162704,0.01214599609375,2.0750064849853516,-0.021323371678590775,0.5323476195335388,-0.02075006440281868,-0.0005733054131269455,0.0,0.0083276042714715,1.0299162864685059,0.7591643086447551,6.508410930633545,1.8082023859024048,6.5167388916015625,2.0986576080322266,7.185464382171631,4.326077938079834,,,,,,
8789940000.0,126.97,7.5,6391222784.0,2357.425421273793,2776.0,0.0714111328125,45498368.0,95119.5372068882,0.0011212434619665146,0.00604248046875,2.0459887981414795,-0.02033400721848011,0.6147909164428711,-0.020459886640310287,0.00012587569653987885,0.0,-0.03299427404999733,1.1082847118377686,0.741342560490289,6.569320201873779,1.8735605478286743,6.536325931549072,2.179158926010132,6.9499547481536865,4.226954936981201,,,,,,
8789940000.0,118.54,8.300000190734863,6391222784.0,2367.540549212265,2777.0,0.0640869140625,45514752.0,95126.45746850967,0.0012470170622691512,0.00860595703125,2.0343716144561768,-0.020124468952417374,0.4834407866001129,-0.020343715324997902,0.00021925196051597595,0.0,0.03874824196100235,0.9801790714263916,0.7741762142297061,6.459536552429199,1.8271825313568115,6.498285293579102,2.062628746032715,6.92026162147522,4.198673486709595,,,,,,
8789940000.0,123.87,8.600000381469727,6391222784.0,2313.8025987446854,2778.0,0.0634765625,45531136.0,95133.5384528637,0.0015962546458467841,0.0107421875,2.021151304244995,-0.020160235464572906,0.4552523195743561,-0.020211512222886086,5.1273033022880554e-05,0.0,0.04642574489116669,0.952349066734314,0.7808841790696658,6.4237518310546875,1.8075238466262817,6.47017765045166,2.0345065593719482,7.080984354019165,4.219475507736206,,,,,,
8789940000.0,128.57,8.300000190734863,6391222784.0,2307.6148860964104,2779.0,0.06103515625,45547520.0,95140.63842439651,0.0011871668975800276,0.00689697265625,1.9791953563690186,-0.019662097096443176,0.5545821189880371,-0.01979195326566696,0.00012985686771571636,0.0,0.057574138045310974,1.0520410537719727,0.7532913490625753,6.501960277557373,1.8647754192352295,6.559534549713135,2.118070125579834,7.099971532821655,4.325544595718384,,,,,,
8789940000.0,129.32,8.699999809265137,6391222784.0,2382.6687659183126,2780.0,0.0830078125,45563904.0,95147.51474738121,0.0021232152357697487,0.021484375,1.9410412311553955,-0.01886746846139431,0.5576367378234863,-0.01941041275858879,0.0005429452285170555,0.0,0.10794657468795776,1.0562876462936401,0.7548740749972676,6.820856094360352,1.9160451889038086,6.928802490234375,2.1334750652313232,6.876322984695435,4.20780611038208,,,,,,
8789940000.0,81.74,8.199999809265137,6391222784.0,2299.288417547532,2781.0,0.09033203125,45580288.0,95154.64043021202,0.001370556652545929,0.00946044921875,1.906332015991211,-0.019457638263702393,0.8102017045021057,-0.019063318148255348,-0.0003943215124309063,0.0,-0.016225513070821762,1.2730562686920166,0.6859988679981179,7.150491714477539,1.9768939018249512,7.134266376495361,2.271862745285034,7.125682830810547,4.411757707595825,,,,,,
8789940000.0,98.6,7.900000095367432,6391222784.0,2355.973538430757,2782.0,0.09033203125,45596672.0,95161.59466791153,0.0011870288290083408,0.0072021484375,1.902313470840454,-0.019297350198030472,0.6843857765197754,-0.01902313530445099,-0.00027421023696660995,0.0,0.03992249071598053,1.1703566312789917,0.7002607576080409,7.107553005218506,1.8530491590499878,7.147475719451904,2.137698173522949,6.954237699508667,4.2581517696380615,,,,,,
8789940000.0,102.67,8.800000190734863,6391222784.0,2293.8365103644846,2783.0,0.091552734375,45613056.0,95168.7372868061,0.0014357890468090773,0.01043701171875,1.9435025453567505,-0.019800536334514618,0.5728628039360046,-0.01943502575159073,-0.00036551058292388916,0.0,0.08857161551713943,1.067278504371643,0.7313576851044513,7.084598541259766,1.8223854303359985,7.17317008972168,2.0591628551483154,7.142618894577026,4.291401147842407,,,,,,
,,,,,,,,,,,,,,,,,,,,,,,,,,0.02195122465491295,0.5905553102493286,0.548322319984436,0.02195122465491295,0.5905553102493286,0.548322319984436
,,,,,,,,,,,,,,,,,,,,,,,,,,0.020474683493375778,0.5403326153755188,0.5151427388191223,0.020474683493375778,0.5403326153755188,0.5151427388191223
,,,,,,,,,,,,,,,,,,,,,,,,,,0.019741376861929893,0.5135152339935303,0.49034515023231506,0.019741376861929893,0.5135152339935303,0.49034515023231506
,,,,,,,,,,,,,,,,,,,,,,,,,,0.019407862797379494,0.4937259256839752,0.4720105826854706,0.019407862797379494,0.4937259256839752,0.4720105826854706
,,,,,,,,,,,,,,,,,,,,,,,,,,0.019565053284168243,0.47420191764831543,0.4555034935474396,0.019565053284168243,0.47420191764831543,0.4555034935474396
,,,,,,,,,,,,,,,,,,,,,,,,,,0.01949145272374153,0.4600781202316284,0.44068852066993713,0.01949145272374153,0.4600781202316284,0.44068852066993713
8789940000.0,91.09,7.900000095367432,6188634112.0,18.42954769941967,2784.0,0.0823974609375,45629440.0,96057.74445438385,0.0012172766728326678,0.0064697265625,1.9744442701339722,-0.019544847309589386,0.6970807313919067,-0.019744442775845528,0.0001995973289012909,0.0,-0.03422459959983826,1.1773533821105957,0.7394290403163115,6.808690071105957,1.9629305601119995,6.774465560913086,2.3064491748809814,889.0071675777435,4.188927888870239,,,,,,
8789940000.0,105.74,7.800000190734863,6391222784.0,2379.448579922017,2785.0,0.0787353515625,45645824.0,96064.63008332253,0.0012886724434792995,0.007568359375,2.007800579071045,-0.01978456974029541,0.6439582109451294,-0.020078005269169807,0.0002934359945356846,0.0,0.026662247255444527,1.1351736783981323,0.7263911092082711,6.582365036010742,1.8967700004577637,6.60902738571167,2.170186996459961,6.885628938674927,4.207064151763916,,,,,,
8789940000.0,90.85,8.899999618530273,6391222784.0,2387.871740844725,2786.0,0.089111328125,45662208.0,96071.49142336845,0.000703892670571804,0.00164794921875,1.9777922630310059,-0.01936347410082817,0.5919623374938965,-0.019777921959757805,0.00041444506496191025,0.0,0.08726741373538971,1.0907000303268433,0.7624433644236523,6.943535327911377,1.9842575788497925,7.0308027267456055,2.237802743911743,6.861340045928955,4.195945978164673,,,,,,
8789940000.0,100.08,8.100000381469727,6391222784.0,2393.148492407703,2787.0,0.093994140625,45678592.0,96078.33763456345,0.0006952210096642375,0.00341796875,1.9612081050872803,-0.019154557958245277,0.746926486492157,-0.019612081348896027,0.00045751966536045074,0.0,-0.017206018790602684,1.2193758487701416,0.725344242652203,7.072802543640137,1.9863821268081665,7.055596351623535,2.326713800430298,6.846211194992065,4.198913097381592,,,,,,
8789940000.0,91.11,8.199999809265137,6391222784.0,2342.9422906963005,2788.0,0.096435546875,45694976.0,96085.33055114746,0.0008298824541270733,0.00433349609375,1.9573582410812378,-0.018715810030698776,0.7430225610733032,-0.019573580473661423,0.0008577711414545774,0.0,0.006253898609429598,1.21242094039917,0.7058414523580299,7.10615873336792,1.9425400495529175,7.112412452697754,2.2354369163513184,6.992916584014893,4.18542742729187,,,,,,
8789940000.0,85.91,7.400000095367432,6391222784.0,2369.535075403132,2789.0,0.0933837890625,45711360.0,96092.24498772621,0.0009104544878937304,0.00543212890625,1.9608023166656494,-0.020110810175538063,0.7099485397338867,-0.019608020782470703,-0.000502787996083498,0.0,0.031697168946266174,1.1890534162521362,0.7099768232315709,7.122100830078125,1.9166934490203857,7.153797149658203,2.2079269886016846,6.91443657875061,4.202309608459473,,,,,,
8789940000.0,88.63,7.400000095367432,6391222784.0,2358.8471923926736,2790.0,0.096435546875,45727744.0,96099.19075345993,0.0006905222544446588,0.002685546875,1.9243608713150024,-0.019322827458381653,0.8684303164482117,-0.01924360916018486,-7.921946235001087e-05,0.0,-0.0775374174118042,1.3203078508377075,0.6747423265298051,7.1674699783325195,1.905959129333496,7.089932441711426,2.3150558471679688,6.945765733718872,4.197890281677246,,,,,,
8789940000.0,70.44,8.600000381469727,6391222784.0,2357.346169761845,2791.0,0.093994140625,45744128.0,96106.14094185829,0.0006558036548085511,0.00244140625,1.9257813692092896,-0.018756233155727386,0.6671644449234009,-0.019257811829447746,0.0005015786737203598,0.0,0.06493587791919708,1.147731900215149,0.7315521718644902,7.03550386428833,1.8806047439575195,7.10044002532959,2.2151877880096436,6.950188398361206,4.189954996109009,,,,,,
8789940000.0,102.45,7.800000190734863,6391222784.0,2398.726149989732,2792.0,0.0750732421875,45760512.0,96112.97123384476,0.00083673105109483,0.004150390625,1.9975192546844482,-0.019545171409845352,0.6872531175613403,-0.019975192844867706,0.00043001584708690643,0.0,-0.03493306785821915,1.166333794593811,0.6962803316913853,6.771086692810059,1.8593955039978027,6.7361531257629395,2.116344690322876,6.830291986465454,4.181921005249023,,,,,,
8789940000.0,103.18,8.5,6391222784.0,2367.3763660316936,2793.0,0.0714111328125,45776896.0,96119.89197540283,0.0006328004528768361,0.00244140625,1.9994158744812012,-0.019430523738265038,0.5511709451675415,-0.019994158297777176,0.0005636359564960003,0.0,0.08486178517341614,1.047961711883545,0.72877429204055,6.776106834411621,1.7832655906677246,6.860968589782715,2.0122413635253906,6.920741558074951,4.2158732414245605,,,,,,
8789940000.0,89.6,8.600000381469727,6391222784.0,2358.659763621501,2794.0,0.0848388671875,45793280.0,96126.83829307556,0.0010861816117540002,0.00811767578125,1.9822685718536377,-0.020296446979045868,0.5838563442230225,-0.019822685047984123,-0.0004737577401101589,0.0,0.10488609969615936,1.079052448272705,0.7350193933248879,7.032751083374023,1.8673256635665894,7.137637138366699,2.096212387084961,6.946317672729492,4.201180696487427,,,,,,
8789940000.0,98.65,8.100000381469727,6391222784.0,2378.6347659501794,2795.0,0.0921630859375,45809664.0,96133.72627782822,0.001248847460374236,0.00628662109375,1.9900296926498413,-0.020322533324360847,0.5991171598434448,-0.01990029774606228,-0.00042223744094371796,0.0,-0.022855613380670547,1.0920933485031128,0.7401649510682456,7.237649917602539,1.8479266166687012,7.214794635772705,2.1424508094787598,6.887984752655029,4.1962502002716064,,,,,,
8789940000.0,94.45,8.600000381469727,6391222784.0,2353.4840317529606,2796.0,0.084228515625,45826048.0,96140.68787169456,0.0013396020513027906,0.0050048828125,1.9821250438690186,-0.019211046397686005,0.5383161902427673,-0.019821248948574066,0.0006102044135332108,0.0,0.06954739987850189,1.0344551801681519,0.7451996998061521,7.1420183181762695,1.814862608909607,7.211565971374512,2.049330234527588,6.961593866348267,4.196635007858276,,,,,,
8789940000.0,102.31,7.699999809265137,6391222784.0,2322.4860961884947,2797.0,0.07080078125,45842432.0,96147.74238109589,0.0006873915554024279,0.00244140625,2.0309860706329346,-0.02036244235932827,0.6523330211639404,-0.02030985988676548,-5.258340388536453e-05,0.0,-0.07593926787376404,1.137020468711853,0.7238701778434564,7.062706470489502,1.8300925493240356,6.986767292022705,2.1637728214263916,7.054509401321411,4.18003249168396,,,,,,
8789940000.0,92.71,8.5,6391222784.0,2345.4547623282283,2798.0,0.0836181640625,45858816.0,96154.72780680656,0.001277670031413436,0.0076904296875,2.0448856353759766,-0.021113533526659012,0.4940817356109619,-0.020448854193091393,-0.0006646756082773209,0.0,-0.014118138700723648,0.9934702515602112,0.7671759386858318,7.17263126373291,1.7967709302902222,7.158513069152832,2.058926820755005,6.985425710678101,4.184330463409424,,,,,,
8789940000.0,94.08,7.599999904632568,6391222784.0,2343.404812930455,2799.0,0.07080078125,45875200.0,96161.71934318542,0.0012557203881442547,0.00714111328125,2.005887746810913,-0.020216647535562515,0.6323367357254028,-0.020058877766132355,-0.00015777070075273514,0.0,-0.07128727436065674,1.1235406398773193,0.7038784159285172,6.996329307556152,1.7256499528884888,6.925041675567627,2.0646839141845703,6.991536378860474,4.202551364898682,,,,,,
8789940000.0,115.81,8.600000381469727,6391222784.0,2341.9173072653325,2800.0,0.0830078125,45891584.0,96168.71532034874,0.0012572198174893856,0.00677490234375,2.035464286804199,-0.02014979161322117,0.5746569633483887,-0.02035464346408844,0.0002048499882221222,0.0,-0.024564025923609734,1.0715337991714478,0.7402741848887823,6.949926376342773,1.803064227104187,6.925362586975098,2.102560043334961,6.995977163314819,4.208918571472168,,,,,,
8789940000.0,109.81,8.100000381469727,6391222784.0,2384.8120993905077,2801.0,0.0726318359375,45907968.0,96175.58546328545,0.0013759216526523232,0.01055908203125,2.0010695457458496,-0.019521541893482208,0.6846725940704346,-0.02001069486141205,0.0004891545977443457,0.0,-0.05085084214806557,1.1675339937210083,0.7115522938728276,6.889368534088135,1.813437819480896,6.838517665863037,2.173882246017456,6.870142936706543,4.205981254577637,,,,,,
8789940000.0,94.51,8.5,6391222784.0,2340.309978187818,2802.0,0.078125,45924352.0,96182.58624529839,0.0007223879219964147,0.00299072265625,1.9989924430847168,-0.019648494198918343,0.5885477066040039,-0.019989924505352974,0.0003414270468056202,0.0,0.04531623423099518,1.0862642526626587,0.7209872464305442,6.870062351226807,1.7760018110275269,6.915378570556641,2.0564749240875244,7.000782012939453,4.299926042556763,,,,,,
8789940000.0,103.85,7.900000095367432,6391222784.0,2321.1915401922342,2803.0,0.072021484375,45940736.0,96189.6446890831,0.0011527019087225199,0.00482177734375,2.0082998275756836,-0.020246675238013268,0.6212921142578125,-0.020082997158169746,-0.00016367807984352112,0.0,-0.006566682830452919,1.1107465028762817,0.7335990031251791,6.714380264282227,1.8573130369186401,6.7078142166137695,2.152024984359741,7.058443784713745,4.246306896209717,,,,,,
8789940000.0,123.51,8.199999809265137,6391222784.0,2345.1411590184007,2804.0,0.0677490234375,45957120.0,96196.63104891777,0.001123312977142632,0.005859375,2.0506298542022705,-0.019871411845088005,0.5949022173881531,-0.020506296306848526,0.0006348860915750265,0.0,-0.03229697421193123,1.0846011638641357,0.7266537370926134,7.009231090545654,1.8238282203674316,6.976934432983398,2.074500799179077,6.9863598346710205,4.189270734786987,,,,,,
8789940000.0,140.92,8.199999809265137,6391222784.0,2365.9702828151335,2805.0,0.068359375,45973504.0,96203.55590343475,0.0014394058380275965,0.008544921875,2.037777900695801,-0.02059532329440117,0.537713885307312,-0.02037777751684189,-0.00021754950284957886,0.0,0.02160630188882351,1.0357515811920166,0.743480893432497,6.778007984161377,1.7578160762786865,6.799614429473877,2.0450100898742676,6.924854516983032,4.194608688354492,,,,,,
8789940000.0,124.71,8.399999618530273,6391222784.0,2344.2984956052596,2806.0,0.069580078125,45989888.0,96210.54477453232,0.0009056198759935796,0.00439453125,2.014087438583374,-0.019771907478570938,0.5460522770881653,-0.02014087326824665,0.00036896392703056335,0.0,0.00798505637794733,1.042474389076233,0.7520973268916364,6.827411651611328,1.8388261795043945,6.835396766662598,2.0937509536743164,6.988871097564697,4.2611002922058105,,,,,,
8789940000.0,114.93,8.0,6391222784.0,2349.6174161861973,2807.0,0.072021484375,46006272.0,96217.51782464981,0.0011652458924800158,0.0087890625,2.010685920715332,-0.020444530993700027,0.5557739734649658,-0.020106857642531395,-0.00033767521381378174,0.0,0.04602139815688133,1.0523468255996704,0.7589914178838278,6.824092388153076,1.8672927618026733,6.870113372802734,2.1435930728912354,6.973050117492676,4.21915078163147,,,,,,
8789940000.0,119.53,7.900000095367432,6391222784.0,2343.0304826086285,2808.0,0.0830078125,46022656.0,96224.51047801971,0.0013176794163882732,0.009033203125,1.9853678941726685,-0.01971488632261753,0.6394819617271423,-0.019853679463267326,0.00013879453763365746,0.0,-0.025122828781604767,1.1300578117370605,0.7311321077893942,7.046789169311523,1.8719449043273926,7.021666526794434,2.179372549057007,6.9926533699035645,4.195113897323608,,,,,,
8789940000.0,122.35,8.600000381469727,6391222784.0,2356.754539642117,2809.0,0.0640869140625,46039040.0,96231.46241116524,0.0012542535550892353,0.00823974609375,1.9920240640640259,-0.01918841525912285,0.4816928505897522,-0.019920241087675095,0.0007318221032619476,0.0,0.013373403809964657,0.9766564965248108,0.7678676135972258,6.81044864654541,1.8164957761764526,6.823821544647217,2.0270936489105225,6.951933145523071,4.224505424499512,,,,,,
8789940000.0,118.11,9.0,6391222784.0,2263.935763562131,2810.0,0.0860595703125,46055424.0,96238.69936561584,0.0014595699030905962,0.0115966796875,1.9376325607299805,-0.01941264420747757,0.44473543763160706,-0.019376326352357864,-3.63178551197052e-05,0.0,0.11297275871038437,0.9372883439064026,0.7840291440391002,7.195592880249023,1.8351547718048096,7.308565616607666,2.016859531402588,7.2369544506073,4.346306324005127,,,,,,
8789940000.0,96.38,8.5,6391222784.0,2369.7086286568992,2811.0,0.079345703125,46071808.0,96245.61329579353,0.0013427293160930276,0.00933837890625,1.9201874732971191,-0.018692847341299057,0.6230358481407166,-0.01920187473297119,0.000509028322994709,0.0,0.025489626452326775,1.1156866550445557,0.7100419585075459,7.1720805168151855,1.7866299152374268,7.19757080078125,2.0719287395477295,6.913930177688599,4.210340738296509,,,,,,
8789940000.0,95.37,8.699999809265137,6391222784.0,2308.541963780609,2812.0,0.0933837890625,46088192.0,96252.71041607857,0.0011059303069487214,0.00762939453125,1.9273028373718262,-0.018531225621700287,0.5114132165908813,-0.019273027777671814,0.0007418058812618256,0.0,0.044339682906866074,1.0107868909835815,0.7551731734193695,7.36545467376709,1.8264117240905762,7.409793853759766,2.0428178310394287,7.09712028503418,4.24266791343689,,,,,,
8789940000.0,80.81,8.800000190734863,6391222784.0,2338.4293378747484,2813.0,0.0909423828125,46104576.0,96259.71682834625,0.0008315523155033588,0.00457763671875,1.900361180305481,-0.018789175897836685,0.5959154963493347,-0.0190036129206419,0.0002144351601600647,0.0,0.007551433052867651,1.089215636253357,0.7123647370931563,7.408842086791992,1.8075600862503052,7.416393280029297,2.0309205055236816,7.0064122676849365,4.196077585220337,,,,,,
8789940000.0,83.08,8.800000190734863,6391222784.0,2363.0023885005635,2814.0,0.0885009765625,46120960.0,96266.650380373,0.001652969396673143,0.01495361328125,1.941267967224121,-0.018754757940769196,0.5984800457954407,-0.019412679597735405,0.0006579211913049221,0.0,0.042652446776628494,1.0928418636322021,0.7105575669601423,7.345676898956299,1.7685133218765259,7.388329029083252,2.0313098430633545,6.933552026748657,4.1911797523498535,,,,,,
8789940000.0,78.48,8.300000190734863,6391222784.0,2258.0521344571193,2815.0,0.0897216796875,46137344.0,96273.90619158745,0.0009662009542807937,0.005859375,1.9332181215286255,-0.019052661955356598,0.5913639068603516,-0.01933218166232109,0.00027951598167419434,0.0,-0.0549420490860939,1.0923590660095215,0.73527178226542,7.315963268280029,1.8269195556640625,7.261021614074707,2.1230740547180176,7.2558112144470215,4.231849431991577,,,,,,
,,,,,,,,,,,,,,,,,,,,,,,,,,0.027206970378756523,0.6430431008338928,0.5950766801834106,0.027206970378756523,0.6430431008338928,0.5950766801834106
,,,,,,,,,,,,,,,,,,,,,,,,,,0.023543119430541992,0.5869354605674744,0.558173418045044,0.023543119430541992,0.5869354605674744,0.558173418045044
,,,,,,,,,,,,,,,,,,,,,,,,,,0.022674964740872383,0.5608569383621216,0.5337037444114685,0.022674964740872383,0.5608569383621216,0.5337037444114685
,,,,,,,,,,,,,,,,,,,,,,,,,,0.02273561805486679,0.5369828343391418,0.5136265158653259,0.02273561805486679,0.5369828343391418,0.5136265158653259
,,,,,,,,,,,,,,,,,,,,,,,,,,0.022318299859762192,0.5172119736671448,0.4948490858078003,0.022318299859762192,0.5172119736671448,0.4948490858078003
,,,,,,,,,,,,,,,,,,,,,,,,,,0.022385207936167717,0.49938252568244934,0.4800376892089844,0.022385207936167717,0.49938252568244934,0.4800376892089844
8789940000.0,93.95,8.100000381469727,6188634112.0,18.34230858375589,2816.0,0.0909423828125,46153728.0,97167.1416273117,0.0013104493264108896,0.007080078125,1.942689061164856,-0.020087413489818573,0.7261536121368408,-0.01942688785493374,-0.0006605237722396851,0.0,-0.030999798327684402,1.2083885669708252,0.7166179521097811,7.280367851257324,1.9350454807281494,7.249367713928223,2.2699713706970215,893.2354357242584,4.3512797355651855,,,,,,
8789940000.0,101.93,7.599999904632568,6391222784.0,2374.2781877112684,2817.0,0.08544921875,46170112.0,97174.04225087166,0.0011497612576931715,0.0035400390625,1.964469075202942,-0.020129431039094925,0.7083907723426819,-0.019644688814878464,-0.0004847422242164612,0.0,-0.06337545067071915,1.1806461811065674,0.7157727457937753,7.139389514923096,1.900529384613037,7.076014518737793,2.214557409286499,6.900623559951782,4.207008123397827,,,,,,
8789940000.0,81.46,8.600000381469727,6391222784.0,2372.5099110871665,2818.0,0.0909423828125,46186496.0,97180.9480175972,0.00192056514788419,0.0128173828125,1.9292734861373901,-0.018712136894464493,0.642475962638855,-0.019292734563350677,0.0005805967375636101,0.0,0.06349892914295197,1.1376761198043823,0.7092958854704595,6.989791393280029,1.8895362615585327,7.053290367126465,2.1100525856018066,6.905766725540161,4.198580503463745,,,,,,
8789940000.0,90.39,9.100000381469727,6391222784.0,2393.687747743518,2819.0,0.0897216796875,46202880.0,97187.7926864624,0.0009141647024080157,0.00537109375,1.9205715656280518,-0.019376466050744057,0.5333264470100403,-0.019205715507268906,-0.00017074868083000183,0.0,0.09562323987483978,1.032330870628357,0.7539430637033682,7.201953887939453,1.8974032402038574,7.297577857971191,2.0811398029327393,6.844668865203857,4.17981743812561,,,,,,
8789940000.0,93.73,8.100000381469727,6391222784.0,2333.712363074616,2820.0,0.0799560546875,46219264.0,97194.81326031685,0.0010707820765674114,0.0037841796875,1.8986761569976807,-0.019322633743286133,0.6888697147369385,-0.018986763432621956,-0.0003358731046319008,0.0,-0.10455328226089478,1.1715381145477295,0.7137036005354602,7.230541706085205,1.8272180557250977,7.125988960266113,2.189518928527832,7.020573854446411,4.1947855949401855,,,,,,
8789940000.0,95.78,7.900000095367432,6391222784.0,2320.5409635498386,2821.0,0.084228515625,46235648.0,97201.87368297577,0.0013300119899213314,0.0078125,1.8987102508544922,-0.01905173435807228,0.6359919309616089,-0.018987102434039116,-6.463564932346344e-05,0.0,-0.017061520367860794,1.1295417547225952,0.7166648045409615,7.093817710876465,1.7971090078353882,7.076756477355957,2.122032642364502,7.060422658920288,4.198186159133911,,,,,,
8789940000.0,106.62,8.399999618530273,6391222784.0,2354.9257452880993,2822.0,0.0823974609375,46252032.0,97208.8310148716,0.003022701246663928,0.02301025390625,1.9056133031845093,-0.018045000731945038,0.6293151378631592,-0.019056130200624466,0.0010111276060342789,0.0,0.08868953585624695,1.1161515712738037,0.715551829016388,7.080293655395508,1.8180502653121948,7.16898250579834,2.092768669128418,6.957331895828247,4.195019721984863,,,,,,
8789940000.0,92.13,8.0,6391222784.0,2422.643738430043,2823.0,0.084228515625,46268416.0,97215.59387469292,0.000867835187818855,0.00457763671875,1.9152469635009766,-0.018627319484949112,0.5924361348152161,-0.01915246993303299,0.000525154173374176,0.0,0.030650034546852112,1.0892095565795898,0.7261494813040292,7.22469425201416,1.8021284341812134,7.255344390869141,2.0813956260681152,6.76285982131958,4.193671703338623,,,,,,
8789940000.0,88.62,8.399999618530273,6391222784.0,2373.0522783737215,2824.0,0.0750732421875,46284800.0,97222.49806308746,0.0007934979512356222,0.00262451171875,1.957816481590271,-0.019564468413591385,0.5345622301101685,-0.01957816444337368,1.3696495443582535e-05,0.0,0.0010899174958467484,1.0342766046524048,0.7317812032470183,7.220747470855713,1.7942441701889038,7.221837520599365,1.9970650672912598,6.904188394546509,4.19902777671814,,,,,,
8789940000.0,124.15,8.100000381469727,6391222784.0,2405.1900678473867,2825.0,0.0714111328125,46301184.0,97229.30999875069,0.00142405997030437,0.00775146484375,1.9563307762145996,-0.01941615343093872,0.6344318389892578,-0.019563304260373116,0.00014715315774083138,0.0,-0.07749932259321213,1.123921513557434,0.6955739518018564,7.146934509277344,1.710708498954773,7.069435119628906,2.0370194911956787,6.811935663223267,4.188249111175537,,,,,,
8789940000.0,93.56,8.699999809265137,6391222784.0,2374.4505494794066,2826.0,0.078125,46317568.0,97236.2101213932,0.0013681093696504831,0.00933837890625,1.961163878440857,-0.01888352259993553,0.5336533188819885,-0.01961163803935051,0.0007281159050762653,0.0,0.04269248992204666,1.030369758605957,0.716905053485499,7.182228088378906,1.6888715028762817,7.224920749664307,1.936542272567749,6.90012264251709,4.181474208831787,,,,,,
8789940000.0,118.89,8.300000190734863,6391222784.0,2333.7272627028387,2827.0,0.074462890625,46333952.0,97243.23065042496,0.0022399097215384245,0.020263671875,1.9894933700561523,-0.01792082190513611,0.5713308453559875,-0.019894933328032494,0.0019741125870496035,0.0,-0.02337357960641384,1.0683224201202393,0.7225362164677811,7.073304176330566,1.7265396118164062,7.049931526184082,2.0281474590301514,7.02052903175354,4.183092832565308,,,,,,
8789940000.0,102.36,7.800000190734863,6391222784.0,2398.0727310428238,2828.0,0.0677490234375,46350336.0,97250.06280350685,0.00210464745759964,0.0137939453125,2.008394718170166,-0.0201018787920475,0.5638253092765808,-0.020083947107195854,-1.79363414645195e-05,0.0,-0.06817711144685745,1.0565552711486816,0.7232653325725803,6.994897842407227,1.7018989324569702,6.92672061920166,2.0084474086761475,6.832153081893921,4.184184312820435,,,,,,
8789940000.0,113.48,8.899999618530273,6391222784.0,2406.7779451304386,2829.0,0.06591796875,46366720.0,97256.87024497986,0.0008783010998740792,0.00482177734375,2.0250680446624756,-0.01950092613697052,0.45052680373191833,-0.020250678062438965,0.0007497521582990885,0.0,0.04995199292898178,0.9495078325271606,0.739357338305332,6.83369255065918,1.6939393281936646,6.883644104003906,1.8598395586013794,6.807441473007202,4.210954189300537,,,,,,
8789940000.0,119.7,8.699999809265137,6391222784.0,2407.307844121006,2830.0,0.0714111328125,46383104.0,97263.6761879921,0.0010286906035616994,0.00506591796875,2.0640950202941895,-0.020781749859452248,0.5075286626815796,-0.02064095251262188,-0.0001408010721206665,0.0,-0.010802782140672207,1.0036646127700806,0.7307115779982725,7.081586837768555,1.667077660560608,7.070784568786621,1.9341051578521729,6.805943012237549,4.190217971801758,,,,,,
8789940000.0,137.62,8.5,6391222784.0,2362.772135126427,2831.0,0.068359375,46399488.0,97270.6104156971,0.0015151799889281392,0.01165771484375,2.0953571796417236,-0.020178314298391342,0.4480332136154175,-0.020953571423888206,0.0007752552628517151,0.0,-0.02014770731329918,0.9445762038230896,0.7654904446331515,7.050037384033203,1.6865910291671753,7.0298895835876465,1.9505475759506226,6.934227705001831,4.188989877700806,,,,,,
8789940000.0,116.61,8.300000190734863,6391222784.0,2434.07187962502,2832.0,0.0628662109375,46415872.0,97277.34152340889,0.001133112469688058,0.008544921875,2.100356101989746,-0.02088020369410515,0.4377421736717224,-0.021003561094403267,0.00012335553765296936,0.0,-0.05743382126092911,0.9334008097648621,0.7721635210098259,6.946903228759766,1.673338770866394,6.889469146728516,1.9554946422576904,6.731107711791992,4.199369192123413,,,,,,
8789940000.0,127.62,8.199999809265137,6391222784.0,2369.051891318986,2833.0,0.0555419921875,46432256.0,97284.25737023354,0.002407881896942854,0.023193359375,2.0985212326049805,-0.021110370755195618,0.44832366704940796,-0.020985214039683342,-0.00012515857815742493,0.0,-0.049549005925655365,0.9477355480194092,0.7347464275095039,6.661940574645996,1.5820239782333374,6.612391471862793,1.840162992477417,6.915846824645996,4.175657033920288,,,,,,
8789940000.0,153.25,8.199999809265137,6391222784.0,2366.676090600164,2834.0,0.0604248046875,46448640.0,97291.18015956879,0.002509420271962881,0.01947021484375,2.0397531986236572,-0.020165305584669113,0.4932900369167328,-0.020397530868649483,0.00023222900927066803,0.0,-0.014346214011311531,0.9954253435134888,0.7407069683510799,6.697275161743164,1.6595121622085571,6.682929039001465,1.954849123954773,6.9227893352508545,4.260357618331909,,,,,,
8789940000.0,112.36,8.100000381469727,6391222784.0,2383.8890037287056,2835.0,0.079345703125,46465024.0,97298.05296278,0.0014985725283622742,0.01129150390625,2.0129480361938477,-0.019660143181681633,0.5983421206474304,-0.020129479467868805,0.00046933582052588463,0.0,0.011776046827435493,1.0936851501464844,0.7292960563576711,6.903116226196289,1.748656153678894,6.914892196655273,2.1020588874816895,6.872803211212158,4.245267868041992,,,,,,
8789940000.0,119.7,8.0,6391222784.0,2392.5705778356105,2836.0,0.0701904296875,46481408.0,97304.90082764626,0.0018249072600156069,0.015625,2.018028736114502,-0.020262539386749268,0.5794157981872559,-0.020180290564894676,-8.224975317716599e-05,0.0,-0.022495679557323456,1.0748863220214844,0.7317555373743704,6.913570404052734,1.7910479307174683,6.891075134277344,2.075378656387329,6.847864866256714,4.204783201217651,,,,,,
8789940000.0,99.44,8.800000190734863,6391222784.0,2403.5991560756397,2837.0,0.09033203125,46497792.0,97311.71727204323,0.0017185518518090248,0.01361083984375,1.996680498123169,-0.01967092603445053,0.5801524519920349,-0.01996680349111557,0.000295878853648901,0.0,0.11265879124403,1.0757851600646973,0.7304049428357673,7.056730270385742,1.8387484550476074,7.169388771057129,2.0719029903411865,6.816444396972656,4.193244934082031,,,,,,
8789940000.0,95.75,8.5,6391222784.0,2410.5804216723773,2838.0,0.0933837890625,46514176.0,97318.51397538185,0.001307397149503231,0.00762939453125,1.9695613384246826,-0.01875440962612629,0.62456876039505,-0.019695613533258438,0.0009412029758095741,0.0,0.06023586168885231,1.1186224222183228,0.6988929416395767,7.240253925323486,1.7652270793914795,7.300489902496338,2.0385582447052,6.796703338623047,4.217212677001953,,,,,,
8789940000.0,111.7,8.0,6391222784.0,2374.417732364044,2839.0,0.076904296875,46530560.0,97325.4141933918,0.0015860125422477722,0.01123046875,1.9726420640945435,-0.019232410937547684,0.5905084013938904,-0.01972641982138157,0.0004940065555274487,0.0,-0.04812144488096237,1.0848280191421509,0.7420807319991636,7.019519329071045,1.800923228263855,6.971397876739502,2.136086940765381,6.9002180099487305,4.2104198932647705,,,,,,
8789940000.0,90.2,8.399999618530273,6391222784.0,2335.575577823147,2840.0,0.079345703125,46546944.0,97332.4291665554,0.0013754144310951233,0.0072021484375,1.9962494373321533,-0.019864588975906372,0.6155472993850708,-0.01996249333024025,9.790575131773949e-05,0.0,-0.014992691576480865,1.1129851341247559,0.726291647866422,7.019896984100342,1.8063462972640991,7.004904747009277,2.1273820400238037,7.014973163604736,4.394393682479858,,,,,,
8789940000.0,108.78,7.699999809265137,6391222784.0,2381.049746578428,2841.0,0.0787353515625,46563328.0,97339.31016516685,0.002335089724510908,0.0203857421875,2.0183379650115967,-0.01962607353925705,0.5862541198730469,-0.0201833788305521,0.0005573064554482698,0.0,-0.07865898311138153,1.0832688808441162,0.737443693840238,6.913907051086426,1.7655514478683472,6.8352484703063965,2.114097833633423,6.880998611450195,4.206194639205933,,,,,,
8789940000.0,87.47,8.800000190734863,6391222784.0,2365.974763065035,2842.0,0.0799560546875,46579712.0,97346.23500657082,0.0011529839830473065,0.006103515625,2.0293848514556885,-0.02006162330508232,0.5633008480072021,-0.02029384672641754,0.00023222435265779495,0.0,0.046314969658851624,1.0600109100341797,0.7330255304355364,7.081899166107178,1.772743582725525,7.128213882446289,2.0515174865722656,6.924841403961182,4.188795566558838,,,,,,
8789940000.0,108.6,7.900000095367432,6391222784.0,2379.137599537131,2843.0,0.078125,46596096.0,97353.12153553963,0.0015416915994137526,0.01165771484375,2.0296578407287598,-0.018327604979276657,0.5700335502624512,-0.020296577364206314,0.0019689761102199554,0.0,-0.020989958196878433,1.0624905824661255,0.7361231890197142,6.925530433654785,1.772667407989502,6.904540061950684,2.0683517456054688,6.886528968811035,4.236945390701294,,,,,,
8789940000.0,91.55,8.300000190734863,6391222784.0,2386.9930375134513,2844.0,0.069580078125,46612480.0,97359.98540139198,0.0026549219619482756,0.0220947265625,2.001547336578369,-0.018631726503372192,0.4820998013019562,-0.020015474408864975,0.00138374837115407,0.0,0.016331695020198822,0.9793238043785095,0.7572954633828943,6.904880046844482,1.7593928575515747,6.921212196350098,1.9878686666488647,6.863865852355957,4.204041957855225,,,,,,
8789940000.0,139.79,7.900000095367432,6391222784.0,2308.542118885584,2845.0,0.0634765625,46628864.0,97367.08252120018,0.0019535960163921118,0.0164794921875,2.036180019378662,-0.01940455473959446,0.5545943379402161,-0.020361797884106636,0.0009572431445121765,0.0,-0.006112321745604277,1.052648901939392,0.7217364894307521,6.716317176818848,1.6881994009017944,6.710205078125,1.9955171346664429,7.0971198081970215,4.188502788543701,,,,,,
8789940000.0,125.31,8.0,6391222784.0,2349.55620114898,2846.0,0.0714111328125,46645248.0,97374.05575299263,0.0019879096653312445,0.0155029296875,2.0207509994506836,-0.01939847134053707,0.5360772609710693,-0.02020750753581524,0.0008090308401733637,0.0,-0.0006001424044370651,1.0353236198425293,0.7193118776586396,6.895023345947266,1.6779459714889526,6.894423007965088,1.954177975654602,6.973231792449951,4.212162256240845,,,,,,
8789940000.0,92.8,8.300000190734863,6391222784.0,2351.648960472217,2847.0,0.069580078125,46661632.0,97381.0227792263,0.0009627458639442921,0.00408935546875,2.0412042140960693,-0.019658930599689484,0.5413513779640198,-0.020412040874361992,0.0007531103910878301,0.0,-0.024080293253064156,1.0399091243743896,0.733178725219596,6.699877738952637,1.7271649837493896,6.675797462463379,2.0131921768188477,6.967026233673096,4.2081074714660645,,,,,,
,,,,,,,,,,,,,,,,,,,,,,,,,,0.019866175949573517,0.5972714424133301,0.552635669708252,0.019866175949573517,0.5972714424133301,0.552635669708252
,,,,,,,,,,,,,,,,,,,,,,,,,,0.018605222925543785,0.5479922294616699,0.5206199288368225,0.018605222925543785,0.5479922294616699,0.5206199288368225
,,,,,,,,,,,,,,,,,,,,,,,,,,0.0175530593842268,0.5202963948249817,0.49781832098960876,0.0175530593842268,0.5202963948249817,0.49781832098960876
,,,,,,,,,,,,,,,,,,,,,,,,,,0.01842617057263851,0.4990217089653015,0.4766278862953186,0.01842617057263851,0.4990217089653015,0.4766278862953186
,,,,,,,,,,,,,,,,,,,,,,,,,,0.018284160643815994,0.480590283870697,0.458586722612381,0.018284160643815994,0.480590283870697,0.458586722612381
,,,,,,,,,,,,,,,,,,,,,,,,,,0.018680768087506294,0.4657888114452362,0.4445042312145233,0.018680768087506294,0.4657888114452362,0.4445042312145233
8789940000.0,131.91,7.300000190734863,6188634112.0,18.449047699633184,2848.0,0.0634765625,46678016.0,98269.09029722214,0.000896784826181829,0.0052490234375,2.0527429580688477,-0.021103914827108383,0.6397877931594849,-0.0205274298787117,-0.0005764886736869812,0.0,-0.14377903938293457,1.125488519668579,0.7175911382249482,6.7844038009643555,1.7390590906143188,6.640625,2.117882013320923,888.0675179958344,4.337323427200317,,,,,,
8789940000.0,91.98,8.399999618530273,6391222784.0,2376.0784316545846,2849.0,0.07568359375,46694400.0,98275.98569250107,0.0013486446114256978,0.00604248046875,2.0361175537109375,-0.019607339054346085,0.5475476384162903,-0.020361177623271942,0.0007538348436355591,0.0,-0.004234869498759508,1.0438483953475952,0.7396880305811946,6.835977554321289,1.7843098640441895,6.831742286682129,2.045926570892334,6.895395278930664,4.193846225738525,,,,,,
8789940000.0,109.53,8.199999809265137,6391222784.0,2366.9850445154675,2850.0,0.0537109375,46710784.0,98282.9075782299,0.0006052718381397426,0.00244140625,2.1045804023742676,-0.02100321464240551,0.43609750270843506,-0.021045804023742676,4.258728586137295e-05,0.0,-0.08083714544773102,0.9375536441802979,0.7455208183750839,6.528510093688965,1.678473711013794,6.447672367095947,1.8585309982299805,6.92188572883606,4.192758560180664,,,,,,
8789940000.0,139.0,8.199999809265137,6391222784.0,2359.0574071310607,2851.0,0.057373046875,46727168.0,98289.85272502899,0.0007560275262221694,0.00238037109375,2.0617809295654297,-0.020682841539382935,0.4950462579727173,-0.020617809146642685,-6.503146141767502e-05,0.0,-0.029511556029319763,0.9957059025764465,0.729803184847793,6.481791973114014,1.6406679153442383,6.452280044555664,1.9155373573303223,6.945146799087524,4.190490007400513,,,,,,
8789940000.0,175.96,7.800000190734863,6391222784.0,2366.4678571504824,2852.0,0.047607421875,46743552.0,98296.77612352371,0.0006133338902145624,0.00146484375,2.055173873901367,-0.020809965208172798,0.47110995650291443,-0.020551737397909164,-0.0002582268789410591,0.0,-0.003062124364078045,0.97283935546875,0.7479730257163237,6.390217304229736,1.6574450731277466,6.387155055999756,1.9378386735916138,6.923398494720459,4.203648328781128,,,,,,
8789940000.0,147.54,7.900000095367432,6391222784.0,2393.675241002994,2853.0,0.0634765625,46759936.0,98303.6208281517,0.000993140391074121,0.00604248046875,2.0343363285064697,-0.020649660378694534,0.5683386921882629,-0.020343363285064697,-0.00030629895627498627,0.0,-0.028643209487199783,1.0652141571044922,0.7349898649079671,6.532086372375488,1.783900499343872,6.503443241119385,2.0692145824432373,6.844704627990723,4.170477390289307,,,,,,
8789940000.0,118.27,8.100000381469727,6391222784.0,2328.002884414827,2854.0,0.0555419921875,46776320.0,98310.6586201191,0.0017909053713083267,0.01287841796875,2.062582015991211,-0.020385969430208206,0.43581074476242065,-0.020625818520784378,0.00023985281586647034,0.0,0.013031511567533016,0.9315536022186279,0.769759251768007,6.258070945739746,1.6661293506622314,6.2711029052734375,1.9414077997207642,7.037791967391968,4.191192150115967,,,,,,
8789940000.0,126.33,8.100000381469727,6391222784.0,2349.302779128064,2855.0,0.0494384765625,46792704.0,98317.63260412216,0.0008639885927550495,0.00543212890625,2.069978952407837,-0.020807482302188873,0.40690693259239197,-0.020699789747595787,-0.00010769255459308624,0.0,0.017028361558914185,0.9024714827537537,0.7725367683659519,6.1596245765686035,1.6445586681365967,6.176652908325195,1.8922476768493652,6.973984003067017,4.187044858932495,,,,,,
8789940000.0,146.73,8.100000381469727,6391222784.0,2344.8281996263804,2856.0,0.05126953125,46809088.0,98324.6198964119,0.0011448507430031896,0.00640869140625,2.060410261154175,-0.020396407693624496,0.3998218774795532,-0.020604100078344345,0.00020769238471984863,0.0,0.0009093745611608028,0.8968036770820618,0.7908606644270991,6.204841613769531,1.7166447639465332,6.205750465393066,1.961008906364441,6.987292289733887,4.185882806777954,,,,,,
8789940000.0,189.31,7.800000190734863,6391222784.0,2307.3354127714138,2857.0,0.048828125,46825472.0,98331.72072792053,0.0008308448595926166,0.0042724609375,2.0511534214019775,-0.020552776753902435,0.4334664046764374,-0.020511534065008163,-4.124082624912262e-05,0.0,-0.05143324285745621,0.9290306568145752,0.7871509543598805,6.437678337097168,1.795279860496521,6.386244773864746,2.0136966705322266,7.100831508636475,4.207347393035889,,,,,,
8789940000.0,142.93,8.199999809265137,6391222784.0,2291.567608445211,2858.0,0.0555419921875,46841856.0,98338.870418787,0.0014775069430470467,0.00897216796875,2.070244550704956,-0.02016088180243969,0.46830886602401733,-0.020702442154288292,0.0005415603518486023,0.0,0.01741509512066841,0.9684156775474548,0.778436336769766,6.497200965881348,1.8096026182174683,6.514616012573242,2.057370662689209,7.149690866470337,4.18680739402771,,,,,,
8789940000.0,146.82,8.300000190734863,6391222784.0,2286.0215548990327,2859.0,0.06103515625,46858240.0,98346.03745532036,0.0010821684263646603,0.00604248046875,2.0691351890563965,-0.02053098939359188,0.4108307659626007,-0.02069135010242462,0.00016036257147789001,0.0,0.017817793413996696,0.9066912531852722,0.8021458711014795,6.481564998626709,1.8150895833969116,6.499382972717285,2.038388252258301,7.167036533355713,4.1854352951049805,,,,,,
8789940000.0,132.3,7.900000095367432,6391222784.0,2300.489491650887,2860.0,0.0567626953125,46874624.0,98353.15941786766,0.001863789395429194,0.01556396484375,2.076037883758545,-0.020661402493715286,0.4483219385147095,-0.02076037786900997,9.897549171000719e-05,0.0,-0.047575898468494415,0.9446684718132019,0.7665377391238098,6.372294902801514,1.7027184963226318,6.324718475341797,1.9551074504852295,7.121962547302246,4.204032897949219,,,,,,
8789940000.0,151.3,8.0,6391222784.0,2322.6499209272283,2861.0,0.0494384765625,46891008.0,98360.21342968941,0.0010468472028151155,0.00567626953125,2.076383590698242,-0.020541872829198837,0.4336499273777008,-0.020763836801052094,0.00022196583449840546,0.0,-0.03815265744924545,0.9307231903076172,0.7721037170442664,6.261700630187988,1.727291464805603,6.223548412322998,1.9496296644210815,7.054011821746826,4.189124584197998,,,,,,
8789940000.0,143.62,7.5,6391222784.0,2376.4790940870175,2862.0,0.054931640625,46907392.0,98367.10766243935,0.0017763595096766949,0.01409912109375,2.0654361248016357,-0.0200362429022789,0.522803544998169,-0.020654359832406044,0.000618113437667489,0.0,-0.042278386652469635,1.0223395824432373,0.7356737023109788,6.263206481933594,1.7076133489608765,6.2209272384643555,1.9884954690933228,6.894232749938965,4.201544523239136,,,,,,
8789940000.0,153.93,8.199999809265137,6391222784.0,2365.5659897592104,2863.0,0.05859375,46923776.0,98374.03370046616,0.002447650535032153,0.02276611328125,2.0826685428619385,-0.020295532420277596,0.49014389514923096,-0.020826684311032295,0.0005311514250934124,0.0,-0.0029331762343645096,0.9921417236328125,0.7515450626763819,6.504288673400879,1.7537301778793335,6.50135612487793,1.990443468093872,6.926038026809692,4.224676609039307,,,,,,
8789940000.0,142.79,8.300000190734863,6391222784.0,2363.291202990755,2864.0,0.0592041015625,46940160.0,98380.96640515327,0.0014981001149863005,0.00994873046875,2.0687813758850098,-0.02043776959180832,0.45682358741760254,-0.02068781666457653,0.00025004614144563675,0.0,-0.005461547058075666,0.9554716348648071,0.7651425702279748,6.430782318115234,1.7574626207351685,6.425320625305176,1.9715862274169922,6.93270468711853,4.191021203994751,,,,,,
8789940000.0,162.02,7.800000190734863,6391222784.0,2365.998060638045,2865.0,0.0494384765625,46956544.0,98387.89117836952,0.0020414632745087147,0.0159912109375,2.0963385105133057,-0.019572310149669647,0.4410865902900696,-0.020963387563824654,0.0013910767156630754,0.0,-0.008775748312473297,0.938266932964325,0.7537312765136754,6.333314895629883,1.6556830406188965,6.3245391845703125,1.8906960487365723,6.924773216247559,4.188461780548096,,,,,,
8789940000.0,153.83,7.199999809265137,6391222784.0,2285.8418704954943,2866.0,0.0396728515625,46972928.0,98395.05877828598,0.00195108144544065,0.01727294921875,2.0242714881896973,-0.02087409421801567,0.47451862692832947,-0.020242713391780853,-0.000631377100944519,0.0,-0.07554516196250916,0.9752098917961121,0.7224906762700063,6.224565505981445,1.5770714282989502,6.149020671844482,1.851225733757019,7.16759991645813,4.383080005645752,,,,,,
8789940000.0,153.81,7.900000095367432,6391222784.0,2354.5479675816846,2867.0,0.052490234375,46989312.0,98402.0172264576,0.0014431339222937822,0.0081787109375,2.0704503059387207,-0.020298965275287628,0.43173202872276306,-0.02070450410246849,0.0004055369645357132,0.0,-0.02080385386943817,0.9296039342880249,0.7688132151802658,6.119421005249023,1.6562312841415405,6.098617076873779,1.9333775043487549,6.958448171615601,4.227055072784424,,,,,,
8789940000.0,169.32,7.900000095367432,6391222784.0,2296.5284905710946,2868.0,0.0531005859375,47005696.0,98409.15147280693,0.0008007154683582485,0.00286865234375,2.0794529914855957,-0.020520802587270737,0.5234601497650146,-0.02079452946782112,0.00027372781187295914,0.0,0.0016313811065629125,1.020752191543579,0.7277138804971064,6.0722975730896,1.656427025794983,6.073929309844971,1.9561762809753418,7.134246349334717,4.206225633621216,,,,,,
8789940000.0,171.56,7.599999904632568,6391222784.0,2277.570126245361,2869.0,0.048828125,47022080.0,98416.34510421753,0.0011445519048720598,0.00689697265625,2.1077797412872314,-0.0203396026045084,0.4682583212852478,-0.021077796816825867,0.0007381942123174667,0.0,0.033230021595954895,0.969645082950592,0.7573335690508082,6.105393409729004,1.6654133796691895,6.138623237609863,1.9683752059936523,7.193631410598755,4.260138511657715,,,,,,
8789940000.0,106.2,8.699999809265137,6391222784.0,2273.0624644769264,2870.0,0.0640869140625,47038464.0,98423.55300116539,0.0008742597419768572,0.00390625,2.1098670959472656,-0.02048979140818119,0.49696165323257446,-0.02109866961836815,0.0006088782101869583,0.0,0.05766282603144646,0.9951979517936707,0.7707456656639388,6.512613296508789,1.8630815744400024,6.570276260375977,2.078502893447876,7.207896947860718,4.382805109024048,,,,,,
8789940000.0,136.21,8.5,6391222784.0,2367.380280715839,2871.0,0.05615234375,47054848.0,98430.47373127937,0.0010771986562758684,0.00628662109375,2.0999457836151123,-0.020990461111068726,0.42440786957740784,-0.020999455824494362,8.994946256279945e-06,0.0,0.05001064017415047,0.9159523248672485,0.7949511456093742,6.307580947875977,1.857257604598999,6.35759162902832,2.0227601528167725,6.920730113983154,4.239001512527466,,,,,,
8789940000.0,161.46,8.300000190734863,6391222784.0,2314.456261680776,2872.0,0.0665283203125,47071232.0,98437.55271577835,0.0008022887632250786,0.0040283203125,2.0545899868011475,-0.020950522273778915,0.5569406747817993,-0.020545899868011475,-0.0004046224057674408,0.0,0.04568849131464958,1.0568331480026245,0.747563362579012,6.551665306091309,1.8427685499191284,6.597353458404541,2.103440046310425,7.078984498977661,4.230419874191284,,,,,,
8789940000.0,120.35,8.0,6391222784.0,2270.6451435711574,2873.0,0.0537109375,47087616.0,98444.76828622818,0.0012028811033815145,0.00823974609375,2.122971773147583,-0.021292105317115784,0.4715222716331482,-0.021229717880487442,-6.238557398319244e-05,0.0,-0.021560441702604294,0.9710982441902161,0.7600198992524421,6.1854047775268555,1.7521679401397705,6.163844108581543,1.9823280572891235,7.215570449829102,4.260214328765869,,,,,,
8789940000.0,133.32,8.300000190734863,6391222784.0,2283.1345155887248,2874.0,0.05126953125,47104000.0,98451.94438552856,0.0010376247810199857,0.00634765625,2.129681348800659,-0.021298106759786606,0.38893455266952515,-0.02129681408405304,-1.2936070561408997e-06,0.0,0.002762561198323965,0.8820051550865173,0.7928690467062578,6.211458206176758,1.7190818786621094,6.2142205238342285,1.9379762411117554,7.1760993003845215,4.207562446594238,,,,,,
8789940000.0,139.92,7.699999809265137,6391222784.0,2335.6789344219837,2875.0,0.0408935546875,47120384.0,98458.95904827118,0.001274529960937798,0.00787353515625,2.141171932220459,-0.02066267840564251,0.45622506737709045,-0.021411718800663948,0.0007490385323762894,0.0,-0.05306759476661682,0.9594529271125793,0.7369168781950828,6.1773271560668945,1.638914942741394,6.1242594718933105,1.870584487915039,7.014662742614746,4.358877420425415,,,,,,
8789940000.0,156.19,7.900000095367432,6391222784.0,2340.848964665481,2876.0,0.0628662109375,47136768.0,98465.9582183361,0.0009294852497987449,0.00482177734375,2.0405094623565674,-0.020363612100481987,0.5107219219207764,-0.02040509693324566,4.1482970118522644e-05,0.0,-0.008309708908200264,1.0100106000900269,0.7592751264529531,6.273780345916748,1.7323189973831177,6.265470504760742,2.058568000793457,6.9991700649261475,4.198165655136108,,,,,,
8789940000.0,111.68,7.699999809265137,6391222784.0,2303.0215939075097,2877.0,0.057373046875,47153152.0,98473.07235050201,0.0015759627567604184,0.01458740234375,2.0571835041046143,-0.020320871844887733,0.6093066930770874,-0.020571833476424217,0.00025096163153648376,0.0,-0.025746343657374382,1.104489803314209,0.7310888333420723,6.311281681060791,1.7739466428756714,6.285534858703613,2.129890203475952,7.1141321659088135,4.203003644943237,,,,,,
8789940000.0,129.03,8.600000381469727,6391222784.0,2292.3847125864086,2878.0,0.0616455078125,47169536.0,98480.21949291229,0.0008824137621559203,0.00372314453125,2.0616729259490967,-0.02023649588227272,0.4632076621055603,-0.020616726949810982,0.00038023386150598526,0.0,0.07487556338310242,0.9581008553504944,0.7765000272188153,6.396693229675293,1.806490182876587,6.471569061279297,2.0266201496124268,7.14714241027832,4.24709153175354,,,,,,
8789940000.0,148.02,8.0,6391222784.0,2278.8585622561245,2879.0,0.0494384765625,47185920.0,98487.40905714035,0.0008581238798797131,0.0042724609375,2.109586238861084,-0.020603105425834656,0.41973602771759033,-0.02109586074948311,0.0004927590489387512,0.0,-0.04136931896209717,0.9150546193122864,0.7803320489049952,6.121992111206055,1.7348229885101318,6.080622673034668,1.9523780345916748,7.189564228057861,4.191404819488525,,,,,,
,,,,,,,,,,,,,,,,,,,,,,,,,,0.01918976381421089,0.504939079284668,0.4621676504611969,0.01918976381421089,0.504939079284668,0.4621676504611969
,,,,,,,,,,,,,,,,,,,,,,,,,,0.01841999590396881,0.4632829427719116,0.43578529357910156,0.01841999590396881,0.4632829427719116,0.43578529357910156
,,,,,,,,,,,,,,,,,,,,,,,,,,0.017483483999967575,0.44020915031433105,0.41595566272735596,0.017483483999967575,0.44020915031433105,0.41595566272735596
,,,,,,,,,,,,,,,,,,,,,,,,,,0.017812401056289673,0.42404285073280334,0.40046200156211853,0.017812401056289673,0.42404285073280334,0.40046200156211853
,,,,,,,,,,,,,,,,,,,,,,,,,,0.017475413158535957,0.4077394902706146,0.38599321246147156,0.017475413158535957,0.4077394902706146,0.38599321246147156
,,,,,,,,,,,,,,,,,,,,,,,,,,0.017885291948914528,0.3943849503993988,0.37411385774612427,0.017885291948914528,0.3943849503993988,0.37411385774612427
8789940000.0,135.85,7.800000190734863,6188634112.0,18.415624358085356,2880.0,0.0537109375,47202304.0,99377.08836865425,0.0007517879130318761,0.00445556640625,2.0910696983337402,-0.020587805658578873,0.5541005730628967,-0.02091069705784321,0.00032289139926433563,0.0,-0.03231431543827057,1.047621488571167,0.749298368815745,6.362014293670654,1.806870937347412,6.329699516296387,2.092308759689331,889.6793115139008,4.216592788696289,,,,,,
8789940000.0,116.34,8.0,6391222784.0,2363.8205814870917,2881.0,0.0567626953125,47218688.0,99384.01952075958,0.0006521031027659774,0.0020751953125,2.07061767578125,-0.020704830065369606,0.5057300925254822,-0.0207061767578125,1.3476237654685974e-06,0.0,-0.0650036633014679,1.0031650066375732,0.7684798011155922,6.344778537750244,1.836399793624878,6.2797746658325195,2.0848639011383057,6.931152105331421,4.189399719238281,,,,,,
8789940000.0,152.76,8.0,6391222784.0,2417.220276678856,2882.0,0.0506591796875,47235072.0,99390.79755425453,0.0006278163054957986,0.00286865234375,2.113732099533081,-0.02088116854429245,0.5003007054328918,-0.02113732136785984,0.0002561509609222412,0.0,0.010847877711057663,0.9931837916374207,0.7445545647909648,6.2101311683654785,1.7570722103118896,6.220978736877441,1.9650806188583374,6.778033494949341,4.182438373565674,,,,,,
8789940000.0,147.16,8.0,6391222784.0,2271.6164107156055,2883.0,0.0616455078125,47251456.0,99398.01003956795,0.0011429679580032825,0.00653076171875,2.057879686355591,-0.021445224061608315,0.5628690719604492,-0.020578796043992043,-0.0008664270862936974,0.0,0.015215843915939331,1.0629793405532837,0.7580922213135126,6.346889019012451,1.9001836776733398,6.362104415893555,2.1612236499786377,7.212485313415527,4.200847387313843,,,,,,
8789940000.0,146.81,8.0,6391222784.0,2326.5324197583964,2884.0,0.0830078125,47267840.0,99405.05227971077,0.0010819940362125635,0.006591796875,1.9768049716949463,-0.01949034072458744,0.7563260197639465,-0.01976804807782173,0.0002777092158794403,0.0,0.055521901696920395,1.2246978282928467,0.7074704981206275,6.736396789550781,1.9715787172317505,6.791918754577637,2.264352798461914,7.042240142822266,4.1868181228637695,,,,,,
8789940000.0,86.74,8.300000190734863,6391222784.0,2350.6118439517068,2885.0,0.0848388671875,47284224.0,99412.02237987518,0.0006311484612524509,0.0030517578125,1.9833555221557617,-0.01922449842095375,0.6937503218650818,-0.019833553582429886,0.0006090551614761353,0.0,0.03031049482524395,1.1788314580917358,0.727685419343896,6.829194068908691,1.9774178266525269,6.859504699707031,2.259000062942505,6.970100164413452,4.192412853240967,,,,,,
8789940000.0,91.76,7.900000095367432,6391222784.0,2328.3205192058767,2886.0,0.091552734375,47300608.0,99419.05921173096,0.0008682306506671011,0.00396728515625,1.977297067642212,-0.01992785558104515,0.6699894666671753,-0.019772969186306,-0.00015488918870687485,0.0,0.003843167796730995,1.1583322286605835,0.7382130030150555,6.860013961791992,1.9478230476379395,6.863857269287109,2.263909339904785,7.036831855773926,4.197218656539917,,,,,,
8789940000.0,80.59,8.199999809265137,6391222784.0,2372.074066850817,2887.0,0.0823974609375,47316992.0,99425.96624732018,0.0008259066380560398,0.00341796875,1.9649863243103027,-0.019871652126312256,0.6243021488189697,-0.019649863243103027,-0.00022179260849952698,0.0,0.0003892150707542896,1.1190667152404785,0.740304897444723,6.650139331817627,1.9008402824401855,6.650528430938721,2.1959590911865234,6.90703558921814,4.201152086257935,,,,,,
8789940000.0,118.03,8.300000190734863,6391222784.0,2384.180382521618,2888.0,0.084228515625,47333376.0,99432.83821058273,0.001017949776723981,0.0072021484375,1.9332036972045898,-0.019154060631990433,0.6530655026435852,-0.01933203637599945,0.0001779738813638687,0.0,0.02022375352680683,1.1432104110717773,0.7346358272375118,6.85500955581665,1.924295425415039,6.8752336502075195,2.219245433807373,6.871963262557983,4.210900068283081,,,,,,
8789940000.0,119.25,7.699999809265137,6391222784.0,2319.6699972907722,2889.0,0.0860595703125,47349760.0,99439.90128421783,0.0011852007592096925,0.00640869140625,1.9397573471069336,-0.019371990114450455,0.6839187741279602,-0.019397573545575142,2.5581568479537964e-05,0.0,0.011852215975522995,1.1696280241012573,0.7400400236410762,6.857996940612793,1.97671377658844,6.86984920501709,2.2940070629119873,7.063073635101318,4.178775310516357,,,,,,
8789940000.0,80.9,8.399999618530273,6391222784.0,2324.7672766081064,2890.0,0.0897216796875,47366144.0,99446.94887137413,0.0018230988644063473,0.01300048828125,1.9633773565292358,-0.01912391372025013,0.545399010181427,-0.01963377185165882,0.000509859062731266,0.0,0.09872481971979141,1.0413532257080078,0.7613303432071774,6.736514091491699,1.8945927619934082,6.835238933563232,2.1315691471099854,7.047587156295776,4.208371877670288,,,,,,
8789940000.0,110.69,8.100000381469727,6391222784.0,2320.20312114939,2891.0,0.0787353515625,47382528.0,99454.01032209396,0.003670322708785534,0.03131103515625,1.9519895315170288,-0.018538910895586014,0.6437968015670776,-0.019519895315170288,0.0009809881448745728,0.0,-0.06773480027914047,1.1333469152450562,0.7435338150243566,6.900562763214111,1.949081540107727,6.832827568054199,2.2379350662231445,7.061450719833374,4.186929941177368,,,,,,
8789940000.0,92.79,8.5,6391222784.0,2353.288589552319,2892.0,0.076904296875,47398912.0,99460.97249412537,0.001039561117067933,0.005615234375,1.9523588418960571,-0.01878998801112175,0.5335479378700256,-0.019523587077856064,0.000733599066734314,0.0,0.06603279709815979,1.0262116193771362,0.7429864776415688,6.933330059051514,1.8019448518753052,6.999362945556641,2.0242254734039307,6.962172031402588,4.202505588531494,,,,,,
8789940000.0,133.4,8.199999809265137,6391222784.0,2297.3095076810187,2893.0,0.072021484375,47415296.0,99468.1043150425,0.0012915414990857244,0.00543212890625,1.9638967514038086,-0.019922884181141853,0.575268030166626,-0.019638968631625175,-0.00028391648083925247,0.0,-0.03015216812491417,1.0698097944259644,0.7430144261799023,6.839869022369385,1.8467999696731567,6.809716701507568,2.1103389263153076,7.131820917129517,4.18923282623291,,,,,,
8789940000.0,103.69,8.199999809265137,6391222784.0,2315.3247985741373,2894.0,0.081787109375,47431680.0,99475.18064403534,0.0010165974963456392,0.00640869140625,1.9587585926055908,-0.018459923565387726,0.6265531182289124,-0.01958758756518364,0.0011276639997959137,0.0,-0.00799876730889082,1.1180310249328613,0.7155365612384003,6.982797145843506,1.7890169620513916,6.974798679351807,2.096237897872925,7.076328992843628,4.206420421600342,,,,,,
8789940000.0,109.04,7.900000095367432,6391222784.0,2325.4361210997,2895.0,0.0750732421875,47448064.0,99482.22620415688,0.0009103573393076658,0.0048828125,1.9556667804718018,-0.019167257472872734,0.6867169737815857,-0.019556667655706406,0.0003894111141562462,0.0,-0.06453036516904831,1.1712570190429688,0.7214185706119391,6.772068023681641,1.8750821352005005,6.7075371742248535,2.219095468521118,7.045560121536255,4.184833288192749,,,,,,
8789940000.0,85.65,8.699999809265137,6391222784.0,2329.8956172370054,2896.0,0.0848388671875,47464448.0,99489.25827884674,0.001347541925497353,0.00982666015625,1.9660395383834839,-0.018977876752614975,0.5483273863792419,-0.01966039463877678,0.0006825178861618042,0.0,0.13665995001792908,1.0395901203155518,0.7579601506413627,6.739399433135986,1.8734276294708252,6.876059532165527,2.1130940914154053,7.032074689865112,4.2112157344818115,,,,,,
8789940000.0,82.1,7.800000190734863,6391222784.0,2273.348587115666,2897.0,0.0823974609375,47480832.0,99496.46526861191,0.0007168276351876557,0.00299072265625,1.9830987453460693,-0.01959247887134552,0.635839581489563,-0.019830986857414246,0.00023851171135902405,0.0,-0.061284422874450684,1.1259349584579468,0.7436204847457564,6.878202438354492,1.9238848686218262,6.816917896270752,2.2236764430999756,7.206989765167236,4.32584810256958,,,,,,
8789940000.0,87.29,8.800000190734863,6391222784.0,2360.820927998639,2898.0,0.079345703125,47497216.0,99503.40522742271,0.000768576399423182,0.0042724609375,1.984100341796875,-0.01943851448595524,0.5364153981208801,-0.01984100416302681,0.000402489909902215,0.0,0.023761600255966187,1.0383143424987793,0.7507407354608275,6.808218002319336,1.8391739130020142,6.831979751586914,2.0797128677368164,6.939958810806274,4.218429088592529,,,,,,
8789940000.0,130.86,7.599999904632568,6391222784.0,2396.493390691519,2899.0,0.06591796875,47513600.0,99510.24188303947,0.0007920279167592525,0.0035400390625,1.992874026298523,-0.01929633691906929,0.6059932112693787,-0.019928738474845886,0.0006324071437120438,0.0,-0.07182125747203827,1.0965839624404907,0.7406394302555934,6.713691711425781,1.816125750541687,6.641870498657227,2.153226375579834,6.836655616760254,4.184856176376343,,,,,,
8789940000.0,87.69,8.199999809265137,6391222784.0,2341.302284902884,2900.0,0.08056640625,47529984.0,99517.2396979332,0.0011374976020306349,0.00567626953125,2.001798629760742,-0.019683869555592537,0.6265961527824402,-0.020017987117171288,0.00033411942422389984,0.0,-0.03537251800298691,1.1158336400985718,0.7370699089592515,6.815727233886719,1.8644391298294067,6.7803544998168945,2.176102638244629,6.997814893722534,4.212304353713989,,,,,,
8789940000.0,103.32,8.300000190734863,6391222784.0,2394.068265258234,2901.0,0.0677490234375,47546368.0,99524.08327889442,0.0009522500913590193,0.0042724609375,2.008195400238037,-0.02067003771662712,0.5692212581634521,-0.020081952214241028,-0.0005880873650312424,0.0,0.03490693122148514,1.0683681964874268,0.7286811630737352,6.638235092163086,1.8076171875,6.673141956329346,2.051072835922241,6.843580961227417,4.216092348098755,,,,,,
8789940000.0,118.5,7.800000190734863,6391222784.0,2288.881902520334,2902.0,0.0823974609375,47562752.0,99531.24135899544,0.0015776960644870996,0.00970458984375,1.9732728004455566,-0.019254494458436966,0.6160021424293518,-0.019732728600502014,0.0004782332107424736,0.0,0.009113692678511143,1.1019670963287354,0.7499745250395305,6.779383659362793,1.8603992462158203,6.788497447967529,2.2038228511810303,7.158080101013184,4.354024887084961,,,,,,
8789940000.0,106.8,7.599999904632568,6391222784.0,2338.2116449474797,2903.0,0.0677490234375,47579136.0,99538.24842357635,0.0009939288720488548,0.00604248046875,1.9545105695724487,-0.019534049555659294,0.6927707195281982,-0.01954510621726513,1.1060386896133423e-05,0.0,-0.05812326818704605,1.170124888420105,0.6884180625167293,6.723662376403809,1.758729338645935,6.665538787841797,2.096261978149414,7.007064580917358,4.262331485748291,,,,,,
8789940000.0,92.3,8.600000381469727,6391222784.0,2367.40287195853,2904.0,0.0750732421875,47595520.0,99545.16908764839,0.0005154093960300088,0.00146484375,2.024099588394165,-0.0197064820677042,0.5077745318412781,-0.02024099789559841,0.0005345139652490616,0.0,0.03634311258792877,1.0047235488891602,0.7843305057471964,6.709794044494629,1.8933570384979248,6.7461371421813965,2.1634767055511475,6.920664072036743,4.237231492996216,,,,,,
8789940000.0,119.78,8.5,6391222784.0,2374.0671381072943,2905.0,0.0653076171875,47611904.0,99552.07032465935,0.0011562816798686981,0.009033203125,2.0336410999298096,-0.019797373563051224,0.5267042517662048,-0.020336410030722618,0.0005390355363488197,0.0,0.004100589081645012,1.0290987491607666,0.7526258130294063,6.506011009216309,1.8251806497573853,6.5101118087768555,2.0690934658050537,6.9012370109558105,4.2099833488464355,,,,,,
8789940000.0,121.67,7.800000190734863,6391222784.0,2351.7016732833877,2906.0,0.0518798828125,47628288.0,99559.03719472885,0.000954868970438838,0.0057373046875,2.051199436187744,-0.020360266789793968,0.4836968779563904,-0.020511994138360023,0.00015172921121120453,0.0,-0.018853502348065376,0.9813165068626404,0.760792051930993,6.404755115509033,1.7748229503631592,6.38590145111084,2.006416082382202,6.966870069503784,4.204438209533691,,,,,,
8789940000.0,143.89,7.900000095367432,6391222784.0,2337.5503808021704,2907.0,0.0677490234375,47644672.0,99566.04624152184,0.0008763709338381886,0.00360107421875,1.999108076095581,-0.019632164388895035,0.6682640910148621,-0.019991081207990646,0.00035892054438591003,0.0,-0.03735853731632233,1.1519925594329834,0.7063219736135329,6.677923202514648,1.8147279024124146,6.640564918518066,2.1257588863372803,7.009046792984009,4.359154224395752,,,,,,
8789940000.0,121.82,7.900000095367432,6391222784.0,2334.1289903439624,2908.0,0.0689697265625,47661056.0,99573.06556224823,0.0015672901645302773,0.011962890625,2.0252702236175537,-0.020006317645311356,0.6131793260574341,-0.02025270275771618,0.0002463851124048233,0.0,-0.08151771873235703,1.1032330989837646,0.7391506370048395,6.6083784103393555,1.8009659051895142,6.526861190795898,2.1600942611694336,7.019320726394653,4.3241822719573975,,,,,,
8789940000.0,101.31,7.900000095367432,6391222784.0,2345.8085671820522,2909.0,0.0799560546875,47677440.0,99580.0499343872,0.0014067892916500568,0.00933837890625,1.9976309537887573,-0.020191773772239685,0.6165308356285095,-0.019976310431957245,-0.0002154642716050148,0.0,0.023196503520011902,1.1085045337677002,0.7248901536638955,6.734653949737549,1.8244680166244507,6.757850646972656,2.1134140491485596,6.984372138977051,4.311657905578613,,,,,,
8789940000.0,80.0,8.5,6391222784.0,2384.8950293231183,2910.0,0.072021484375,47693824.0,99586.9198384285,0.0012536064023151994,0.0078125,2.0452239513397217,-0.01924441196024418,0.459410160779953,-0.020452236756682396,0.0012078247964382172,0.0,0.05893433839082718,0.9576826691627502,0.7889303411026405,6.762903213500977,1.8348826169967651,6.821837425231934,2.0845322608947754,6.869904041290283,4.172131299972534,,,,,,
8789940000.0,131.23,8.5,6391222784.0,2320.4372185431225,2911.0,0.078125,47710208.0,99593.98057675362,0.0009604995721019804,0.004638671875,2.0665557384490967,-0.020452305674552917,0.47714099287986755,-0.02066555619239807,0.00021324865520000458,0.0,0.003738017287105322,0.9780091643333435,0.7863072386166835,6.892815589904785,1.9037047624588013,6.8965535163879395,2.1156702041625977,7.0607383251190186,4.273306369781494,,,,,,
,,,,,,,,,,,,,,,,,,,,,,,,,,0.019263114780187607,0.6202762126922607,0.5823317766189575,0.019263114780187607,0.6202762126922607,0.5823317766189575
,,,,,,,,,,,,,,,,,,,,,,,,,,0.017689034342765808,0.5680434107780457,0.5452181100845337,0.017689034342765808,0.5680434107780457,0.5452181100845337
,,,,,,,,,,,,,,,,,,,,,,,,,,0.01861678436398506,0.5450839996337891,0.5219452977180481,0.01861678436398506,0.5450839996337891,0.5219452977180481
,,,,,,,,,,,,,,,,,,,,,,,,,,0.018203124403953552,0.5212896466255188,0.501609742641449,0.018203124403953552,0.5212896466255188,0.501609742641449
,,,,,,,,,,,,,,,,,,,,,,,,,,0.017444496974349022,0.5007608532905579,0.48416396975517273,0.017444496974349022,0.5007608532905579,0.48416396975517273
,,,,,,,,,,,,,,,,,,,,,,,,,,0.018207427114248276,0.48530060052871704,0.4698660969734192,0.018207427114248276,0.48530060052871704,0.4698660969734192
8789940000.0,135.44,7.699999809265137,6188634112.0,18.43242629916595,2912.0,0.0604248046875,47726592.0,100482.84890770912,0.0008627412025816739,0.00323486328125,2.101562261581421,-0.021014727652072906,0.5632938146591187,-0.021015621721744537,8.977949619293213e-07,0.0,-0.027995385229587555,1.0600929260253906,0.7516012403735339,6.518065452575684,1.834488868713379,6.490069389343262,2.127006769180298,888.8683309555054,4.332260847091675,,,,,,
8789940000.0,131.33,7.800000190734863,6391222784.0,2388.101518023301,2913.0,0.06591796875,47742976.0,100489.709587574,0.0006928474176675081,0.0023193359375,2.113495349884033,-0.02083699032664299,0.4897080659866333,-0.02113495208323002,0.00029796501621603966,0.0,-0.02895253896713257,0.9915133118629456,0.7845490992220908,6.496222496032715,1.8229117393493652,6.467270374298096,2.1361138820648193,6.860679864883423,4.203401327133179,,,,,,
8789940000.0,94.24,8.5,6391222784.0,2426.976027566589,2914.0,0.069580078125,47759360.0,100496.46037530899,0.000836545426864177,0.005126953125,2.1036791801452637,-0.021156709641218185,0.5037615299224854,-0.021036788821220398,-0.0001199226826429367,0.0,0.0784861370921135,0.9998691082000732,0.7771978586370307,6.803256034851074,1.8890178203582764,6.881742477416992,2.1182808876037598,6.750787734985352,4.187296628952026,,,,,,
8789940000.0,109.53,8.300000190734863,6391222784.0,2347.132258186924,2915.0,0.0799560546875,47775744.0,100503.44080853462,0.000882353400811553,0.00360107421875,2.043276071548462,-0.020071228966116905,0.6113144755363464,-0.020432762801647186,0.0003615331370383501,0.0,0.00778952706605196,1.1011580228805542,0.760023572218705,6.66632080078125,1.975260615348816,6.674109935760498,2.2478396892547607,6.980433225631714,4.202486991882324,,,,,,
8789940000.0,122.08,8.5,6391222784.0,2335.910051277899,2916.0,0.0653076171875,47792128.0,100510.45477724075,0.0011009874287992716,0.00421142578125,2.087470054626465,-0.02052379585802555,0.47167715430259705,-0.02087470144033432,0.00035090744495391846,0.0,-0.001582073513418436,0.9692065119743347,0.787234231438273,6.691623687744141,1.8837559223175049,6.690042018890381,2.1011908054351807,7.0139687061309814,4.187439918518066,,,,,,
8789940000.0,118.89,8.100000381469727,6391222784.0,2351.243995668505,2917.0,0.0714111328125,47808512.0,100517.42300343513,0.0007123231189325452,0.00274658203125,2.0390732288360596,-0.020326783880591393,0.6337336897850037,-0.02039073221385479,6.395182572305202e-05,0.0,0.009053526446223259,1.1229541301727295,0.7320401729172483,6.8568878173828125,1.8784273862838745,6.865941047668457,2.169337034225464,6.968226194381714,4.194446802139282,,,,,,
8789940000.0,99.91,8.100000381469727,6391222784.0,2371.5360750068185,2918.0,0.07568359375,47824896.0,100524.33160591125,0.0006709260633215308,0.0023193359375,2.0727853775024414,-0.01999206840991974,0.6109724044799805,-0.02072785422205925,0.0007357844151556492,0.0,0.026679057627916336,1.1047699451446533,0.7364069541575933,6.880517959594727,1.914794921875,6.90719747543335,2.1518146991729736,6.908602476119995,4.178259372711182,,,,,,
8789940000.0,89.2,8.5,6391222784.0,2429.8719794237213,2919.0,0.0762939453125,47841280.0,100531.07434797287,0.0007786144851706922,0.00323486328125,2.050262928009033,-0.02035723812878132,0.6122405529022217,-0.02050262689590454,0.00014538737013936043,0.0,-0.005338938906788826,1.1077378988265991,0.723981338971289,6.868831634521484,1.8240134716033936,6.863492965698242,2.108473539352417,6.74274206161499,4.195796012878418,,,,,,
8789940000.0,116.16,8.800000190734863,6391222784.0,2408.7463654187195,2920.0,0.069580078125,47857664.0,100537.87622642517,0.0008062271517701447,0.0029296875,2.063350200653076,-0.02062578871846199,0.40463078022003174,-0.020633500069379807,7.713213562965393e-06,0.0,0.07510247826576233,0.8964281678199768,0.7865665279627615,6.762783050537109,1.7410006523132324,6.83788537979126,1.9403690099716187,6.801878452301025,4.16823935508728,,,,,,
8789940000.0,132.71,8.5,6391222784.0,2380.1068907493873,2921.0,0.069580078125,47874048.0,100544.75995087624,0.000834127888083458,0.00396728515625,2.1003308296203613,-0.02101478911936283,0.5048810243606567,-0.02100330777466297,-1.1480413377285004e-05,0.0,0.01893339678645134,1.0049798488616943,0.7571441957495532,6.791546821594238,1.8108060359954834,6.810480117797852,2.03930926322937,6.8837244510650635,4.197977781295776,,,,,,
8789940000.0,143.45,8.199999809265137,6391222784.0,2408.345468993981,2922.0,0.0677490234375,47890432.0,100551.56296157837,0.0009201359935104847,0.003173828125,2.0783228874206543,-0.020373309031128883,0.5438262820243835,-0.020783230662345886,0.0004099234938621521,0.0,-0.022622043266892433,1.041650652885437,0.7417410162293003,6.832772254943848,1.795450210571289,6.810149192810059,2.049717903137207,6.803010702133179,4.193686485290527,,,,,,
8789940000.0,89.76,8.5,6391222784.0,2394.1811178360676,2923.0,0.0714111328125,47906816.0,100558.40621995926,0.0006873992970213294,0.0035400390625,2.0801758766174316,-0.020702984184026718,0.535743772983551,-0.020801760256290436,9.87788662314415e-05,0.0,0.009297871962189674,1.034796953201294,0.7518645544136237,6.759283065795898,1.8160526752471924,6.768580436706543,2.0773537158966064,6.843258380889893,4.206186294555664,,,,,,
8789940000.0,108.61,8.699999809265137,6391222784.0,2412.924579767129,2924.0,0.072021484375,47923200.0,100565.19632029533,0.000741845928132534,0.00299072265625,2.0882556438446045,-0.020418625324964523,0.4404903054237366,-0.020882558077573776,0.00046393368393182755,0.0,-0.003161621280014515,0.9403167963027954,0.7900120862078248,6.859160423278809,1.7974798679351807,6.855998516082764,2.0519983768463135,6.790100336074829,4.1811463832855225,,,,,,
8789940000.0,157.07,8.100000381469727,6391222784.0,2422.4817300232835,2925.0,0.05859375,47939584.0,100571.9596323967,0.0008466187864542007,0.00360107421875,2.0567891597747803,-0.01998203992843628,0.4638388454914093,-0.020567892119288445,0.0005858491640537977,0.0,-0.00981428474187851,0.9638348817825317,0.7546434191681202,6.777266502380371,1.677032232284546,6.767451763153076,1.945824146270752,6.763312101364136,4.188403844833374,,,,,,
8789940000.0,119.72,8.399999618530273,6391222784.0,2391.009704991622,2926.0,0.0634765625,47955968.0,100578.81196761131,0.0007098637288436294,0.003662109375,2.0703959465026855,-0.020345106720924377,0.5028600692749023,-0.020703960210084915,0.00035885535180568695,0.0,0.038089290261268616,1.0038611888885498,0.746793420374058,6.750158786773682,1.7653312683105469,6.788248062133789,1.9949697256088257,6.852335214614868,4.183873653411865,,,,,,
8789940000.0,102.29,8.5,6391222784.0,2407.9706093596133,2927.0,0.0677490234375,47972352.0,100585.61603736877,0.000870153889991343,0.0042724609375,2.078242063522339,-0.020869702100753784,0.48896872997283936,-0.02078241854906082,-8.727982640266418e-05,0.0,-0.05216340348124504,0.9923334121704102,0.7744425160017451,6.951293468475342,1.846218228340149,6.899130344390869,2.0894370079040527,6.804069757461548,4.197628498077393,,,,,,
8789940000.0,108.46,8.699999809265137,6391222784.0,2396.591510909701,2928.0,0.0689697265625,47988736.0,100592.45241308212,0.0007635140791535378,0.0035400390625,2.070439577102661,-0.01992705650627613,0.5076062679290771,-0.020704397931694984,0.0007773432298563421,0.0,0.023710500448942184,1.0006574392318726,0.7573164436056505,6.8742523193359375,1.8065494298934937,6.897963523864746,2.031259059906006,6.836375713348389,4.191666603088379,,,,,,
8789940000.0,99.69,8.600000381469727,6391222784.0,2413.4247258439964,2929.0,0.0732421875,48005120.0,100599.24110627174,0.0007990181911736727,0.00537109375,2.111607074737549,-0.02048775926232338,0.5288401246070862,-0.021116070449352264,0.0006283089751377702,0.0,-0.016961868852376938,1.0262356996536255,0.7590668901608444,6.8568525314331055,1.8111157417297363,6.839890480041504,2.0907344818115234,6.788693189620972,4.192352294921875,,,,,,
8789940000.0,145.31,7.900000095367432,6391222784.0,2369.591534618058,2930.0,0.0616455078125,48021504.0,100606.15537810326,0.0012995497090741992,0.00872802734375,2.0732202529907227,-0.020456844940781593,0.5265243649482727,-0.020732201635837555,0.00027535855770111084,0.0,-0.038805145770311356,1.0270490646362305,0.7480662084033778,6.773052215576172,1.769263744354248,6.734247207641602,2.046199083328247,6.914271831512451,4.2104411125183105,,,,,,
8789940000.0,105.46,8.5,6391222784.0,2387.790429071,2931.0,0.0592041015625,48037888.0,100613.01695179939,0.0016177440993487835,0.0128173828125,2.026315450668335,-0.019948942586779594,0.48557984828948975,-0.020263152197003365,0.00031420961022377014,0.0,0.008306244388222694,0.9841700196266174,0.7592073508621219,6.693612575531006,1.7485853433609009,6.701918601989746,2.005619525909424,6.861573696136475,4.270852088928223,,,,,,
8789940000.0,111.33,8.399999618530273,6391222784.0,2392.921742645296,2932.0,0.064697265625,48054272.0,100619.86381173134,0.002089082496240735,0.01568603515625,2.062142848968506,-0.020669376477599144,0.4752967953681946,-0.02062142640352249,-4.794728010892868e-05,0.0,0.018143560737371445,0.9746168851852417,0.7757655828094803,6.6782450675964355,1.7990992069244385,6.6963887214660645,2.0581772327423096,6.846859931945801,4.219128847122192,,,,,,
8789940000.0,154.45,7.099999904632568,6391222784.0,2341.102719423414,2933.0,0.0518798828125,48070656.0,100626.86222314835,0.0024366651196032763,0.01702880859375,2.0696969032287598,-0.019702177494764328,0.5817972421646118,-0.020696967840194702,0.0009947959333658218,0.0,-0.12308147549629211,1.0709246397018433,0.7186310320805136,6.381653785705566,1.708069086074829,6.258572578430176,2.018927812576294,6.998411417007446,4.179169416427612,,,,,,
8789940000.0,139.21,8.199999809265137,6391222784.0,2326.179995640749,2934.0,0.0616455078125,48087040.0,100633.90553021431,0.0024999282322824,0.01611328125,2.054774761199951,-0.020387528464198112,0.4956914782524109,-0.02054774761199951,0.00016022147610783577,0.0,-0.016578039154410362,0.9942469596862793,0.7853747615605613,6.475781440734863,1.8514424562454224,6.459204196929932,2.146120548248291,7.043307065963745,4.194794654846191,,,,,,
8789940000.0,106.36,8.5,6391222784.0,2326.221257213685,2935.0,0.0732421875,48103424.0,100640.94871234894,0.0011541584972292185,0.0069580078125,2.0265438556671143,-0.01966613531112671,0.500721275806427,-0.02026544138789177,0.0005993030499666929,0.0,0.03708166629076004,1.0023579597473145,0.7942425904491427,6.553258895874023,1.9629473686218262,6.590340614318848,2.2097599506378174,7.043182134628296,4.230363845825195,,,,,,
8789940000.0,119.38,7.900000095367432,6391222784.0,2336.1526501086396,2936.0,0.0787353515625,48119808.0,100647.96195268631,0.0011930447071790695,0.00738525390625,1.9899566173553467,-0.019640237092971802,0.6574987173080444,-0.019899563863873482,0.0002593272365629673,0.0,-0.014489480294287205,1.1445997953414917,0.7588440807558762,6.722573280334473,2.022091865539551,6.708083629608154,2.330798864364624,7.013240337371826,4.19900918006897,,,,,,
8789940000.0,114.6,7.900000095367432,6391222784.0,2394.9930023292113,2937.0,0.0811767578125,48136192.0,100654.80289125443,0.0010104209650307894,0.00640869140625,1.9874626398086548,-0.01936567947268486,0.6135956048965454,-0.01987462304532528,0.0005089482292532921,0.0,-0.039380233734846115,1.1024199724197388,0.77035632148328,6.7199015617370605,1.999864935874939,6.680521011352539,2.3004870414733887,6.840938568115234,4.181528806686401,,,,,,
8789940000.0,83.72,8.5,6391222784.0,2411.371568063498,2938.0,0.0872802734375,48152576.0,100661.59736466408,0.0014323799405246973,0.0093994140625,1.9919281005859375,-0.01966223120689392,0.6194091439247131,-0.01991927996277809,0.00025704875588417053,0.0,0.07679742574691772,1.1089683771133423,0.7546750121182493,6.74616813659668,1.974892497062683,6.822965621948242,2.2389698028564453,6.79447340965271,4.196025609970093,,,,,,
8789940000.0,82.83,8.300000190734863,6391222784.0,2375.615734453366,2939.0,0.0830078125,48168960.0,100668.49410295486,0.0009574226569384336,0.00579833984375,2.0057172775268555,-0.01958048716187477,0.584210991859436,-0.02005717344582081,0.00047668442130088806,0.0,-0.001164149958640337,1.0768828392028809,0.7692173632791279,6.780176162719727,1.9654133319854736,6.7790117263793945,2.2416443824768066,6.896738290786743,4.1912970542907715,,,,,,
8789940000.0,110.69,8.399999618530273,6391222784.0,2346.370678993356,2940.0,0.074462890625,48185344.0,100675.47680187225,0.0016983428504317999,0.01055908203125,2.03360915184021,-0.020839467644691467,0.5470522046089172,-0.0203360877931118,-0.0005033779889345169,0.0,0.04148531332612038,1.0446089506149292,0.7586659497613819,6.675868034362793,1.8864636421203613,6.717353343963623,2.1263983249664307,6.982698917388916,4.197320222854614,,,,,,
8789940000.0,109.73,7.5,6391222784.0,2382.453496334332,2941.0,0.068359375,48201728.0,100682.35374617577,0.002119534183293581,0.0167236328125,2.087468385696411,-0.020183611661195755,0.6295262575149536,-0.02087468095123768,0.0006910692900419235,0.0,-0.08303620666265488,1.1218171119689941,0.7248899530113104,6.73299503326416,1.8489806652069092,6.649959564208984,2.1387948989868164,6.876944303512573,4.216334104537964,,,,,,
8789940000.0,128.13,8.399999618530273,6391222784.0,2378.015698137538,2942.0,0.064697265625,48218112.0,100689.24352407455,0.0032490533776581287,0.02789306640625,2.092379093170166,-0.019475484266877174,0.518082857131958,-0.02092379331588745,0.0014483090490102768,0.0,0.04310586676001549,1.0164610147476196,0.735320431938681,6.779642105102539,1.7317770719528198,6.822748184204102,1.975743293762207,6.889777898788452,4.206247091293335,,,,,,
8789940000.0,114.77,7.800000190734863,6391222784.0,2393.563603289447,2943.0,0.0634765625,48234496.0,100696.08854794502,0.0018916809931397438,0.01422119140625,2.088146686553955,-0.02012970857322216,0.5431501865386963,-0.02088146284222603,0.0007517542690038681,0.0,0.0014363760128617287,1.043379306793213,0.7637826313719894,6.647683143615723,1.864017128944397,6.6491193771362305,2.1467738151550293,6.84502387046814,4.217149496078491,,,,,,
,,,,,,,,,,,,,,,,,,,,,,,,,,0.02260463871061802,0.5655761361122131,0.5208423733711243,0.02260463871061802,0.5655761361122131,0.5208423733711243
,,,,,,,,,,,,,,,,,,,,,,,,,,0.020608089864253998,0.5136475563049316,0.49011459946632385,0.020608089864253998,0.5136475563049316,0.49011459946632385
,,,,,,,,,,,,,,,,,,,,,,,,,,0.019839521497488022,0.4879334270954132,0.46769481897354126,0.019839521497488022,0.4879334270954132,0.46769481897354126
,,,,,,,,,,,,,,,,,,,,,,,,,,0.020078008994460106,0.46847331523895264,0.44937241077423096,0.020078008994460106,0.46847331523895264,0.44937241077423096
,,,,,,,,,,,,,,,,,,,,,,,,,,0.020024972036480904,0.4531818926334381,0.43492189049720764,0.020024972036480904,0.4531818926334381,0.43492189049720764
,,,,,,,,,,,,,,,,,,,,,,,,,,0.020426873117685318,0.436426043510437,0.41736942529678345,0.020426873117685318,0.436426043510437,0.41736942529678345
8789940000.0,134.42,8.5,6188634112.0,18.42597292559857,2944.0,0.07080078125,48250880.0,101585.26818943024,0.0008004120318219066,0.00323486328125,2.110241413116455,-0.02125159278512001,0.4683628976345062,-0.021102411672472954,-0.00014918041415512562,0.0,0.017199920490384102,0.9682179093360901,0.7790029174141759,6.672886371612549,1.818850040435791,6.690086364746094,2.0595855712890625,889.1796414852142,4.202445983886719,,,,,,
8789940000.0,122.28,7.900000095367432,6391222784.0,2369.670712781481,2945.0,0.06591796875,48267264.0,101592.18223023415,0.0005746605456806719,0.0013427734375,2.082793712615967,-0.020950449630618095,0.5615772008895874,-0.02082793414592743,-0.00012251455336809158,0.0,-0.017618179321289062,1.0590002536773682,0.7393977823758123,6.658430576324463,1.8370219469070435,6.640812397003174,2.0744683742523193,6.914040803909302,4.17900013923645,,,,,,
8789940000.0,132.01,7.800000190734863,6391222784.0,2394.1427484340925,2946.0,0.0628662109375,48283648.0,101599.02559828758,0.0006849347846582532,0.0025634765625,2.091153144836426,-0.020698517560958862,0.5258125066757202,-0.020911529660224915,0.00021301768720149994,0.0,-0.06474260985851288,1.0278998613357544,0.7425828675836841,6.601768493652344,1.789536476135254,6.5370259284973145,2.025966167449951,6.843368053436279,4.180956840515137,,,,,,
8789940000.0,136.84,8.300000190734863,6391222784.0,2409.0713844627103,2947.0,0.0726318359375,48300032.0,101605.82655906677,0.000548569078091532,0.0008544921875,2.0645017623901367,-0.02085968852043152,0.5269147753715515,-0.02064501866698265,-0.00021467357873916626,0.0,0.03755096718668938,1.0213886499404907,0.7652693675992511,6.661283016204834,1.828058123588562,6.69883394241333,2.1081721782684326,6.8009607791900635,4.203565359115601,,,,,,
8789940000.0,80.4,8.100000381469727,6391222784.0,2389.925868817876,2948.0,0.0885009765625,48316416.0,101612.68200182915,0.0007485997630283237,0.003662109375,2.000122547149658,-0.020056743174791336,0.6666315197944641,-0.02000122331082821,-5.5518001317977905e-05,0.0,0.04627320170402527,1.1520535945892334,0.74817625058529,6.894807815551758,1.9621330499649048,6.9410810470581055,2.2957494258880615,6.855442762374878,4.183001756668091,,,,,,
8789940000.0,100.66,9.0,6391222784.0,2343.3732479127725,2949.0,0.08544921875,48332800.0,101619.67363238335,0.0012477620039135218,0.0087890625,1.9646103382110596,-0.019636189565062523,0.6652625203132629,-0.01964610256254673,9.914860129356384e-06,0.0,0.0851459726691246,1.1486610174179077,0.7045892577513693,6.92133903503418,1.8582936525344849,7.0064849853515625,2.113384962081909,6.991630554199219,4.188414096832275,,,,,,
8789940000.0,80.64,8.5,6391222784.0,2370.4736608084386,2950.0,0.0836181640625,48349184.0,101626.58533120155,0.0013505209935829043,0.0079345703125,1.9926971197128296,-0.018676068633794785,0.6068271994590759,-0.019926970824599266,0.0012509003281593323,0.0,0.05885906517505646,1.0995920896530151,0.7476370757273878,6.867597579956055,1.9179868698120117,6.926456928253174,2.1888649463653564,6.911698818206787,4.184814691543579,,,,,,
8789940000.0,74.01,8.600000381469727,6391222784.0,2399.3296607342277,2951.0,0.0872802734375,48365568.0,101633.41390514374,0.000742151984013617,0.004150390625,2.0248732566833496,-0.020756736397743225,0.5950048565864563,-0.020248733460903168,-0.0005080029368400574,0.0,-0.02287326008081436,1.0892459154129028,0.7484661770028783,6.950787544250488,1.911052942276001,6.927914142608643,2.171839952468872,6.828573942184448,4.190052032470703,,,,,,
8789940000.0,95.82,8.199999809265137,6391222784.0,2351.8783387891485,2952.0,0.0701904296875,48381952.0,101640.38025188446,0.0009284803527407348,0.00555419921875,2.0282914638519287,-0.020518628880381584,0.5939167737960815,-0.020282914862036705,-0.00023571401834487915,0.0,0.005921877454966307,1.0895063877105713,0.7071947318145577,6.871797561645508,1.7424464225769043,6.877719879150391,2.013448476791382,6.966346740722656,4.193600654602051,,,,,,
8789940000.0,152.53,8.100000381469727,6391222784.0,2341.5903668583114,2953.0,0.0665283203125,48398336.0,101647.3772058487,0.001152492011897266,0.00634765625,2.0629515647888184,-0.020363960415124893,0.5578073859214783,-0.020629514008760452,0.0002655535936355591,0.0,0.017759976908564568,1.0588752031326294,0.7295050471892979,6.7115631103515625,1.7528550624847412,6.729323387145996,2.035942554473877,6.996953964233398,4.1943745613098145,,,,,,
8789940000.0,98.28,8.199999809265137,6391222784.0,2393.951003267148,2954.0,0.07080078125,48414720.0,101654.22112202644,0.0008801343501545489,0.0054931640625,2.069688320159912,-0.02050476148724556,0.6246773600578308,-0.020696882158517838,0.00019211973994970322,0.0,-0.06005362421274185,1.116944670677185,0.7090236560138129,6.912483215332031,1.7592084407806396,6.852429389953613,2.0706305503845215,6.843916177749634,4.189671277999878,,,,,,
8789940000.0,121.57,8.300000190734863,6391222784.0,2375.6106427475793,2955.0,0.0616455078125,48431104.0,101661.11787509918,0.0006620218046009541,0.002197265625,2.066084146499634,-0.020778294652700424,0.46732378005981445,-0.020660843700170517,-0.00011745141819119453,0.0,0.025489171966910362,0.9662516117095947,0.7592565704179939,6.727792739868164,1.7450486421585083,6.753282070159912,1.9693050384521484,6.8967530727386475,4.184231758117676,,,,,,
8789940000.0,116.81,8.399999618530273,6391222784.0,2363.883599173653,2956.0,0.076904296875,48447488.0,101668.04884243011,0.001413329504430294,0.01190185546875,2.0807712078094482,-0.020059842616319656,0.5609323978424072,-0.02080771140754223,0.0007478715851902962,0.0,0.022876305505633354,1.056109070777893,0.734368436842773,6.81894063949585,1.7932957410812378,6.8418169021606445,2.049129009246826,6.930967330932617,4.178379535675049,,,,,,
8789940000.0,120.47,8.300000190734863,6391222784.0,2335.262785363758,2957.0,0.054931640625,48463872.0,101675.06475520134,0.0010951326694339514,0.00775146484375,2.1213858127593994,-0.020458422601222992,0.44095689058303833,-0.02121385931968689,0.0007554329931735992,0.0,0.00511572789400816,0.937900722026825,0.7438634030149855,6.583652496337891,1.6274070739746094,6.588768005371094,1.8531957864761353,7.015912771224976,4.214752912521362,,,,,,
8789940000.0,135.78,7.900000095367432,6391222784.0,2412.3539275927437,2958.0,0.0701904296875,48480256.0,101681.85646176338,0.0013345853658393025,0.0093994140625,2.0759711265563965,-0.019636033102869987,0.5428155660629272,-0.020759711042046547,0.0011236765421926975,0.0,0.01552148349583149,1.0376616716384888,0.7310448742650264,6.787383079528809,1.709328055381775,6.8029046058654785,2.0008556842803955,6.791706562042236,4.188859701156616,,,,,,
8789940000.0,128.85,8.0,6391222784.0,2361.3064397082953,2959.0,0.0714111328125,48496640.0,101688.79499363899,0.0009121805196627975,0.00592041015625,2.0757312774658203,-0.020732149481773376,0.5972094535827637,-0.020757311955094337,2.5162938982248306e-05,0.0,-0.03887820243835449,1.0898813009262085,0.7119436243057881,6.7899861335754395,1.715840458869934,6.751108169555664,2.0306756496429443,6.938531875610352,4.1952738761901855,,,,,,
8789940000.0,134.54,7.599999904632568,6391222784.0,2406.9608751344863,2960.0,0.0616455078125,48513024.0,101695.60191774368,0.0012192924041301012,0.00848388671875,2.0719082355499268,-0.020520109683275223,0.5673582553863525,-0.02071908302605152,0.00019897008314728737,0.0,-0.05580525100231171,1.0633491277694702,0.7135908233158892,6.681968688964844,1.6854147911071777,6.626163005828857,1.9869283437728882,6.806924104690552,4.1853251457214355,,,,,,
8789940000.0,103.71,8.199999809265137,6391222784.0,2393.58077764451,2961.0,0.0592041015625,48529408.0,101702.44689249992,0.000772787956520915,0.00433349609375,2.0778398513793945,-0.020680435001850128,0.4767257869243622,-0.020778397098183632,9.795930236577988e-05,0.0,-0.006715900264680386,0.9738147258758545,0.7582544183941532,6.598609924316406,1.7158223390579224,6.591894149780273,1.9806015491485596,6.844974756240845,4.199930667877197,,,,,,
8789940000.0,153.79,7.900000095367432,6391222784.0,2381.6455499418103,2962.0,0.0555419921875,48545792.0,101709.32616972923,0.0008726887172088027,0.00384521484375,2.0877273082733154,-0.02046906389296055,0.48623114824295044,-0.02087727189064026,0.00040820788126438856,0.0,-0.06360786408185959,0.9846892356872559,0.7301584883471177,6.62001895904541,1.6332330703735352,6.556410789489746,1.8955919742584229,6.879277229309082,4.200558662414551,,,,,,
8789940000.0,108.32,8.100000381469727,6391222784.0,2364.437079431412,2963.0,0.0677490234375,48562176.0,101716.25551462173,0.0011524807196110487,0.00775146484375,2.02477765083313,-0.02033582702279091,0.5537773370742798,-0.020247776061296463,-8.80509614944458e-05,0.0,0.06518732011318207,1.0514100790023804,0.739180792788816,6.713271141052246,1.7590045928955078,6.778458595275879,2.0587449073791504,6.929344892501831,4.1941978931427,,,,,,
8789940000.0,138.66,8.300000190734863,6391222784.0,2393.5842792422936,2964.0,0.0653076171875,48578560.0,101723.1004793644,0.0007294939714483917,0.0029296875,2.1035242080688477,-0.020515695214271545,0.44818028807640076,-0.021035240963101387,0.000519544817507267,0.0,0.03757969290018082,0.9465785026550293,0.7757491183976943,6.535307884216309,1.7429364919662476,6.572887897491455,1.9988937377929688,6.8449647426605225,4.194896459579468,,,,,,
8789940000.0,127.0,7.800000190734863,6391222784.0,2379.564178255646,2965.0,0.05615234375,48594944.0,101729.9857738018,0.0006136478041298687,0.00152587890625,2.126796245574951,-0.021114777773618698,0.4727262258529663,-0.0212679635733366,0.0001531834714114666,0.0,-0.05893532186746597,0.9724007844924927,0.7624470969593422,6.46884822845459,1.731876254081726,6.409912586212158,1.9951026439666748,6.885294437408447,4.191823720932007,,,,,,
8789940000.0,138.2,7.5,6391222784.0,2379.64962772155,2966.0,0.0482177734375,48611328.0,101736.87082099915,0.0013768586795777082,0.0098876953125,2.1284282207489014,-0.020286263898015022,0.4660426676273346,-0.021284282207489014,0.0009980183094739914,0.0,-0.06938403844833374,0.962090253829956,0.7551093588218634,6.296996593475342,1.6855159997940063,6.227612495422363,1.9441500902175903,6.885047197341919,4.203733682632446,,,,,,
8789940000.0,132.82,8.300000190734863,6391222784.0,2370.557640882551,2967.0,0.0714111328125,48627712.0,101743.78227496147,0.0010015704901888967,0.00738525390625,2.053037643432617,-0.020149484276771545,0.6042699813842773,-0.020530376583337784,0.0003808937035501003,0.0,0.03309932351112366,1.0998520851135254,0.7387847354011201,6.435117244720459,1.8279927968978882,6.468216419219971,2.151963472366333,6.91145396232605,4.186675310134888,,,,,,
8789940000.0,134.24,7.599999904632568,6391222784.0,2405.6469258472243,2968.0,0.0604248046875,48644096.0,101750.59291696548,0.0016414853744208813,0.013427734375,2.0882201194763184,-0.0205689650028944,0.5553900599479675,-0.020882202312350273,0.0003132342826575041,0.0,-0.03483947366476059,1.0527210235595703,0.7551168976751756,6.516435146331787,1.8494019508361816,6.481595993041992,2.127326011657715,6.8106420040130615,4.181351661682129,,,,,,
8789940000.0,130.19,8.0,6391222784.0,2376.06487591657,2969.0,0.0634765625,48660480.0,101757.48835158348,0.0008685239590704441,0.00457763671875,2.088883876800537,-0.020619267597794533,0.49065518379211426,-0.020888838917016983,0.00026956829242408276,0.0,0.020989269018173218,0.9900872111320496,0.7803799072148891,6.57472038269043,1.8416343927383423,6.595709323883057,2.112697124481201,6.895434617996216,4.20573091506958,,,,,,
8789940000.0,124.88,8.100000381469727,6391222784.0,2409.4244533269857,2970.0,0.0628662109375,48676864.0,101764.28831577301,0.001237098011188209,0.0086669921875,2.102436065673828,-0.020197872072458267,0.506836473941803,-0.02102436125278473,0.0008264891803264618,0.0,0.0031270377803593874,1.0070558786392212,0.7649925475033338,6.518138885498047,1.8206329345703125,6.521265983581543,2.077363967895508,6.799964189529419,4.182360887527466,,,,,,
8789940000.0,121.3,8.5,6391222784.0,2350.5582955723003,2971.0,0.067138671875,48693248.0,101771.2585747242,0.0011512725614011288,0.00897216796875,2.0971786975860596,-0.020120343193411827,0.5013574957847595,-0.020971788093447685,0.0008514430373907089,0.0,0.056933335959911346,1.0004721879959106,0.7639276622488081,6.655104637145996,1.830790400505066,6.712038040161133,2.0591235160827637,6.970258951187134,4.204495429992676,,,,,,
8789940000.0,152.48,7.699999809265137,6391222784.0,2357.416606301431,2972.0,0.0592041015625,48709632.0,101778.20855545998,0.0017168321646749973,0.01361083984375,2.13179087638855,-0.020977936685085297,0.5227913856506348,-0.02131790667772293,0.0003399699926376343,0.0,-0.029335014522075653,1.0220096111297607,0.7466246616715801,6.530979633331299,1.741416335105896,6.501644134521484,2.030357837677002,6.949980735778809,4.183880090713501,,,,,,
8789940000.0,122.56,8.0,6391222784.0,2380.5374456160657,2973.0,0.06591796875,48726016.0,101785.09103488922,0.0017032349715009332,0.0126953125,2.114680290222168,-0.019899077713489532,0.5697401762008667,-0.021146804094314575,0.0012477245181798935,0.0,-0.010233830660581589,1.0644115209579468,0.7562131692041585,6.62338924407959,1.8906536102294922,6.613155364990234,2.1557793617248535,6.882479429244995,4.2048094272613525,,,,,,
8789940000.0,121.53,8.0,6391222784.0,2383.3647344028104,2974.0,0.0628662109375,48742400.0,101791.96534991264,0.0015166313387453556,0.0107421875,2.098268508911133,-0.020123926922678947,0.539312481880188,-0.020982682704925537,0.0008587557822465897,0.0,0.01021963357925415,1.0382187366485596,0.7490046700010731,6.64430046081543,1.8193650245666504,6.654520034790039,2.072317361831665,6.874315023422241,4.223676681518555,,,,,,
8789940000.0,107.95,8.399999618530273,6391222784.0,2415.4165180950417,2975.0,0.0628662109375,48758784.0,101798.74844503403,0.0011569780763238668,0.00762939453125,2.0619983673095703,-0.020595014095306396,0.5052704215049744,-0.020619982853531837,2.4971552193164825e-05,0.0,0.03361712768673897,1.0047775506973267,0.7322514670293438,6.535651206970215,1.7393977642059326,6.569268226623535,1.9418081045150757,6.783095121383667,4.183091640472412,,,,,,
,,,,,,,,,,,,,,,,,,,,,,,,,,0.027208583429455757,0.5698689818382263,0.5301114320755005,0.027208583429455757,0.5698689818382263,0.5301114320755005
,,,,,,,,,,,,,,,,,,,,,,,,,,0.02603020705282688,0.5223692655563354,0.4993573725223541,0.02603020705282688,0.5223692655563354,0.4993573725223541
,,,,,,,,,,,,,,,,,,,,,,,,,,0.024620695039629936,0.49725064635276794,0.4783379137516022,0.024620695039629936,0.49725064635276794,0.4783379137516022
,,,,,,,,,,,,,,,,,,,,,,,,,,0.024595098569989204,0.4769763648509979,0.4567754566669464,0.024595098569989204,0.4769763648509979,0.4567754566669464
,,,,,,,,,,,,,,,,,,,,,,,,,,0.02422407642006874,0.46034762263298035,0.4416072368621826,0.02422407642006874,0.46034762263298035,0.4416072368621826
,,,,,,,,,,,,,,,,,,,,,,,,,,0.02421148121356964,0.44425448775291443,0.4270498752593994,0.02421148121356964,0.44425448775291443,0.4270498752593994
8789940000.0,122.2,8.0,6188634112.0,18.42931711834862,2976.0,0.062255859375,48775168.0,102687.76673555374,0.0006648641428910196,0.00213623046875,2.100268840789795,-0.02097485214471817,0.5207334756851196,-0.021002689376473427,2.7840957045555115e-05,0.0,-0.026279473677277565,1.023072361946106,0.7473279771456508,6.598987579345703,1.759191632270813,6.572707653045654,2.035295009613037,889.0182905197144,4.2641236782073975,,,,,,
8789940000.0,143.4,8.0,6391222784.0,2393.985613541868,2977.0,0.079345703125,48791552.0,102694.61055278778,0.0006818108959123492,0.00201416015625,2.0464859008789062,-0.02072983793914318,0.5994088649749756,-0.020464859902858734,-0.0002649780362844467,0.0,0.03962080180644989,1.0930248498916626,0.7469489795782683,6.682573318481445,1.855897307395935,6.722193717956543,2.17283034324646,6.843817234039307,4.211141347885132,,,,,,
8789940000.0,110.65,8.399999618530273,6391222784.0,2428.490765109404,2978.0,0.08056640625,48807936.0,102701.35712981224,0.0006055778358131647,0.00213623046875,2.0290274620056152,-0.02025005593895912,0.6493709087371826,-0.020290274173021317,4.0220096707344055e-05,0.0,0.006156682036817074,1.138216257095337,0.7301952394831047,6.782084941864014,1.9016598463058472,6.788241386413574,2.191291332244873,6.746577024459839,4.195050477981567,,,,,,
8789940000.0,109.3,8.0,6391222784.0,2386.56213370837,2979.0,0.0750732421875,48824320.0,102708.22223496437,0.0007000301848165691,0.00311279296875,1.9841974973678589,-0.01959417760372162,0.6722201704978943,-0.01984197273850441,0.00024779862724244595,0.0,0.021947354078292847,1.1563141345977783,0.7130306981021026,6.754131317138672,1.8837478160858154,6.776078224182129,2.158529758453369,6.865105152130127,4.194222927093506,,,,,,
8789940000.0,85.86,8.699999809265137,6391222784.0,2374.9196051797417,2980.0,0.0933837890625,48840704.0,102715.12099480629,0.0008853210601955652,0.0047607421875,1.970454454421997,-0.01928819715976715,0.64378422498703,-0.01970454305410385,0.0004163496196269989,0.0,0.10004822909832001,1.1309680938720703,0.7289555624017253,7.043422698974609,1.9170323610305786,7.143470764160156,2.172351121902466,6.898759841918945,4.183541297912598,,,,,,
8789940000.0,108.9,8.0,6391222784.0,2398.6283572457437,2981.0,0.0848388671875,48857088.0,102721.95156526566,0.0009447787888348103,0.0048828125,1.994494915008545,-0.020068541169166565,0.5998309254646301,-0.019944947212934494,-0.0001235920935869217,0.0,0.031464748084545135,1.096909761428833,0.7436199903546972,6.954045295715332,1.8903870582580566,6.985509872436523,2.166350841522217,6.830570459365845,4.174185037612915,,,,,,
8789940000.0,76.78,8.300000190734863,6391222784.0,2439.3118665865154,2982.0,0.0885009765625,48873472.0,102728.66821360588,0.0009492504759691656,0.0047607421875,2.0044748783111572,-0.02008160948753357,0.5418205261230469,-0.020044749602675438,-3.68594191968441e-05,0.0,0.03334555774927139,1.0392431020736694,0.7575736610924122,7.083791255950928,1.8749250173568726,7.1171369552612305,2.110703945159912,6.71664834022522,4.195102214813232,,,,,,
8789940000.0,85.45,8.800000190734863,6391222784.0,2379.164946075082,2983.0,0.0885009765625,48889856.0,102735.55466341972,0.0007158820517361164,0.00238037109375,1.9822405576705933,-0.01925399713218212,0.47547274827957153,-0.01982240565121174,0.0005684066563844681,0.0,0.03936085104942322,0.9756435751914978,0.7760788846145016,7.129833698272705,1.842123031616211,7.16919469833374,2.0617868900299072,6.886449813842773,4.206120491027832,,,,,,
8789940000.0,112.77,9.0,6391222784.0,2427.0682592009966,2984.0,0.0909423828125,48906240.0,102742.30519461632,0.0005525114247575402,0.00201416015625,1.93295419216156,-0.019202060997486115,0.6449296474456787,-0.01932954229414463,0.00012748036533594131,0.0,0.05788761004805565,1.131903052330017,0.6910540357223923,7.299476623535156,1.7772525548934937,7.357364654541016,2.036424398422241,6.750531196594238,4.206411123275757,,,,,,
8789940000.0,71.45,8.5,6391222784.0,2378.4985944184605,2985.0,0.0958251953125,48922624.0,102749.1935737133,0.0011063263518735766,0.00665283203125,1.9294716119766235,-0.01872231438755989,0.5981329083442688,-0.01929471641778946,0.0005724043003283441,0.0,0.004684874322265387,1.0927927494049072,0.7309083138978049,7.31608772277832,1.8083058595657349,7.320772647857666,2.1066272258758545,6.888379096984863,4.1939146518707275,,,,,,
8789940000.0,87.26,8.5,6391222784.0,2415.8901793773443,2986.0,0.0982666015625,48939008.0,102755.97533893585,0.0010255605448037386,0.004150390625,1.9699900150299072,-0.019503016024827957,0.7367706298828125,-0.019699901342391968,0.00019688718020915985,0.0,-0.06660005450248718,1.2190717458724976,0.6898968056994167,7.473917007446289,1.8096007108688354,7.407317161560059,2.1891534328460693,6.7817652225494385,4.175357103347778,,,,,,
8789940000.0,80.37,8.5,6391222784.0,2420.482365654897,2987.0,0.0982666015625,48955392.0,102762.74423766136,0.0009548651287332177,0.00518798828125,1.97047758102417,-0.019402988255023956,0.658555269241333,-0.019704774022102356,0.00030178623273968697,0.0,0.059054240584373474,1.144070029258728,0.6918059229186614,7.37339973449707,1.801001787185669,7.4324541091918945,2.0608229637145996,6.7688987255096436,4.205247402191162,,,,,,
8789940000.0,82.9,8.0,6391222784.0,2427.6869752188927,2988.0,0.089111328125,48971776.0,102769.49304842949,0.0006719207740388811,0.0023193359375,2.0072872638702393,-0.019806813448667526,0.6655282974243164,-0.020072873681783676,0.00026606209576129913,0.0,-0.03798029571771622,1.1474299430847168,0.7110274555560426,7.208617687225342,1.7910066843032837,7.170637607574463,2.134509563446045,6.748810768127441,4.19473671913147,,,,,,
8789940000.0,90.51,8.699999809265137,6391222784.0,2419.690427829666,2989.0,0.0897216796875,48988160.0,102776.26416254044,0.0011067145969718695,0.00543212890625,2.034257650375366,-0.020644810050725937,0.5926852226257324,-0.020342573523521423,-0.0003022337332367897,0.0,-0.0010909943375736475,1.086080551147461,0.7450334596972887,7.2493391036987305,1.8061816692352295,7.24824857711792,2.1509006023406982,6.771114110946655,4.183819055557251,,,,,,
8789940000.0,88.04,8.399999618530273,6391222784.0,2372.9696783479335,2990.0,0.0836181640625,49004544.0,102783.16859126091,0.0007942600641399622,0.00299072265625,2.030916213989258,-0.02081422694027424,0.5753017067909241,-0.02030916139483452,-0.0005050664767622948,0.0,-0.02083682082593441,1.0713444948196411,0.7331066548723588,7.135496616363525,1.7916464805603027,7.114659786224365,2.0737686157226562,6.904428720474243,4.2586424350738525,,,,,,
8789940000.0,92.81,8.100000381469727,6391222784.0,2380.8303976983652,2991.0,0.0836181640625,49020928.0,102790.05022382736,0.0006851283251307905,0.00335693359375,2.0239956378936768,-0.020188910886645317,0.6636788249015808,-0.020239954814314842,5.104485899209976e-05,0.0,0.005249523092061281,1.148861050605774,0.7132016491532549,7.161240577697754,1.839871883392334,7.166490077972412,2.1452558040618896,6.881632566452026,4.199552059173584,,,,,,
8789940000.0,75.89,8.600000381469727,6391222784.0,2368.853446759717,2992.0,0.0933837890625,49037312.0,102796.96665000916,0.0010380458552390337,0.005126953125,2.049999475479126,-0.020653631538152695,0.48776930570602417,-0.020499996840953827,-0.00015363749116659164,0.0,0.03861322999000549,0.9868226647377014,0.7827731603009015,7.152554512023926,1.8544142246246338,7.191167831420898,2.1172993183135986,6.916426181793213,4.326214790344238,,,,,,
8789940000.0,157.47,7.5,6391222784.0,2374.6826744258656,2993.0,0.072021484375,49053696.0,102803.86609816551,0.0011500505497679114,0.005859375,2.0229649543762207,-0.019734764471650124,0.5877100825309753,-0.020229648798704147,0.000494886189699173,0.0,-0.04449991509318352,1.0838230848312378,0.7354450485780378,7.009676456451416,1.7635544538497925,6.965176582336426,2.1071741580963135,6.8994481563568115,4.2033960819244385,,,,,,
8789940000.0,78.11,8.399999618530273,6391222784.0,2418.9444759662906,2994.0,0.09033203125,49070080.0,102810.63930034637,0.0009637849871069193,0.00421142578125,1.9877337217330933,-0.019522719085216522,0.7080212831497192,-0.01987733691930771,0.0003546169027686119,0.0,-0.03432213515043259,1.1938363313674927,0.7114966447972513,7.250837326049805,1.8880996704101562,7.216515064239502,2.2226414680480957,6.773202180862427,4.183742046356201,,,,,,
8789940000.0,98.1,9.0,6391222784.0,2422.2581820482583,2995.0,0.084228515625,49086464.0,102817.40323662758,0.0008190516382455826,0.00299072265625,2.037936210632324,-0.020459584891796112,0.6454815864562988,-0.020379358902573586,-8.022366091609001e-05,0.0,0.061563439667224884,1.131548523902893,0.7070229189625936,7.004082202911377,1.8420764207839966,7.065645694732666,2.0905306339263916,6.763936281204224,4.20011043548584,,,,,,
8789940000.0,99.59,9.100000381469727,6391222784.0,2420.317236410583,2996.0,0.096435546875,49102848.0,102824.17259716988,0.0009162540081888437,0.002685546875,2.0161378383636475,-0.01955878734588623,0.5589801073074341,-0.020161377266049385,0.0006025908514857292,0.0,0.07945837080478668,1.0567482709884644,0.7471942137982143,7.26522159576416,1.835394024848938,7.344679832458496,2.1017351150512695,6.769360542297363,4.194657802581787,,,,,,
8789940000.0,81.18,8.300000190734863,6391222784.0,2401.605395125983,2997.0,0.0958251953125,49119232.0,102830.99470043182,0.0007322547608055174,0.002685546875,2.055274486541748,-0.020615898072719574,0.6363097429275513,-0.02055274322628975,-6.315624341368675e-05,0.0,-0.041129156947135925,1.1243126392364502,0.7178703604863386,7.363509178161621,1.8173283338546753,7.322380542755127,2.1167168617248535,6.822103261947632,4.191195249557495,,,,,,
8789940000.0,88.09,8.300000190734863,6391222784.0,2267.1913513513514,2998.0,0.086669921875,49135616.0,102838.22126293182,0.001107633812353015,0.005126953125,2.0324127674102783,-0.02052007056772709,0.629764199256897,-0.02032412774860859,-0.00019594235345721245,0.0,-0.05042170733213425,1.1218087673187256,0.7108831887998002,7.191760540008545,1.729295015335083,7.14133882522583,2.0863261222839355,7.2265625,4.321545124053955,,,,,,
8789940000.0,84.98,8.100000381469727,6391222784.0,2342.6192965802475,2999.0,0.0787353515625,49152000.0,102845.21514368057,0.0015920872101560235,0.013427734375,2.044708013534546,-0.019363265484571457,0.5915098190307617,-0.020447079092264175,0.001083815935999155,0.0,-0.018260203301906586,1.0873429775238037,0.7321461809804757,6.983389854431152,1.8046752214431763,6.9651288986206055,2.1009573936462402,6.993880748748779,4.183783531188965,,,,,,
8789940000.0,108.94,8.100000381469727,6391222784.0,2381.2105511023215,3000.0,0.0738525390625,49168384.0,102852.09567761421,0.001863960176706314,0.0147705078125,2.059197187423706,-0.02050148695707321,0.5565605759620667,-0.020591972395777702,9.048404172062874e-05,0.0,-0.003151523880660534,1.0523953437805176,0.7205297054672384,6.892575263977051,1.7036627531051636,6.889423370361328,1.9907246828079224,6.880533933639526,4.207991600036621,,,,,,
8789940000.0,89.75,7.900000095367432,6391222784.0,2366.4575075592397,3001.0,0.076904296875,49184768.0,102859.01910638809,0.003385127754881978,0.02386474609375,2.0351672172546387,-0.018669335171580315,0.7183798551559448,-0.020351668819785118,0.0016823349287733436,0.0,-0.07944928854703903,1.1960725784301758,0.6918661731955272,7.10089635848999,1.7766550779342651,7.02144718170166,2.154705286026001,6.923428773880005,4.206963777542114,,,,,,
8789940000.0,126.55,8.399999618530273,6391222784.0,2384.0393572092485,3002.0,0.0689697265625,49201152.0,102865.89147615433,0.0011314311996102333,0.0081787109375,2.0567874908447266,-0.02121746353805065,0.568980872631073,-0.020567873492836952,-0.0006495900452136993,0.0,0.009531776420772076,1.0663237571716309,0.7091793687276998,6.933371543884277,1.6807918548583984,6.942903518676758,1.9773192405700684,6.872369766235352,4.1829917430877686,,,,,,
8789940000.0,105.07,8.0,6391222784.0,2391.0853291323397,3003.0,0.074462890625,49217536.0,102872.74359464645,0.0010978446807712317,0.007080078125,2.089423179626465,-0.020755663514137268,0.5766271352767944,-0.020894233137369156,0.00013856776058673859,0.0,0.026576030999422073,1.0725693702697754,0.7318957680128518,6.861905097961426,1.7474901676177979,6.888481140136719,2.0714457035064697,6.852118492126465,4.2009241580963135,,,,,,
8789940000.0,98.09,8.199999809265137,6391222784.0,2381.57374066225,3004.0,0.0830078125,49233920.0,102879.62307929993,0.0005939701804891229,0.002685546875,2.0845537185668945,-0.0211838036775589,0.5869885683059692,-0.020845534279942513,-0.00033826567232608795,0.0,-0.01740782894194126,1.0844804048538208,0.7409748513247576,7.006198883056641,1.8080836534500122,6.988790988922119,2.1308398246765137,6.8794846534729,4.217726230621338,,,,,,
8789940000.0,107.47,8.399999618530273,6391222784.0,2415.153273991525,3005.0,0.069580078125,49250304.0,102886.40691375732,0.0008301583002321422,0.00335693359375,2.0856316089630127,-0.021106669679284096,0.4870985746383667,-0.02085631713271141,-0.0002503562718629837,0.0,-0.012419582344591618,0.986137330532074,0.7590957873866059,6.938370704650879,1.7510734796524048,6.92595100402832,2.0091638565063477,6.783834457397461,4.197924613952637,,,,,,
8789940000.0,112.06,8.300000190734863,6391222784.0,2407.8030489003227,3006.0,0.062255859375,49266688.0,102893.21145701408,0.001274104230105877,0.00775146484375,2.1008262634277344,-0.02079816162586212,0.48806214332580566,-0.021008260548114777,0.00021009892225265503,0.0,-0.05200827121734619,0.9892568588256836,0.7468440161749647,6.839475631713867,1.7170517444610596,6.787467002868652,1.9661428928375244,6.8045432567596436,4.221485376358032,,,,,,
8789940000.0,100.8,9.0,6391222784.0,2393.903217713291,3007.0,0.0634765625,49283072.0,102900.05550980568,0.0008912250632420182,0.0048828125,2.104151725769043,-0.02088329941034317,0.3630157709121704,-0.021041516214609146,0.00015822099521756172,0.0,0.04188395291566849,0.8507863879203796,0.7964338039053466,6.762833118438721,1.710828185081482,6.804717063903809,1.8856770992279053,6.844052791595459,4.218714714050293,,,,,,
,,,,,,,,,,,,,,,,,,,,,,,,,,0.021263159811496735,0.6322552561759949,0.5797706842422485,0.021263159811496735,0.6322552561759949,0.5797706842422485
,,,,,,,,,,,,,,,,,,,,,,,,,,0.02015061490237713,0.5748841166496277,0.5442752242088318,0.02015061490237713,0.5748841166496277,0.5442752242088318
,,,,,,,,,,,,,,,,,,,,,,,,,,0.01983998343348503,0.5492801666259766,0.5219488739967346,0.01983998343348503,0.5492801666259766,0.5219488739967346
,,,,,,,,,,,,,,,,,,,,,,,,,,0.019292881712317467,0.5272898077964783,0.5008837580680847,0.019292881712317467,0.5272898077964783,0.5008837580680847
,,,,,,,,,,,,,,,,,,,,,,,,,,0.01945941336452961,0.5073789954185486,0.4827371835708618,0.01945941336452961,0.5073789954185486,0.4827371835708618
,,,,,,,,,,,,,,,,,,,,,,,,,,0.019278815016150475,0.4922248423099518,0.46691223978996277,0.019278815016150475,0.4922248423099518,0.46691223978996277
8789940000.0,154.86,7.900000095367432,6188634112.0,18.44896510382526,3008.0,0.0579833984375,49299456.0,103788.12700366974,0.0005999388522468507,0.0020751953125,2.111093282699585,-0.020653974264860153,0.5400853753089905,-0.021110933274030685,0.0004569576121866703,0.0,-0.06018932908773422,1.0378612279891968,0.7308021958729809,6.866292953491211,1.7249627113342285,6.806103706359863,2.0003397464752197,888.0714938640594,4.206670761108398,,,,,,
8789940000.0,163.48,8.5,6391222784.0,2409.3277291962327,3009.0,0.06591796875,49315840.0,103794.92724084854,0.0007798706647008657,0.0030517578125,2.0855746269226074,-0.020639672875404358,0.413238525390625,-0.020855745300650597,0.00021607172675430775,0.0,-0.016451632604002953,0.911182165145874,0.7791141905378388,6.957627296447754,1.7231210470199585,6.94117546081543,1.9387484788894653,6.80023717880249,4.209734201431274,,,,,,
8789940000.0,117.26,8.300000190734863,6391222784.0,2357.1812143163625,3010.0,0.0604248046875,49332224.0,103801.8779156208,0.0008424295228905976,0.00384521484375,2.0907959938049316,-0.02095077559351921,0.4450035095214844,-0.02090795896947384,-4.28161583840847e-05,0.0,0.0061646257527172565,0.9441736936569214,0.7558554082563474,6.761301040649414,1.685777187347412,6.767465591430664,1.9108585119247437,6.950674772262573,4.265732526779175,,,,,,
8789940000.0,133.33,8.199999809265137,6391222784.0,2378.186710050217,3011.0,0.068359375,49348608.0,103808.76719808578,0.001276548020541668,0.0047607421875,2.053483247756958,-0.020367175340652466,0.5255077481269836,-0.020534830167889595,0.0001676538959145546,0.0,-0.013019810430705547,1.0251760482788086,0.7441245166987112,6.9037580490112305,1.741821527481079,6.890738010406494,2.0266740322113037,6.889282464981079,4.182382345199585,,,,,,
8789940000.0,119.04,7.699999809265137,6391222784.0,2386.5673553510205,3012.0,0.0750732421875,49364992.0,103815.63228821754,0.001943187671713531,0.01934814453125,2.042067527770996,-0.01966971717774868,0.6684682369232178,-0.020420676097273827,0.0007509540300816298,0.0,-0.05486013740301132,1.1517601013183594,0.7051441469787811,7.049077033996582,1.7603633403778076,6.9942169189453125,2.1210813522338867,6.8650901317596436,4.202206373214722,,,,,,
8789940000.0,96.19,8.100000381469727,6391222784.0,2449.5227381566797,3013.0,0.072021484375,49381376.0,103822.32093811035,0.0011459384113550186,0.00543212890625,2.0529556274414062,-0.02001633495092392,0.5074658393859863,-0.020529555156826973,0.0005132160149514675,0.0,-0.015812505036592484,1.0072869062423706,0.7474660229106125,6.887163162231445,1.7357664108276367,6.871350288391113,2.0044400691986084,6.688649892807007,4.186986446380615,,,,,,
8789940000.0,110.36,8.399999618530273,6391222784.0,2389.120322675546,3014.0,0.06591796875,49397760.0,103829.17869234085,0.0007927278056740761,0.0020751953125,2.058053970336914,-0.020185034722089767,0.47940826416015625,-0.020580537617206573,0.00039550382643938065,0.0,0.0058227358385920525,0.9786672592163086,0.7456908915173531,6.736379146575928,1.67823326587677,6.742201805114746,1.940679907798767,6.857754230499268,4.188700199127197,,,,,,
8789940000.0,106.54,7.800000190734863,6391222784.0,2424.826857010908,3015.0,0.0677490234375,49414144.0,103835.9354634285,0.0014579972485080361,0.009033203125,2.022772789001465,-0.020237073302268982,0.6098344922065735,-0.02022772654891014,-9.346287697553635e-06,0.0,-0.07091715931892395,1.1030213832855225,0.7183662524127147,6.801405906677246,1.7800565958023071,6.7304887771606445,2.0784592628479004,6.756771087646484,4.191148281097412,,,,,,
8789940000.0,104.41,8.5,6391222784.0,2364.3640263402895,3016.0,0.068359375,49430528.0,103842.86502242088,0.0014234641566872597,0.010498046875,2.0135998725891113,-0.019675305113196373,0.46871259808540344,-0.020135996863245964,0.00046069175004959106,0.0,0.011251823976635933,0.9680477380752563,0.756555345340433,6.651056289672852,1.6617615222930908,6.6623077392578125,1.9619897603988647,6.929558992385864,4.201860666275024,,,,,,
8789940000.0,127.63,8.300000190734863,6391222784.0,2401.7699954990935,3017.0,0.07080078125,49446912.0,103849.686658144,0.0012220015050843358,0.00653076171875,1.9452612400054932,-0.019219305366277695,0.5180627107620239,-0.019452612847089767,0.00023330748081207275,0.0,0.05099401995539665,1.0186796188354492,0.7433941147001997,6.760952949523926,1.7576607465744019,6.811946868896484,2.0109641551971436,6.821635723114014,4.203900575637817,,,,,,
8789940000.0,99.19,7.800000190734863,6391222784.0,2402.379658233721,3018.0,0.0775146484375,49463296.0,103856.50656270981,0.0010079985950142145,0.00604248046875,1.942962408065796,-0.019463181495666504,0.6086477637290955,-0.01942962408065796,-3.355555236339569e-05,0.0,-0.02164454013109207,1.104274868965149,0.7380615617856296,6.80605936050415,1.871594786643982,6.784414768218994,2.15763258934021,6.819904565811157,4.193476676940918,,,,,,
8789940000.0,97.12,8.199999809265137,6391222784.0,2414.9341316077434,3019.0,0.08056640625,49479680.0,103863.29101276398,0.002482246607542038,0.0179443359375,1.933912754058838,-0.01880466192960739,0.647383451461792,-0.019339127466082573,0.0005344664677977562,0.0,-0.003753559198230505,1.1367974281311035,0.7230335860598976,6.883301258087158,1.9003379344940186,6.879548072814941,2.160078763961792,6.784450054168701,4.203288555145264,,,,,,
8789940000.0,109.97,8.399999618530273,6391222784.0,2417.9894129821546,3020.0,0.087890625,49496064.0,103870.06689023972,0.0011633530957624316,0.00555419921875,1.9483388662338257,-0.018812451511621475,0.5886229276657104,-0.01948338933289051,0.0006709359586238861,0.0,0.005918570794165134,1.0850234031677246,0.7405848265743988,7.0977325439453125,1.8210567235946655,7.103652000427246,2.130305290222168,6.775877475738525,4.197050333023071,,,,,,
8789940000.0,117.71,7.400000095367432,6391222784.0,2330.2905742555185,3021.0,0.067138671875,49512448.0,103877.0977730751,0.0009004343883134425,0.0037841796875,1.9630382061004639,-0.019503168761730194,0.6500331163406372,-0.01963037997484207,0.00012721121311187744,0.0,-0.07986335456371307,1.1399810314178467,0.6866674324442145,6.795432090759277,1.7253416776657104,6.715568542480469,2.036547899246216,7.030882835388184,4.368276119232178,,,,,,
8789940000.0,116.21,8.0,6391222784.0,2391.2439140952306,3022.0,0.07080078125,49528832.0,103883.94943714142,0.001881317119114101,0.01409912109375,1.9077885150909424,-0.01773674599826336,0.5402952432632446,-0.019077884033322334,0.0013411419931799173,0.0,0.044252559542655945,1.0375220775604248,0.7253263861531332,6.84635591506958,1.689200758934021,6.890608787536621,1.979652762413025,6.851664066314697,4.2016761302948,,,,,,
8789940000.0,94.3,8.699999809265137,6391222784.0,2387.8828594155925,3023.0,0.0836181640625,49545216.0,103890.81074523926,0.0013100982178002596,0.00885009765625,1.9343067407608032,-0.019894767552614212,0.572594404220581,-0.019343068823218346,-0.0005517005920410156,0.0,0.032182179391384125,1.066543459892273,0.7320209855395233,6.963811874389648,1.7635951042175293,6.9959940910339355,2.060288429260254,6.8613080978393555,4.239065408706665,,,,,,
8789940000.0,114.7,8.399999618530273,6391222784.0,2341.470290853235,3024.0,0.0714111328125,49561600.0,103897.80805802345,0.0015116228023543954,0.0078125,2.029331922531128,-0.020073169842362404,0.5877876877784729,-0.02029332146048546,0.00022014975547790527,0.0,-0.013908764347434044,1.0813859701156616,0.7119218029604032,7.007596492767334,1.7496849298477173,6.993687629699707,2.014770984649658,6.997312784194946,4.20956015586853,,,,,,
8789940000.0,115.74,8.100000381469727,6391222784.0,2453.177114739023,3025.0,0.0701904296875,49577984.0,103904.48674416542,0.0019062813371419907,0.0126953125,2.074599027633667,-0.019499165937304497,0.49913161993026733,-0.02074599079787731,0.001246824162080884,0.0,-0.012294169515371323,0.9954081177711487,0.7660128880070831,6.811656475067139,1.794440746307373,6.7993621826171875,2.057809829711914,6.678686141967773,4.18628454208374,,,,,,
8789940000.0,109.64,8.600000381469727,6391222784.0,2336.723094810643,3026.0,0.0518798828125,49594368.0,103911.49827241898,0.00238812156021595,0.0147705078125,2.1104843616485596,-0.019843580201268196,0.35605987906455994,-0.02110484056174755,0.0012612617574632168,0.0,-0.025747472420334816,0.8434129953384399,0.7961766327841843,6.4445905685424805,1.6824555397033691,6.4188432693481445,1.8681561946868896,7.011528253555298,4.3103039264678955,,,,,,
8789940000.0,129.63,8.399999618530273,6391222784.0,2408.6793290136607,3027.0,0.0555419921875,49610752.0,103918.30034017563,0.0018833456560969353,0.0142822265625,2.0925095081329346,-0.020910579711198807,0.423545241355896,-0.020925093442201614,1.4514662325382233e-05,0.0,-0.0174567773938179,0.9219896197319031,0.7848756130205837,6.5704522132873535,1.7513399124145508,6.552995204925537,1.9878387451171875,6.802067756652832,4.257798433303833,,,,,,
8789940000.0,160.41,7.900000095367432,6391222784.0,2366.087996832338,3028.0,0.0531005859375,49627136.0,103925.22485017776,0.0010873258579522371,0.00518798828125,2.0855660438537598,-0.02107752300798893,0.4404485821723938,-0.02085566334426403,-0.00022186432033777237,0.0,-0.04095396772027016,0.9382302165031433,0.7583338008225249,6.5490264892578125,1.6398539543151855,6.508072853088379,1.908541202545166,6.9245100021362305,4.196438550949097,,,,,,
8789940000.0,152.23,8.199999809265137,6391222784.0,2400.1784896964427,3029.0,0.06591796875,49643520.0,103932.05100917816,0.0006031839293427765,0.00146484375,2.0838160514831543,-0.020190011709928513,0.45240485668182373,-0.020838160067796707,0.0006481446325778961,0.0,-0.0034267145674675703,0.9533138871192932,0.7748384358332447,6.716513156890869,1.728165626525879,6.713086128234863,2.0090415477752686,6.8261590003967285,4.228579759597778,,,,,,
8789940000.0,147.44,8.399999618530273,6391222784.0,2410.696274021638,3030.0,0.0494384765625,49659904.0,103938.84738588333,0.001480213599279523,0.00994873046875,2.127678394317627,-0.021507814526557922,0.3540632724761963,-0.02127678133547306,-0.0002310294657945633,0.0,-0.012726201675832272,0.8402349948883057,0.7933651234356214,6.400819778442383,1.6508978605270386,6.3880934715271,1.8484137058258057,6.796376705169678,4.194198846817017,,,,,,
8789940000.0,159.08,8.199999809265137,6391222784.0,2424.448645803525,3031.0,0.045166015625,49676288.0,103945.60521101952,0.0013798840809613466,0.0089111328125,2.117715358734131,-0.02152203395962715,0.3757530450820923,-0.021177150309085846,-0.0003448817878961563,0.0,-0.036641135811805725,0.8675587773323059,0.793973867048634,6.444360733032227,1.6949158906936646,6.407719612121582,1.911339282989502,6.757825136184692,4.236223220825195,,,,,,
8789940000.0,159.39,8.600000381469727,6391222784.0,2409.9490107438182,3032.0,0.05615234375,49692672.0,103952.4036951065,0.0014195723924785852,0.00750732421875,2.0926730632781982,-0.020447393879294395,0.35529568791389465,-0.02092672884464264,0.0004793340340256691,0.0,0.025656457990407944,0.8386325240135193,0.8143388964519804,6.460536003112793,1.7516462802886963,6.48619270324707,1.9463061094284058,6.7984840869903564,4.194725751876831,,,,,,
8789940000.0,169.63,8.199999809265137,6391222784.0,2318.950077774169,3033.0,0.048828125,49709056.0,103959.46896147728,0.0008524451404809952,0.0030517578125,2.082685947418213,-0.02092592604458332,0.387137770652771,-0.020826859399676323,-9.906548075377941e-05,0.0,-0.0219914261251688,0.8787806630134583,0.791903160439009,6.354429721832275,1.7050533294677734,6.3324384689331055,1.9264063835144043,7.065266370773315,4.433902025222778,,,,,,
8789940000.0,144.07,7.800000190734863,6391222784.0,2384.462152256493,3034.0,0.0537109375,49725440.0,103966.34011268616,0.0007554909680038691,0.0032958984375,2.0662217140197754,-0.02038787305355072,0.5162097215652466,-0.0206622164696455,0.0002743406221270561,0.0,-0.03478933498263359,1.014291524887085,0.7568395658068304,6.442417144775391,1.7988948822021484,6.407628059387207,2.0569167137145996,6.8711512088775635,4.214538335800171,,,,,,
8789940000.0,130.67,8.899999618530273,6391222784.0,2387.3497824097535,3035.0,0.069580078125,49741824.0,103973.20295286179,0.0011860147351399064,0.006591796875,2.0810604095458984,-0.02087295986711979,0.3714649975299835,-0.020810604095458984,-6.23529776930809e-05,0.0,0.03540197014808655,0.8598365187644958,0.8190203784410701,6.687867164611816,1.807079792022705,6.723269462585449,2.0211610794067383,6.862840175628662,4.372898578643799,,,,,,
8789940000.0,105.46,8.699999809265137,6391222784.0,2340.5354756798224,3036.0,0.05859375,49758208.0,103980.20306038857,0.0014750277623534203,0.009033203125,2.076625108718872,-0.020937122404575348,0.4327867925167084,-0.020766252651810646,-0.00017087068408727646,0.0,0.010066669434309006,0.9293018579483032,0.7877284693463977,6.559844493865967,1.79732346534729,6.569911003112793,2.017023801803589,7.000107526779175,4.20086407661438,,,,,,
8789940000.0,136.19,8.199999809265137,6391222784.0,2431.3287421015266,3037.0,0.0592041015625,49774592.0,103986.94176244736,0.0013813553377985954,0.00897216796875,2.050748348236084,-0.019846638664603233,0.5505433678627014,-0.020507484674453735,0.0006608469411730766,0.0,0.03488472104072571,1.049491047859192,0.7305341198692117,6.595992088317871,1.77621591091156,6.630877494812012,2.0217478275299072,6.738702058792114,4.208594560623169,,,,,,
8789940000.0,120.37,8.5,6391222784.0,2384.5687225828465,3038.0,0.072021484375,49790976.0,103993.8126065731,0.0008389072609134018,0.005859375,2.0485496520996094,-0.020196305587887764,0.5080183744430542,-0.020485498011112213,0.0002891942858695984,0.0,0.023786775767803192,1.0081424713134766,0.7398091518532637,6.922146320343018,1.7729206085205078,6.9459333419799805,1.9764047861099243,6.870844125747681,4.225998163223267,,,,,,
8789940000.0,125.41,9.0,6391222784.0,2309.795892619218,3039.0,0.0701904296875,49807360.0,104000.9058740139,0.0011604264145717025,0.008056640625,2.0335617065429688,-0.020608948543667793,0.42400842905044556,-0.020335620269179344,-0.0002733273431658745,0.0,0.10995445400476456,0.9171864986419678,0.7825705894225029,6.764472007751465,1.7954483032226562,6.874425888061523,1.9669716358184814,7.093267440795898,4.420247554779053,,,,,,
,,,,,,,,,,,,,,,,,,,,,,,,,,0.019935373216867447,0.5213515758514404,0.4793420433998108,0.019935373216867447,0.5213515758514404,0.4793420433998108
,,,,,,,,,,,,,,,,,,,,,,,,,,0.018433833494782448,0.4751553535461426,0.45126277208328247,0.018433833494782448,0.4751553535461426,0.45126277208328247
,,,,,,,,,,,,,,,,,,,,,,,,,,0.017668599262833595,0.45003312826156616,0.4297579228878021,0.017668599262833595,0.45003312826156616,0.4297579228878021
,,,,,,,,,,,,,,,,,,,,,,,,,,0.017576176673173904,0.4302050769329071,0.41108500957489014,0.017576176673173904,0.4302050769329071,0.41108500957489014
,,,,,,,,,,,,,,,,,,,,,,,,,,0.018054744228720665,0.4149187505245209,0.3962307870388031,0.018054744228720665,0.4149187505245209,0.3962307870388031
,,,,,,,,,,,,,,,,,,,,,,,,,,0.018350860103964806,0.4023193120956421,0.3842611014842987,0.018350860103964806,0.4023193120956421,0.3842611014842987
8789940000.0,118.09,7.900000095367432,6188634112.0,18.47463972889118,3040.0,0.07080078125,49823744.0,104887.7431948185,0.0008388778660446405,0.00433349609375,2.0118956565856934,-0.02061961591243744,0.6479575037956238,-0.0201189573854208,-0.0005006594583392143,0.0,-0.03808429092168808,1.1356074810028076,0.7396559572817718,6.858498573303223,1.9092222452163696,6.8204145431518555,2.225637435913086,886.837320804596,4.295791387557983,,,,,,
8789940000.0,100.89,8.100000381469727,6391222784.0,2424.0096718440172,3041.0,0.078125,49840128.0,104894.50224375725,0.0011999949347227812,0.00482177734375,1.995180606842041,-0.01975972205400467,0.6997060179710388,-0.019951803609728813,0.00019208365119993687,0.0,-0.012185918167233467,1.1798622608184814,0.692511340930229,6.915959358215332,1.8352783918380737,6.903773307800293,2.1277308464050293,6.759048938751221,4.189782619476318,,,,,,
8789940000.0,104.72,8.199999809265137,6391222784.0,2407.8918884750733,3042.0,0.072021484375,49856512.0,104901.30653595924,0.0011476865038275719,0.00677490234375,2.0432381629943848,-0.020170850679278374,0.5931797623634338,-0.020432382822036743,0.0002615293487906456,0.0,0.04069171100854874,1.0886414051055908,0.724655437745136,6.638838768005371,1.754891037940979,6.679530620574951,2.074658155441284,6.80429220199585,4.183361291885376,,,,,,
8789940000.0,107.42,8.0,6391222784.0,2420.6037760227014,3043.0,0.06103515625,49872896.0,104908.0750951767,0.001002672128379345,0.0062255859375,2.058490037918091,-0.01984044536948204,0.5399317741394043,-0.020584899932146072,0.000744453864172101,0.0,0.021370084956288338,1.0396273136138916,0.7333198340972447,6.667187690734863,1.767820954322815,6.6885576248168945,2.013179063796997,6.768559217453003,4.207218170166016,,,,,,
8789940000.0,126.38,8.199999809265137,6391222784.0,2431.839215418714,3044.0,0.068359375,49889280.0,104914.81238269806,0.0008556146640330553,0.0052490234375,2.0724401473999023,-0.019839664921164513,0.5976018905639648,-0.020724400877952576,0.0008847378194332123,0.0,-0.04874107986688614,1.092876672744751,0.7390242826305723,6.838942050933838,1.8569855690002441,6.790201187133789,2.1392970085144043,6.737287521362305,4.189569711685181,,,,,,
8789940000.0,114.3,8.399999618530273,6391222784.0,2415.5396283858017,3045.0,0.069580078125,49905664.0,104921.5951321125,0.0008120411075651646,0.0040283203125,2.057875871658325,-0.02118874341249466,0.5676100850105286,-0.02057875692844391,-0.000609986949712038,0.0,-0.043818242847919464,1.0657944679260254,0.7431305132764694,6.95803165435791,1.8382818698883057,6.914213180541992,2.102891683578491,6.78274941444397,4.20353364944458,,,,,,
8789940000.0,121.97,8.399999618530273,6391222784.0,2382.117452873094,3046.0,0.069580078125,49922048.0,104928.47304654121,0.0014851097948849201,0.00994873046875,2.0211310386657715,-0.02041824720799923,0.5656576156616211,-0.02021130919456482,-0.00020693987607955933,0.0,0.03582410886883736,1.0614356994628906,0.7280495623723671,6.842124938964844,1.7414474487304688,6.877948760986328,2.0353951454162598,6.8779144287109375,4.193078279495239,,,,,,
8789940000.0,94.58,8.199999809265137,6391222784.0,2394.2747109706556,3047.0,0.0738525390625,49938432.0,104935.31603741646,0.0011986286845058203,0.008056640625,1.9714900255203247,-0.019847823306918144,0.543431282043457,-0.019714899361133575,-0.00013292580842971802,0.0,-0.013925939798355103,1.0395245552062988,0.7551077806182905,6.8979411125183105,1.8142482042312622,6.884015083312988,2.100618362426758,6.842990875244141,4.19187068939209,,,,,,
8789940000.0,95.03,8.100000381469727,6391222784.0,2375.4409043391743,3048.0,0.07568359375,49954816.0,104942.2132833004,0.0008143528830260038,0.00421142578125,1.937780499458313,-0.01914837770164013,0.6339040398597717,-0.019377807155251503,0.00022942479699850082,0.0,-0.01659834384918213,1.1253182888031006,0.7128984910540159,6.773036479949951,1.793628454208374,6.756438255310059,2.100184440612793,6.89724588394165,4.1814351081848145,,,,,,
8789940000.0,110.25,7.900000095367432,6391222784.0,2384.8956914615574,3049.0,0.07568359375,49971200.0,104949.08318543434,0.0010883447248488665,0.00653076171875,1.93747079372406,-0.018754761666059494,0.5734854936599731,-0.019374709576368332,0.0006199479103088379,0.0,-0.001538625918328762,1.0664215087890625,0.7421007645230229,6.801383018493652,1.7775806188583374,6.799844264984131,2.0999248027801514,6.86990213394165,4.177151441574097,,,,,,
8789940000.0,101.69,8.5,6391222784.0,2354.205151699222,3050.0,0.086669921875,49987584.0,104956.04264688492,0.0007376845460385084,0.0032958984375,1.9045939445495605,-0.019208833575248718,0.6091724038124084,-0.019045937806367874,-0.0001628943718969822,0.0,0.01993567869067192,1.1015145778656006,0.7374088208923216,6.835033416748047,1.8317034244537354,6.854969024658203,2.1495628356933594,6.959461450576782,4.189240217208862,,,,,,
8789940000.0,104.27,8.600000381469727,6391222784.0,2376.762909903502,3051.0,0.089111328125,50003968.0,104962.9360563755,0.003382872324436903,0.03271484375,1.8753527402877808,-0.018288228660821915,0.619051992893219,-0.018753526732325554,0.00046529946848750114,0.0,0.08774426579475403,1.1143710613250732,0.742112642805947,6.97230339050293,1.8825944662094116,7.060047626495361,2.194394826889038,6.893409490585327,4.191585540771484,,,,,,
8789940000.0,120.36,8.0,6391222784.0,2416.5538552925445,3052.0,0.078125,50020352.0,104969.71595907211,0.0011689396342262626,0.006103515625,1.9266923666000366,-0.018392842262983322,0.6718777418136597,-0.019266923889517784,0.0008740806952118874,0.0,-0.07029680162668228,1.159656286239624,0.727700710058406,6.971001148223877,1.9201328754425049,6.900704383850098,2.2223172187805176,6.779902696609497,4.187342643737793,,,,,,
8789940000.0,80.4,8.100000381469727,6391222784.0,2344.1423178115615,3053.0,0.0732421875,50036736.0,104976.70529580116,0.001189753646031022,0.00787353515625,1.9420781135559082,-0.01883954554796219,0.5111293792724609,-0.01942078024148941,0.0005812356248497963,0.0,-0.01001629140228033,1.0096385478973389,0.7549370458688883,6.842654228210449,1.7913802862167358,6.832637786865234,2.0395164489746094,6.989336729049683,4.203882932662964,,,,,,
8789940000.0,116.56,7.900000095367432,6391222784.0,2398.7369512184223,3054.0,0.081787109375,50053120.0,104983.53555703163,0.0013299438869580626,0.0084228515625,1.9485363960266113,-0.018849588930606842,0.4950384497642517,-0.019485361874103546,0.0006357762031257153,0.0,-0.01344265416264534,0.9937158226966858,0.7914500363336576,6.882500171661377,1.8701854944229126,6.869057655334473,2.175992488861084,6.83026123046875,4.177582025527954,,,,,,
8789940000.0,109.15,7.900000095367432,6391222784.0,2445.3634579353716,3055.0,0.072021484375,50069504.0,104990.23558354378,0.001143251545727253,0.0078125,1.9611999988555908,-0.019489100202918053,0.5525774955749512,-0.01961199939250946,0.00012290477752685547,0.0,-0.0424756221473217,1.0474512577056885,0.7755054169275792,6.798645973205566,1.8969663381576538,6.756170272827148,2.210704803466797,6.700026512145996,4.168322324752808,,,,,,
8789940000.0,130.36,8.0,6391222784.0,2408.6060491522007,3056.0,0.0775146484375,50085888.0,104997.03785824776,0.0012298313667997718,0.00592041015625,1.906825065612793,-0.018756000325083733,0.6807543039321899,-0.019068250432610512,0.0003122501075267792,0.0,0.02404669113457203,1.1662758588790894,0.7053166412513129,6.771783828735352,1.8718485832214355,6.795829772949219,2.148439645767212,6.802274703979492,4.192946195602417,,,,,,
8789940000.0,69.79,8.199999809265137,6391222784.0,2397.663249191297,3057.0,0.10009765625,50102272.0,105003.87117815018,0.000800331006757915,0.005859375,1.8557677268981934,-0.018163753673434258,0.685463547706604,-0.018557675182819366,0.0003939233720302582,0.0,0.05244697257876396,1.1684160232543945,0.7265827250942452,7.101639747619629,1.9263191223144531,7.154087066650391,2.2345221042633057,6.833319902420044,4.189338445663452,,,,,,
8789940000.0,93.8,7.699999809265137,6391222784.0,2428.605341417437,3058.0,0.087890625,50118656.0,105010.61743688583,0.0022932167630642653,0.02130126953125,1.9068456888198853,-0.017768440768122673,0.6229627132415771,-0.019068457186222076,0.0013000136241316795,0.0,-0.0019565997645258904,1.1113407611846924,0.7402262280520722,7.110953330993652,1.8907324075698853,7.108996868133545,2.1804659366607666,6.746258735656738,4.189074277877808,,,,,,
8789940000.0,92.9,8.100000381469727,6391222784.0,2440.5775652318753,3059.0,0.0787353515625,50135040.0,105017.33060193062,0.0010518392082303762,0.00518798828125,1.9334025382995605,-0.01950690522789955,0.5727861523628235,-0.01933402568101883,-0.00017288140952587128,0.0,0.014268136583268642,1.0660161972045898,0.7434648277650026,7.116206169128418,1.8227688074111938,7.13047456741333,2.104701280593872,6.713165044784546,4.213091850280762,,,,,,
8789940000.0,111.42,7.400000095367432,6391222784.0,2438.2968783885203,3060.0,0.076904296875,50151424.0,105024.05004620552,0.0016877809539437294,0.01373291015625,1.985097885131836,-0.0191650427877903,0.7079030871391296,-0.01985097862780094,0.0006859367713332176,0.0,-0.1033567562699318,1.1893242597579956,0.7164327160230008,6.880270957946777,1.9134424924850464,6.776914119720459,2.233429193496704,6.719444274902344,4.211397409439087,,,,,,
8789940000.0,119.13,8.199999809265137,6391222784.0,2421.277040139632,3061.0,0.074462890625,50167808.0,105030.81672334671,0.0012319434899836779,0.0081787109375,1.975928544998169,-0.01918569765985012,0.5374920964241028,-0.01975928619503975,0.0005735903978347778,0.0,0.03460622578859329,1.0321406126022339,0.7642963163609076,6.879371643066406,1.8573964834213257,6.91397762298584,2.1259615421295166,6.766677141189575,4.188858509063721,,,,,,
8789940000.0,112.92,8.600000381469727,6391222784.0,2395.2322502771863,3062.0,0.0732421875,50184192.0,105037.65697860718,0.0014712292468175292,0.0111083984375,1.9680066108703613,-0.01852763257920742,0.5103169679641724,-0.019680064171552658,0.0011524315923452377,0.0,0.05044990032911301,1.0060280561447144,0.7473510945013611,6.873289108276367,1.779213547706604,6.923739433288574,2.001481294631958,6.840255260467529,4.177090883255005,,,,,,
8789940000.0,103.76,7.800000190734863,6391222784.0,2444.965504305371,3063.0,0.074462890625,50200576.0,105044.3580956459,0.002157835057005286,0.0181884765625,1.9244543313980103,-0.018546566367149353,0.5663143396377563,-0.019244542345404625,0.0006979778409004211,0.0,-0.014184638857841492,1.0644131898880005,0.754606464647524,7.013729095458984,1.8501417636871338,6.999544143676758,2.1487138271331787,6.701117038726807,4.197433948516846,,,,,,
8789940000.0,117.05,7.5,6391222784.0,2398.8326593779343,3064.0,0.076904296875,50216960.0,105051.18808436394,0.001754126395098865,0.0137939453125,1.969588041305542,-0.019180823117494583,0.6118096709251404,-0.019695879891514778,0.0005150556098669767,0.0,-0.05440695583820343,1.1086740493774414,0.7233223999428917,6.961698055267334,1.8232471942901611,6.907290935516357,2.1077401638031006,6.829988718032837,4.206507205963135,,,,,,
8789940000.0,98.76,8.199999809265137,6391222784.0,2429.9836786739374,3065.0,0.059814453125,50233344.0,105057.9305164814,0.0018528362270444632,0.01336669921875,2.0357820987701416,-0.01946881040930748,0.4737947881221771,-0.020357821136713028,0.0008890107274055481,0.0,-0.02746715024113655,0.9682216048240662,0.7570560228910701,6.743060111999512,1.7235106229782104,6.715593338012695,1.9643628597259521,6.742432117462158,4.194213628768921,,,,,,
8789940000.0,150.57,8.199999809265137,6391222784.0,2426.8276659189187,3066.0,0.0689697265625,50249728.0,105064.68171691895,0.0013576478231698275,0.01043701171875,1.9962158203125,-0.01973109506070614,0.5689595937728882,-0.019962158054113388,0.0002310662530362606,0.0,0.028651446104049683,1.0645248889923096,0.731608395942339,6.828828811645508,1.7539259195327759,6.857480049133301,2.054807662963867,6.751200437545776,4.198153257369995,,,,,,
8789940000.0,117.57,8.300000190734863,6391222784.0,2326.8495745984105,3067.0,0.0836181640625,50266112.0,105071.72299718857,0.0016028033569455147,0.01190185546875,1.94637131690979,-0.01915629208087921,0.6027830839157104,-0.019463710486888885,0.0003074202686548233,0.0,0.027400441467761993,1.0976805686950684,0.7428454992472635,6.967596054077148,1.9112099409103394,6.994996547698975,2.1646065711975098,7.041280269622803,4.230234146118164,,,,,,
8789940000.0,100.27,8.0,6391222784.0,2374.763998635399,3068.0,0.0811767578125,50282496.0,105078.62220907211,0.002236533910036087,0.016845703125,1.9580121040344238,-0.019450677558779716,0.5847364068031311,-0.019580122083425522,0.00012944452464580536,0.0,-0.0022533212322741747,1.0827100276947021,0.7558763630286001,6.941821098327637,1.9082176685333252,6.939567565917969,2.1913273334503174,6.899211883544922,4.250019788742065,,,,,,
8789940000.0,87.25,8.399999618530273,6391222784.0,2425.6859484400147,3069.0,0.0775146484375,50298880.0,105085.37658715248,0.0009744346607476473,0.00537109375,2.02858567237854,-0.019825829192996025,0.5148256421089172,-0.02028585784137249,0.0004600249230861664,0.0,-0.0010478198528289795,1.012992024421692,0.7712699423995506,6.911410331726074,1.8575353622436523,6.91036319732666,2.1180899143218994,6.754378080368042,4.177660703659058,,,,,,
8789940000.0,130.52,8.800000190734863,6391222784.0,2453.4743788131877,3070.0,0.064697265625,50315264.0,105092.05446410179,0.0008593238890171051,0.0040283203125,2.0521843433380127,-0.02048104628920555,0.4374668300151825,-0.020521841943264008,4.079937934875488e-05,0.0,0.03268818557262421,0.9368861317634583,0.7782010479416699,6.8405961990356445,1.7880396842956543,6.873284339904785,1.9893314838409424,6.677876949310303,4.192003965377808,,,,,,
8789940000.0,133.12,8.199999809265137,6391222784.0,2372.391884838968,3071.0,0.068359375,50331648.0,105098.9605743885,0.0008758779149502516,0.00494384765625,2.024738073348999,-0.02015061117708683,0.5282002091407776,-0.020247381180524826,9.677046909928322e-05,0.0,-0.021981488913297653,1.0279088020324707,0.7527383776520693,6.733770370483398,1.7924330234527588,6.711789131164551,2.067171096801758,6.9061102867126465,4.212544918060303,,,,,,
,,,,,,,,,,,,,,,,,,,,,,,,,,0.029042338952422142,0.6103616952896118,0.564544141292572,0.029042338952422142,0.6103616952896118,0.564544141292572
,,,,,,,,,,,,,,,,,,,,,,,,,,0.026725228875875473,0.55683434009552,0.5287490487098694,0.026725228875875473,0.55683434009552,0.5287490487098694
,,,,,,,,,,,,,,,,,,,,,,,,,,0.02569003216922283,0.529895007610321,0.5032889246940613,0.02569003216922283,0.529895007610321,0.5032889246940613
,,,,,,,,,,,,,,,,,,,,,,,,,,0.025106724351644516,0.5064559578895569,0.4820905029773712,0.025106724351644516,0.5064559578895569,0.4820905029773712
,,,,,,,,,,,,,,,,,,,,,,,,,,0.02493557706475258,0.4884018301963806,0.46431201696395874,0.02493557706475258,0.4884018301963806,0.46431201696395874
,,,,,,,,,,,,,,,,,,,,,,,,,,0.024743471294641495,0.4723210036754608,0.4505162835121155,0.024743471294641495,0.4723210036754608,0.4505162835121155
8789940000.0,113.46,7.800000190734863,6188634112.0,18.4757081679407,3072.0,0.0714111328125,50348032.0,105985.74660992622,0.0006970550748519599,0.0032958984375,2.004208564758301,-0.02036946825683117,0.7376207709312439,-0.020042086020112038,-0.0003273831680417061,0.0,-0.037265971302986145,1.2136598825454712,0.7010959509219019,6.9284868240356445,1.925903081893921,6.891221046447754,2.2198879718780518,886.7860355377197,4.195233106613159,,,,,,
8789940000.0,84.46,8.899999618530273,6391222784.0,2418.0661578367403,3073.0,0.098876953125,50364416.0,105992.5222723484,0.0012114287819713354,0.0084228515625,1.9960428476333618,-0.019403863698244095,0.6610927581787109,-0.0199604295194149,0.0005565662868320942,0.0,0.05953560024499893,1.1503136157989502,0.7328202401526218,7.275730609893799,1.9927945137023926,7.33526611328125,2.2254321575164795,6.775662422180176,4.1835901737213135,,,,,,
8789940000.0,73.17,8.699999809265137,6391222784.0,2405.4934136514753,3074.0,0.098876953125,50380800.0,105999.33334898949,0.000819959444925189,0.00421142578125,2.0165319442749023,-0.01950199343264103,0.5553520917892456,-0.020165318623185158,0.0006633251905441284,0.0,0.0506599098443985,1.0537753105163574,0.7501254018015158,7.398698806762695,1.8601787090301514,7.449358940124512,2.108079671859741,6.811076641082764,4.206324338912964,,,,,,
8789940000.0,86.02,8.100000381469727,6391222784.0,2403.4167366794195,3075.0,0.078125,50397184.0,106006.15031075478,0.0014564631273970008,0.01104736328125,2.0397748947143555,-0.02026493102312088,0.5642828345298767,-0.020397748798131943,0.00013281533028930426,0.0,-0.03613936901092529,1.060354471206665,0.7551711392264556,7.18132209777832,1.8850175142288208,7.145183086395264,2.142988920211792,6.816961765289307,4.185842514038086,,,,,,
8789940000.0,117.7,8.399999618530273,6391222784.0,2401.282639094011,3076.0,0.074462890625,50413568.0,106012.97333097458,0.002273622201755643,0.01971435546875,2.0345640182495117,-0.019816190004348755,0.5332010984420776,-0.020345639437437057,0.0005294512957334518,0.0,0.018042121082544327,1.030121088027954,0.7491687134890668,6.916558265686035,1.8071891069412231,6.934600353240967,2.0568253993988037,6.8230202198028564,4.193194627761841,,,,,,
8789940000.0,102.8,7.599999904632568,6391222784.0,2389.9197181876466,3077.0,0.0714111328125,50429952.0,106019.82879137993,0.002913567004725337,0.02471923828125,1.9945732355117798,-0.01877467706799507,0.7136099338531494,-0.01994572952389717,0.0011710524559020996,0.0,-0.10648216307163239,1.1919728517532349,0.6969857229707637,6.998129844665527,1.8064974546432495,6.8916473388671875,2.1653833389282227,6.8554604053497314,4.180543899536133,,,,,,
8789940000.0,106.16,8.199999809265137,6391222784.0,2435.073688505993,3078.0,0.081787109375,50446336.0,106026.55712985992,0.002738076029345393,0.0244140625,1.9916069507598877,-0.018412724137306213,0.537111222743988,-0.019916068762540817,0.0015033455565571785,0.0,0.016830597072839737,1.0374517440795898,0.7669530013985586,6.949095726013184,1.8040730953216553,6.965926170349121,2.149048089981079,6.7283384799957275,4.192455530166626,,,,,,
8789940000.0,98.29,7.900000095367432,6391222784.0,2390.535021117713,3079.0,0.0775146484375,50462720.0,106033.41082572937,0.001987297786399722,0.0150146484375,1.9490317106246948,-0.019290469586849213,0.638620138168335,-0.0194903165102005,0.0001998450607061386,0.0,-0.04316672310233116,1.1255840063095093,0.7173946526954496,6.890510559082031,1.8190096616744995,6.847343444824219,2.1173245906829834,6.853695869445801,4.183285236358643,,,,,,
8789940000.0,92.0,8.300000190734863,6391222784.0,2423.148947501895,3080.0,0.079345703125,50479104.0,106040.17227554321,0.0009606609819456935,0.003173828125,1.9669383764266968,-0.019196290522813797,0.6007179617881775,-0.01966938190162182,0.00047309510409832,0.0,-0.03567887097597122,1.0931710004806519,0.739967509838934,6.99073600769043,1.8337485790252686,6.955056667327881,2.143749237060547,6.761449813842773,4.171303749084473,,,,,,
8789940000.0,102.25,7.800000190734863,6391222784.0,2394.9987617497245,3081.0,0.062255859375,50495488.0,106047.01319766045,0.0013579311780631542,0.00897216796875,2.012526273727417,-0.020039919763803482,0.54517662525177,-0.020125262439250946,8.534267544746399e-05,0.0,-0.04313114285469055,1.0419222116470337,0.7329099856823267,6.628899574279785,1.7280118465423584,6.585768222808838,2.01607346534729,6.840922117233276,4.184934377670288,,,,,,
8789940000.0,105.39,8.399999618530273,6391222784.0,2426.5046071276574,3082.0,0.0677490234375,50511872.0,106053.76529693604,0.0012501650489866734,0.007080078125,2.0385777950286865,-0.020104948431253433,0.6041107773780823,-0.020385777577757835,0.00028083124198019505,0.0,-0.0466836616396904,1.0981388092041016,0.7228346821710641,6.759235858917236,1.772987723350525,6.712552070617676,2.0858728885650635,6.752099275588989,4.195653438568115,,,,,,
8789940000.0,118.8,7.699999809265137,6391222784.0,2415.7814705127053,3083.0,0.0665283203125,50528256.0,106060.54736733437,0.001092689810320735,0.0048828125,2.042555332183838,-0.02095900848507881,0.6132645606994629,-0.020425554364919662,-0.0005334513261914253,0.0,-0.015616499818861485,1.1094685792922974,0.7274004046536107,6.6835856437683105,1.7910038232803345,6.66796875,2.124967098236084,6.7820703983306885,4.207273244857788,,,,,,
8789940000.0,131.44,7.599999904632568,6391222784.0,2383.348863577522,3084.0,0.0579833984375,50544640.0,106067.42172813416,0.0007380975876003504,0.00250244140625,2.0566189289093018,-0.0203583762049675,0.49516311287879944,-0.020566191524267197,0.00020781159400939941,0.0,-0.01134942751377821,0.9958226084709167,0.7592054059244058,6.507081985473633,1.7325130701065063,6.495733261108398,2.029359817504883,6.874360799789429,4.1966822147369385,,,,,,
8789940000.0,122.03,8.199999809265137,6391222784.0,2389.95437823361,3085.0,0.0604248046875,50561024.0,106074.27708911896,0.0008518429240211844,0.00372314453125,2.0865931510925293,-0.021352577954530716,0.528710126876831,-0.02086593210697174,-0.0004866458475589752,0.0,0.013504930771887302,1.0279548168182373,0.7571215805839062,6.677276611328125,1.847347378730774,6.690781593322754,2.0858328342437744,6.855360984802246,4.187037467956543,,,,,,
8789940000.0,151.77,7.699999809265137,6391222784.0,2386.1980840753017,3086.0,0.0714111328125,50577408.0,106081.1432416439,0.0009639541385695338,0.00482177734375,2.0845518112182617,-0.020325029268860817,0.5427099466323853,-0.02084551565349102,0.0005204901099205017,0.0,-0.04876518249511719,1.0398269891738892,0.7635374603293728,6.634716033935547,1.8390247821807861,6.58595085144043,2.1383554935455322,6.86615252494812,4.19564151763916,,,,,,
8789940000.0,119.7,8.399999618530273,6391222784.0,2389.0487263964915,3087.0,0.06591796875,50593792.0,106088.00120139122,0.001011266023851931,0.006103515625,2.091277599334717,-0.021139752119779587,0.515828013420105,-0.02091277576982975,-0.0002269744873046875,0.0,0.050621598958969116,1.0126467943191528,0.7531130763315914,6.799846649169922,1.8464487791061401,6.850468158721924,2.038022518157959,6.857959747314453,4.244166851043701,,,,,,
8789940000.0,131.94,7.699999809265137,6391222784.0,2417.0174212640554,3088.0,0.0634765625,50610176.0,106094.7798037529,0.000968232867307961,0.0032958984375,2.088468551635742,-0.021270738914608955,0.5333904027938843,-0.020884685218334198,-0.000386054627597332,0.0,-0.044152237474918365,1.0305255651474,0.7292832314513573,6.663664817810059,1.7092924118041992,6.619512557983398,1.980619192123413,6.778602361679077,4.18701696395874,,,,,,
8789940000.0,114.67,8.300000190734863,6391222784.0,2409.8571460032467,3089.0,0.05859375,50626560.0,106101.57854700089,0.0014238960575312376,0.010498046875,2.090348720550537,-0.020614758133888245,0.4011121690273285,-0.020903484895825386,0.0002887314185500145,0.0,0.014660757966339588,0.8941748142242432,0.800038428994764,6.510349273681641,1.7485082149505615,6.525010108947754,1.9996275901794434,6.79874324798584,4.220657587051392,,,,,,
8789940000.0,143.68,8.100000381469727,6391222784.0,2414.910030070638,3090.0,0.0592041015625,50642944.0,106108.36306476593,0.002009042538702488,0.0198974609375,2.0794036388397217,-0.021275971084833145,0.5219016075134277,-0.020794035866856575,-0.00048193661496043205,0.0,-0.03721194714307785,1.0189943313598633,0.7235109391944183,6.692305088043213,1.6792068481445312,6.655093193054199,1.937905192375183,6.784517765045166,4.232798337936401,,,,,,
8789940000.0,140.11,8.199999809265137,6391222784.0,2381.3504167187043,3091.0,0.040283203125,50659328.0,106115.24319458008,0.0011468795128166676,0.00677490234375,2.1633822917938232,-0.021478425711393356,0.3632045388221741,-0.021633822470903397,0.00015539955347776413,0.0,-0.014490041881799698,0.8538908958435059,0.7554124883494702,6.300601959228516,1.5649815797805786,6.286111831665039,1.726574420928955,6.880129814147949,4.27808403968811,,,,,,
8789940000.0,210.02,7.699999809265137,6391222784.0,2348.7076331289377,3092.0,0.0384521484375,50675712.0,106122.21894574165,0.001342308009043336,0.0101318359375,2.1672379970550537,-0.021202534437179565,0.361650288105011,-0.021672379225492477,0.000469844788312912,0.0,-0.06333145499229431,0.8502558469772339,0.7539126567438953,6.199519634246826,1.491504192352295,6.136188507080078,1.7139766216278076,6.975751161575317,4.196945428848267,,,,,,
8789940000.0,207.14,7.800000190734863,6391222784.0,2378.271895997572,3093.0,0.04150390625,50692096.0,106129.1079814434,0.0009039747528731823,0.00482177734375,2.175481081008911,-0.021831616759300232,0.36232635378837585,-0.021754808723926544,-7.680431008338928e-05,0.0,-0.0235239677131176,0.8523997664451599,0.7671335065361191,6.131104469299316,1.534264087677002,6.107580661773682,1.766404151916504,6.889035701751709,4.213886976242065,,,,,,
8789940000.0,170.51,7.900000095367432,6391222784.0,2400.1273535712085,3094.0,0.047607421875,50708480.0,106135.93428587914,0.0021183621138334274,0.0208740234375,2.1780648231506348,-0.022459601983428,0.41585832834243774,-0.021780649200081825,-0.0006789537146687508,0.0,0.00026259664446115494,0.9093349575996399,0.7729891081551103,6.22412109375,1.6494125127792358,6.224383354187012,1.9085365533828735,6.8263044357299805,4.190630912780762,,,,,,
8789940000.0,154.23,8.399999618530273,6391222784.0,2403.079459833141,3095.0,0.0537109375,50724864.0,106142.75220441818,0.0016895309090614319,0.012451171875,2.09340763092041,-0.02123519591987133,0.43207359313964844,-0.020934075117111206,-0.0003011254593729973,0.0,0.028130456805229187,0.927410900592804,0.7826890195134177,6.269476413726807,1.7603378295898438,6.297606945037842,1.989442229270935,6.817918539047241,4.192965745925903,,,,,,
8789940000.0,153.61,8.5,6391222784.0,2379.5935945922147,3096.0,0.0811767578125,50741248.0,106149.63741374016,0.001054460066370666,0.00726318359375,2.0316808223724365,-0.019699618220329285,0.5761034488677979,-0.02031680941581726,0.0006171902641654015,0.0,0.07999437302350998,1.072716474533081,0.7529328605160346,6.670937538146973,1.9051843881607056,6.750932216644287,2.1581308841705322,6.885209321975708,4.262618780136108,,,,,,
8789940000.0,105.71,7.699999809265137,6391222784.0,2363.143130018601,3097.0,0.081787109375,50757632.0,106156.57055282593,0.0013388762017711997,0.00946044921875,2.04050874710083,-0.020349182188510895,0.6481097936630249,-0.020405085757374763,5.5909156799316406e-05,0.0,-0.05604823678731918,1.137568712234497,0.7462644688823878,6.648537635803223,1.968496561050415,6.592489719390869,2.2583279609680176,6.933139085769653,4.205308437347412,,,,,,
8789940000.0,93.53,8.100000381469727,6391222784.0,2423.2345651794762,3098.0,0.0653076171875,50774016.0,106163.33176374435,0.0011395359179005027,0.00714111328125,2.0350921154022217,-0.019944071769714355,0.5504522323608398,-0.020350918173789978,0.0004068491980433464,0.0,-0.019256066530942917,1.0462721586227417,0.7559252030342967,6.427384376525879,1.8435721397399902,6.40812873840332,2.1177926063537598,6.761210918426514,4.230587720870972,,,,,,
8789940000.0,144.69,8.199999809265137,6391222784.0,2402.0372988339614,3099.0,0.057373046875,50790400.0,106170.15264034271,0.0016448763199150562,0.0146484375,2.0231034755706787,-0.02033034898340702,0.4727557301521301,-0.020231034606695175,-9.931670501828194e-05,0.0,0.055542439222335815,0.9722891449928284,0.7660876768948531,6.275702953338623,1.769059658050537,6.331245422363281,2.0103368759155273,6.820876598358154,4.202962875366211,,,,,,
8789940000.0,143.82,8.399999618530273,6391222784.0,2357.060180814509,3100.0,0.0689697265625,50806784.0,106177.10367202759,0.00281685683876276,0.032470703125,2.024533748626709,-0.020079897716641426,0.5167929530143738,-0.02024533785879612,0.00016543641686439514,0.0,0.08532030880451202,1.013302206993103,0.7708832535527557,6.513783931732178,1.8883094787597656,6.599104881286621,2.1169512271881104,6.951031684875488,4.190430641174316,,,,,,
8789940000.0,123.11,7.900000095367432,6391222784.0,2343.682541826287,3101.0,0.0732421875,50823168.0,106184.09437990189,0.001499681267887354,0.01165771484375,1.9487063884735107,-0.01893722452223301,0.6468797922134399,-0.019487062469124794,0.0005498379468917847,0.0,0.00013075117021799088,1.1376228332519531,0.7274940608880424,6.654079437255859,1.922928810119629,6.654210090637207,2.1792662143707275,6.990707874298096,4.2005228996276855,,,,,,
8789940000.0,100.41,8.699999809265137,6391222784.0,2432.8823380885356,3102.0,0.0775146484375,50839552.0,106190.82877874374,0.0012105192290619016,0.0076904296875,1.9398143291473389,-0.019948309287428856,0.5527895092964172,-0.019398141652345657,-0.0005501694977283478,0.0,0.07527433335781097,1.0515928268432617,0.7698553683813677,6.679837226867676,1.9148894548416138,6.755111217498779,2.192032814025879,6.73439884185791,4.206810712814331,,,,,,
8789940000.0,99.86,8.100000381469727,6391222784.0,2357.415312366082,3103.0,0.079345703125,50855936.0,106197.77876329422,0.001568984822370112,0.013671875,1.8745794296264648,-0.018724458292126656,0.6749042272567749,-0.018745794892311096,2.1336600184440613e-05,0.0,0.025594836100935936,1.1617863178253174,0.7199901572855929,6.839857578277588,1.9346932172775269,6.865452289581299,2.1955318450927734,6.949984550476074,4.205575704574585,,,,,,
,,,,,,,,,,,,,,,,,,,,,,,,,,0.02510134130716324,0.5805230736732483,0.539948582649231,0.02510134130716324,0.5805230736732483,0.539948582649231
,,,,,,,,,,,,,,,,,,,,,,,,,,0.023004814982414246,0.5291942954063416,0.5070730447769165,0.023004814982414246,0.5291942954063416,0.5070730447769165
,,,,,,,,,,,,,,,,,,,,,,,,,,0.021795354783535004,0.500806450843811,0.4822598397731781,0.021795354783535004,0.500806450843811,0.4822598397731781
,,,,,,,,,,,,,,,,,,,,,,,,,,0.02203860506415367,0.4816124439239502,0.4638698101043701,0.02203860506415367,0.4816124439239502,0.4638698101043701
,,,,,,,,,,,,,,,,,,,,,,,,,,0.02224297821521759,0.4626957178115845,0.4460601806640625,0.02224297821521759,0.4626957178115845,0.4460601806640625
,,,,,,,,,,,,,,,,,,,,,,,,,,0.022000763565301895,0.44611290097236633,0.4311855435371399,0.022000763565301895,0.44611290097236633,0.4311855435371399
8789940000.0,99.09,8.600000381469727,6188634112.0,18.448883113011718,3104.0,0.093994140625,50872320.0,107085.85420393944,0.0009916870621964335,0.0059814453125,1.9110738039016724,-0.01867203786969185,0.6008763909339905,-0.01911073736846447,0.00043869856745004654,0.0,0.06297287344932556,1.0973048210144043,0.7624091916923172,6.989956855773926,1.965606451034546,7.052929878234863,2.251192092895508,888.0754406452179,4.202995538711548,,,,,,
8789940000.0,93.39,8.100000381469727,6391222784.0,2413.8147666875007,3105.0,0.0909423828125,50888704.0,107092.64180016518,0.0007850374095141888,0.003662109375,1.9211918115615845,-0.01956155337393284,0.7324507236480713,-0.019211916252970695,-0.00034963712096214294,0.0,0.04805814474821091,1.205378770828247,0.7100778074086277,6.7918853759765625,2.0178091526031494,6.839943885803223,2.238633155822754,6.787596225738525,4.191929578781128,,,,,,
8789940000.0,102.67,8.5,6391222784.0,2404.0081451438664,3106.0,0.0885009765625,50905088.0,107099.45708489418,0.0009974830318242311,0.00457763671875,1.8940991163253784,-0.018490023910999298,0.6565387845039368,-0.018940988928079605,0.0004509640857577324,0.0,0.04946570843458176,1.1464526653289795,0.7252959768275735,6.977850914001465,1.9724421501159668,7.027317047119141,2.187377691268921,6.815284729003906,4.181678533554077,,,,,,
8789940000.0,85.83,8.600000381469727,6391222784.0,2399.497970921299,3107.0,0.0811767578125,50921472.0,107106.28517985344,0.0007627503946423531,0.00341796875,1.8928706645965576,-0.018590297549962997,0.5500271916389465,-0.018928706645965576,0.0003384072333574295,0.0,0.03086882084608078,1.0493890047073364,0.747766512184852,6.907350540161133,1.85342276096344,6.93821907043457,2.0894651412963867,6.828094959259033,4.184821128845215,,,,,,
8789940000.0,119.41,8.0,6391222784.0,2380.329569252669,3108.0,0.0714111328125,50937856.0,107113.16826033592,0.000636660261079669,0.0015869140625,1.9338189363479614,-0.01843315362930298,0.5773555040359497,-0.01933819055557251,0.000905035063624382,0.0,0.02886722795665264,1.073996901512146,0.7315896319619424,6.681341171264648,1.7719236612319946,6.710208892822266,2.0730206966400146,6.88308048248291,4.184093475341797,,,,,,
8789940000.0,115.96,8.300000190734863,6391222784.0,2388.411525883356,3109.0,0.0848388671875,50954240.0,107120.02804970741,0.0028891409747302532,0.0238037109375,1.9418121576309204,-0.01812995970249176,0.563147783279419,-0.01941812038421631,0.001288160216063261,0.0,-0.01278193574398756,1.0589208602905273,0.7560735811817918,6.877495765686035,1.8598202466964722,6.864713191986084,2.144045829772949,6.8597893714904785,4.1903767585754395,,,,,,
8789940000.0,119.81,7.900000095367432,6391222784.0,2427.693922130842,3110.0,0.06591796875,50970624.0,107126.77684116364,0.0008396447519771755,0.0040283203125,1.9515469074249268,-0.019271034747362137,0.5698167085647583,-0.019515467807650566,0.00024443166330456734,0.0,-0.02633591741323471,1.067757248878479,0.724514372859308,6.769983768463135,1.7694624662399292,6.743648052215576,2.0343384742736816,6.748791456222534,4.171083450317383,,,,,,
8789940000.0,117.39,8.100000381469727,6391222784.0,2412.552274212948,3111.0,0.074462890625,50987008.0,107133.56798934937,0.0020882601384073496,0.0155029296875,1.9866600036621094,-0.019402459263801575,0.6024612784385681,-0.01986660063266754,0.00046413950622081757,0.0,-0.010485228151082993,1.0953558683395386,0.7255291961235214,6.867517948150635,1.7947633266448975,6.857032775878906,2.0907742977142334,6.7911481857299805,4.210484266281128,,,,,,
8789940000.0,94.01,7.699999809265137,6391222784.0,2344.9210944763686,3112.0,0.07568359375,51003392.0,107140.55500483513,0.0007977061904966831,0.00396728515625,1.9944385290145874,-0.019617954269051552,0.5991217494010925,-0.019944382831454277,0.0003264285624027252,0.0,-0.051773183047771454,1.091328501701355,0.7490837873272403,6.786343574523926,1.8305273056030273,6.734570503234863,2.1786692142486572,6.98701548576355,4.1935460567474365,,,,,,
8789940000.0,98.89,8.300000190734863,6391222784.0,2385.125641267708,3113.0,0.0897216796875,51019776.0,107147.42424464226,0.0010899038752540946,0.005859375,1.909303903579712,-0.01946115866303444,0.6600066423416138,-0.019093040376901627,-0.0003681192174553871,0.0,0.0163223035633564,1.1475136280059814,0.7186532895630806,6.859972953796387,1.8660118579864502,6.8762946128845215,2.1633999347686768,6.869239807128906,4.195358037948608,,,,,,
8789940000.0,106.27,8.600000381469727,6391222784.0,2441.4352784328566,3114.0,0.0848388671875,51036160.0,107154.13505125046,0.0006338126258924603,0.0029296875,1.9018415212631226,-0.01903020218014717,0.6593254208564758,-0.019018415361642838,-1.1788681149482727e-05,0.0,0.05542803928256035,1.1455445289611816,0.7208639735413606,6.953983306884766,1.8721157312393188,7.009411811828613,2.1682252883911133,6.710806608200073,4.173881530761719,,,,,,
8789940000.0,103.26,8.199999809265137,6391222784.0,2438.6285369476504,3115.0,0.0811767578125,51052544.0,107160.85358166695,0.0011156619293615222,0.0076904296875,1.9195246696472168,-0.018878314644098282,0.6463214755058289,-0.01919524557888508,0.0003169337287545204,0.0,-0.035591185092926025,1.1372069120407104,0.7166990136841764,6.98481559753418,1.8401213884353638,6.94922399520874,2.1365604400634766,6.7185304164886475,4.197541236877441,,,,,,
8789940000.0,94.16,8.899999618530273,6391222784.0,2418.604699984444,3116.0,0.07568359375,51068928.0,107167.62773537636,0.0007518200436607003,0.0023193359375,1.971809983253479,-0.019561784341931343,0.43437039852142334,-0.019718097522854805,0.00015631318092346191,0.0,0.058233592659235,0.926746129989624,0.7662206707570258,6.935422897338867,1.6938824653625488,6.993656635284424,1.9167150259017944,6.774153709411621,4.179689645767212,,,,,,
8789940000.0,98.91,8.100000381469727,6391222784.0,2401.101074511395,3117.0,0.07080078125,51085312.0,107174.45127153397,0.0010711037321016192,0.00634765625,1.961365818977356,-0.01986406370997429,0.5894585847854614,-0.019613659009337425,-0.00025040796026587486,0.0,-0.012730066664516926,1.0868513584136963,0.7170316633146456,6.821910858154297,1.810899257659912,6.80918025970459,2.043154001235962,6.823536157608032,4.188950300216675,,,,,,
8789940000.0,140.91,8.300000190734863,6391222784.0,2368.664996041969,3118.0,0.08056640625,51101696.0,107181.36824798584,0.0010297466069459915,0.0076904296875,1.9237127304077148,-0.01909618452191353,0.5301675200462341,-0.019237127155065536,0.00014094263315200806,0.0,-0.007689011283218861,1.0263012647628784,0.7564713060294241,6.956249237060547,1.7943114042282104,6.948559761047363,2.079695463180542,6.916976451873779,4.182666301727295,,,,,,
8789940000.0,111.46,8.100000381469727,6391222784.0,2405.856047210033,3119.0,0.078125,51118080.0,107188.17829799652,0.0010187358129769564,0.0054931640625,1.9301921129226685,-0.018911132588982582,0.6918238997459412,-0.019301921129226685,0.00039078807458281517,0.0,-0.037092238664627075,1.1688671112060547,0.6754214572422901,7.059286117553711,1.7287273406982422,7.022193908691406,2.0516598224639893,6.810050010681152,4.2017340660095215,,,,,,
8789940000.0,93.77,8.199999809265137,6391222784.0,2421.860542837108,3120.0,0.0762939453125,51134464.0,107194.94334483147,0.0008123147999867797,0.0030517578125,1.9162352085113525,-0.019658228382468224,0.6170763373374939,-0.01916235126554966,-0.0004958761855959892,0.0,-0.0011608796194195747,1.1093506813049316,0.7014093165329816,6.844442367553711,1.7153445482254028,6.843281269073486,2.0301613807678223,6.765046834945679,4.217257976531982,,,,,,
8789940000.0,90.12,8.399999618530273,6391222784.0,2412.8557009311403,3121.0,0.0799560546875,51150848.0,107201.73363900185,0.0012603746727108955,0.0054931640625,1.915447473526001,-0.018934445455670357,0.6223558187484741,-0.01915447600185871,0.0002200305461883545,0.0,-0.01065565925091505,1.1164617538452148,0.704434756353746,6.916375637054443,1.7032147645950317,6.905720233917236,2.0536065101623535,6.790294170379639,4.220750331878662,,,,,,
8789940000.0,101.85,8.0,6391222784.0,2404.9876273083523,3122.0,0.0823974609375,51167232.0,107208.54614806175,0.0014661222230643034,0.0098876953125,1.9228907823562622,-0.019678935408592224,0.5910336971282959,-0.01922890543937683,-0.0004500318318605423,0.0,-0.06165607273578644,1.0821759700775146,0.7315546892793623,7.045175552368164,1.756278395652771,6.983519554138184,2.0886709690093994,6.812509059906006,4.226926565170288,,,,,,
8789940000.0,101.56,9.0,6391222784.0,2404.585625052334,3123.0,0.0750732421875,51183616.0,107215.35979604721,0.001081462949514389,0.00579833984375,1.9380671977996826,-0.019061828032135963,0.48292723298072815,-0.01938067004084587,0.0003188401460647583,0.0,0.08679884672164917,0.9825076460838318,0.7320842077460248,6.862154006958008,1.6905555725097656,6.948952674865723,1.8981776237487793,6.813647985458374,4.266099691390991,,,,,,
8789940000.0,107.17,8.0,6391222784.0,2397.1651818454798,3124.0,0.0689697265625,51200000.0,107222.19453573227,0.0006727087311446667,0.00244140625,1.9454377889633179,-0.018832337111234665,0.5566456913948059,-0.01945437863469124,0.0006220396608114243,0.0,-0.002067562658339739,1.0508288145065308,0.7379996999522923,6.795520782470703,1.7581727504730225,6.793453216552734,2.052961826324463,6.834739685058594,4.19813084602356,,,,,,
8789940000.0,102.9,8.0,6391222784.0,2372.0554802872475,3125.0,0.068359375,51216384.0,107229.1016254425,0.0006814927910454571,0.00189208984375,1.9495116472244263,-0.019292576238512993,0.543245792388916,-0.01949511654675007,0.00020253658294677734,0.0,-0.0286870077252388,1.042534351348877,0.7323706041274884,6.786751747131348,1.74203622341156,6.758064270019531,2.0152244567871094,6.907089710235596,4.1932878494262695,,,,,,
8789940000.0,132.19,7.699999809265137,6391222784.0,2340.651708748365,3126.0,0.067138671875,51232768.0,107236.101385355,0.0008713409770280123,0.00531005859375,1.9194841384887695,-0.018927304074168205,0.6276809573173523,-0.019194841384887695,0.00026753731071949005,0.0,-0.09201852977275848,1.118207335472107,0.7219966453842537,6.734897613525391,1.7814725637435913,6.642879486083984,2.120788335800171,6.999759912490845,4.346482992172241,,,,,,
8789940000.0,92.11,8.300000190734863,6391222784.0,2385.170179509025,3127.0,0.076904296875,51249152.0,107242.97049689293,0.00124085892457515,0.00616455078125,1.9285963773727417,-0.01896631345152855,0.5724599361419678,-0.019285961985588074,0.0003196513280272484,0.0,-0.002929961308836937,1.0690385103225708,0.7417651886712766,6.711967468261719,1.770241141319275,6.7090373039245605,2.1037099361419678,6.86911153793335,4.193240165710449,,,,,,
8789940000.0,136.53,8.5,6391222784.0,2403.210056181758,3128.0,0.0689697265625,51265536.0,107249.7880449295,0.0009428915218450129,0.00543212890625,1.9596049785614014,-0.019227366894483566,0.55780428647995,-0.019596049562096596,0.00036868255119770765,0.0,0.02574438787996769,1.054861307144165,0.7263900605832367,6.700009346008301,1.748771071434021,6.7257537841796875,2.0166444778442383,6.817548036575317,4.189145088195801,,,,,,
8789940000.0,145.82,8.0,6391222784.0,2379.3833290866282,3129.0,0.072021484375,51281920.0,107256.6738626957,0.001304890844039619,0.00909423828125,1.962646484375,-0.01970408484339714,0.5531880855560303,-0.019626464694738388,-7.761851884424686e-05,0.0,0.01813213899731636,1.0517635345458984,0.745646806776962,6.634907245635986,1.8127111196517944,6.65303897857666,2.0854482650756836,6.885817766189575,4.192707538604736,,,,,,
8789940000.0,113.64,8.699999809265137,6391222784.0,2413.9098163872495,3130.0,0.08544921875,51298304.0,107263.4611916542,0.0012254067696630955,0.008544921875,1.9358211755752563,-0.018861230462789536,0.5288568735122681,-0.019358210265636444,0.0004969798028469086,0.0,0.06354489922523499,1.0264309644699097,0.7633370004275948,6.879961013793945,1.8358871936798096,6.943505764007568,2.1099138259887695,6.7873289585113525,4.213468074798584,,,,,,
8789940000.0,125.79,8.699999809265137,6391222784.0,2382.3488493881596,3131.0,0.0714111328125,51314688.0,107270.33843803406,0.0013141324743628502,0.00848388671875,1.9629727602005005,-0.019330359995365143,0.44863268733024597,-0.01962972804903984,0.0002993685193359852,0.0,0.04185674712061882,0.9487367272377014,0.768354126135129,6.863788604736328,1.7975226640701294,6.905645370483398,1.9712127447128296,6.877246379852295,4.231549501419067,,,,,,
8789940000.0,102.86,7.699999809265137,6391222784.0,2426.718570400447,3132.0,0.06103515625,51331072.0,107277.08994197845,0.0009424369782209396,0.0054931640625,1.965027928352356,-0.01953813061118126,0.6226260662078857,-0.019650278612971306,0.00011214986443519592,0.0,-0.10191535949707031,1.1136164665222168,0.7223702813667605,6.884419918060303,1.788086175918579,6.782504558563232,2.113502025604248,6.751503944396973,4.21895694732666,,,,,,
8789940000.0,126.1,8.199999809265137,6391222784.0,2368.4386172169775,3133.0,0.0677490234375,51347456.0,107284.00757956505,0.0013374162372201681,0.00970458984375,1.9625911712646484,-0.019099142402410507,0.5238004326820374,-0.019625911489129066,0.0005267709493637085,0.0,-0.024105170741677284,1.0233700275421143,0.7358555911777203,6.893160820007324,1.7006200551986694,6.86905574798584,1.9911874532699585,6.917637586593628,4.331195831298828,,,,,,
8789940000.0,120.04,7.900000095367432,6391222784.0,2380.2462145155046,3134.0,0.062255859375,51363840.0,107290.89090108871,0.0010917963227257133,0.00897216796875,1.9981136322021484,-0.0194869264960289,0.5136198401451111,-0.019981136545538902,0.0004942081868648529,0.0,-0.014518849551677704,1.0090241432189941,0.7389104762872496,6.679314613342285,1.7066885232925415,6.664795875549316,1.9747259616851807,6.883321523666382,4.195236444473267,,,,,,
8789940000.0,107.0,8.0,6391222784.0,2428.957978141474,3135.0,0.0677490234375,51380224.0,107297.63618040085,0.0016175280325114727,0.01251220703125,1.9690489768981934,-0.019714495167136192,0.5689269304275513,-0.019690489396452904,-2.4003908038139343e-05,0.0,-0.05534897744655609,1.0664455890655518,0.7083218598374927,6.765429496765137,1.70481538772583,6.710080623626709,1.9746357202529907,6.745279312133789,4.201357841491699,,,,,,
,,,,,,,,,,,,,,,,,,,,,,,,,,0.019481275230646133,0.6049500703811646,0.5618112683296204,0.019481275230646133,0.6049500703811646,0.5618112683296204
,,,,,,,,,,,,,,,,,,,,,,,,,,0.018943963572382927,0.5579121708869934,0.5323664546012878,0.018943963572382927,0.5579121708869934,0.5323664546012878
,,,,,,,,,,,,,,,,,,,,,,,,,,0.018580876290798187,0.5292482376098633,0.5063175559043884,0.018580876290798187,0.5292482376098633,0.5063175559043884
,,,,,,,,,,,,,,,,,,,,,,,,,,0.018599478527903557,0.5056914687156677,0.4860283434391022,0.018599478527903557,0.5056914687156677,0.4860283434391022
,,,,,,,,,,,,,,,,,,,,,,,,,,0.01885836198925972,0.4888196587562561,0.4716639816761017,0.01885836198925972,0.4888196587562561,0.4716639816761017
,,,,,,,,,,,,,,,,,,,,,,,,,,0.018747350201010704,0.472192645072937,0.4532615840435028,0.018747350201010704,0.472192645072937,0.4532615840435028
8789940000.0,135.23,8.300000190734863,6188634112.0,18.44360865435985,3136.0,0.0714111328125,51396608.0,108185.96559071541,0.0008428466971963644,0.00421142578125,1.9766995906829834,-0.019406938925385475,0.6230366230010986,-0.019766997545957565,0.0003600567579269409,0.0,0.013797879219055176,1.118232250213623,0.6939249037236608,6.930002212524414,1.7599045038223267,6.943800449371338,2.021242380142212,888.3294103145599,4.201838731765747,,,,,,
8789940000.0,92.39,8.5,6391222784.0,2383.5705783154403,3137.0,0.0799560546875,51412992.0,108192.83931207657,0.0008131413487717509,0.00262451171875,1.9688597917556763,-0.01926794834434986,0.6175428032875061,-0.019688598811626434,0.0004206513985991478,0.0,0.0009062937460839748,1.1121337413787842,0.7237354208184203,7.059774398803711,1.8094873428344727,7.060680866241455,2.115896701812744,6.873721361160278,4.190440893173218,,,,,,
8789940000.0,105.53,8.600000381469727,6391222784.0,2365.292819973687,3138.0,0.0738525390625,51429376.0,108199.76614999771,0.0006363716092891991,0.00244140625,2.006150960922241,-0.018831532448530197,0.5007777214050293,-0.020061511546373367,0.001229977235198021,0.0,-0.013888062909245491,1.002755045890808,0.7371696312611536,7.040986061096191,1.7331657409667969,7.027097702026367,1.9559476375579834,6.926837921142578,4.185597896575928,,,,,,
8789940000.0,107.38,8.100000381469727,6391222784.0,2380.3603237605657,3139.0,0.064697265625,51445760.0,108206.64914155006,0.0007228789618238807,0.00262451171875,2.040900230407715,-0.020334698259830475,0.5023629069328308,-0.020409002900123596,7.430091500282288e-05,0.0,-0.018640946596860886,1.0041835308074951,0.7240285595860978,6.820501804351807,1.6843316555023193,6.801860809326172,1.9115290641784668,6.882991552352905,4.1945531368255615,,,,,,
8789940000.0,135.4,8.300000190734863,6391222784.0,2415.9119223243247,3140.0,0.06103515625,51462144.0,108213.43084573746,0.0006491919048130512,0.0028076171875,2.0334391593933105,-0.02007436752319336,0.4716126620769501,-0.020334389060735703,0.00026002898812294006,0.0,-0.009966492652893066,0.9716851711273193,0.7401374147217163,6.683152198791504,1.6198267936706543,6.673185348510742,1.906135082244873,6.7817041873931885,4.187654972076416,,,,,,
8789940000.0,134.58,8.399999618530273,6391222784.0,2412.669417360124,3141.0,0.0689697265625,51478528.0,108220.22166419029,0.0009873331291601062,0.003662109375,2.0325679779052734,-0.02036365494132042,0.46336865425109863,-0.0203256793320179,-3.797560930252075e-05,0.0,0.0012254624161869287,0.9644924402236938,0.7540752676700535,6.6453962326049805,1.694435954093933,6.646622180938721,1.944901943206787,6.790818452835083,4.190907716751099,,,,,,
8789940000.0,103.87,8.100000381469727,6391222784.0,2350.68991960935,3142.0,0.0726318359375,51494912.0,108227.19153285027,0.0008839067304506898,0.003173828125,1.9823904037475586,-0.019532460719347,0.5953788161277771,-0.01982390321791172,0.0002914462238550186,0.0,-0.00446756836026907,1.0906782150268555,0.7165608820356539,6.804788112640381,1.7653324604034424,6.800320625305176,2.0486462116241455,6.9698686599731445,4.1891398429870605,,,,,,
8789940000.0,97.55,7.800000190734863,6391222784.0,2406.656737707825,3143.0,0.07568359375,51511296.0,108233.99931716919,0.0006195844616740942,0.002685546875,1.9837344884872437,-0.01979237236082554,0.5851312875747681,-0.01983734220266342,4.496891051530838e-05,0.0,-0.035080984234809875,1.08394455909729,0.732103726800098,6.860642433166504,1.8128502368927002,6.8255615234375,2.094226837158203,6.80778431892395,4.197685718536377,,,,,,
8789940000.0,117.15,7.599999904632568,6391222784.0,2384.3707311128956,3144.0,0.074462890625,51527680.0,108240.8707318306,0.0013491751160472631,0.00689697265625,2.010429620742798,-0.020620690658688545,0.5960137248039246,-0.020104296505451202,-0.0005163941532373428,0.0,-0.023535527288913727,1.0940955877304077,0.7302241607939572,6.735820770263672,1.7652924060821533,6.712285041809082,2.1064627170562744,6.871414661407471,4.185498476028442,,,,,,
8789940000.0,129.61,8.5,6391222784.0,2394.6055988340217,3145.0,0.072021484375,51544064.0,108247.71277713776,0.0010543433018028736,0.00701904296875,2.033451557159424,-0.021185923367738724,0.5918973684310913,-0.02033451572060585,-0.0008514132350683212,0.0,0.034293919801712036,1.0856119394302368,0.7004259760792146,6.808716297149658,1.7648754119873047,6.843009948730469,1.9834550619125366,6.842045307159424,4.1812286376953125,,,,,,
8789940000.0,127.93,8.199999809265137,6391222784.0,2392.53767443428,3146.0,0.0653076171875,51560448.0,108254.56073617935,0.0019390606321394444,0.014892578125,2.072052240371704,-0.02034187689423561,0.5113426446914673,-0.020720522850751877,0.0003786468878388405,0.0,-0.015142938122153282,1.0120822191238403,0.7255159930163494,6.839836597442627,1.7019606828689575,6.82469367980957,1.9317783117294312,6.847959041595459,4.1881043910980225,,,,,,
8789940000.0,111.4,8.0,6391222784.0,2416.9750860798936,3147.0,0.0457763671875,51576832.0,108261.33945727348,0.000899889157153666,0.0042724609375,2.1326420307159424,-0.02083328366279602,0.3877011835575104,-0.021326420828700066,0.0004931353032588959,0.0,-0.07578414678573608,0.8805935978889465,0.7678713732877065,6.517245292663574,1.6085892915725708,6.441460609436035,1.8277263641357422,6.77872109413147,4.187816381454468,,,,,,
8789940000.0,169.13,7.699999809265137,6391222784.0,2382.953814279169,3148.0,0.048828125,51593216.0,108268.21495771408,0.0008106015739031136,0.00286865234375,2.090578079223633,-0.021347010508179665,0.4892662763595581,-0.020905781537294388,-0.00044122757390141487,0.0,-0.051316164433956146,0.989102840423584,0.7395569652183804,6.464576721191406,1.648992896080017,6.413260459899902,1.9381396770477295,6.875500440597534,4.1961445808410645,,,,,,
8789940000.0,166.12,8.100000381469727,6391222784.0,2422.9863589271913,3149.0,0.0604248046875,51609600.0,108274.97686123848,0.001929342863149941,0.014892578125,2.096188545227051,-0.020682986825704575,0.4573637843132019,-0.020961886271834373,0.0002789013087749481,0.0,0.034258924424648285,0.9539188146591187,0.760916799701452,6.39467716217041,1.6608775854110718,6.42893648147583,1.9509085416793823,6.761903524398804,4.170736312866211,,,,,,
8789940000.0,124.57,8.199999809265137,6391222784.0,2380.550640105219,3150.0,0.0592041015625,51625984.0,108281.85930252075,0.002042582957074046,0.0172119140625,2.106186866760254,-0.020250223577022552,0.49443626403808594,-0.021061869338154793,0.0008116476237773895,0.0,0.012856346555054188,0.9919968843460083,0.7612318115780254,6.507830619812012,1.7507596015930176,6.520687103271484,2.0301222801208496,6.882441282272339,4.199979305267334,,,,,,
8789940000.0,161.57,7.400000095367432,6391222784.0,2415.0226494792496,3151.0,0.0494384765625,51642368.0,108288.64350390434,0.0017614299431443214,0.01458740234375,2.111525297164917,-0.02074028179049492,0.502644419670105,-0.021115252748131752,0.00037496909499168396,0.0,-0.06631577014923096,1.002152919769287,0.7393910067555063,6.325243949890137,1.666711449623108,6.2589287757873535,1.963086724281311,6.784201383590698,4.200216770172119,,,,,,
8789940000.0,144.94,8.300000190734863,6391222784.0,2353.946452311583,3152.0,0.0579833984375,51658752.0,108295.60373020172,0.0012692258460447192,0.00909423828125,2.06722354888916,-0.019652657210826874,0.46144339442253113,-0.020672235637903214,0.001019572839140892,0.0,0.027139440178871155,0.9566612243652344,0.7801336270389707,6.382699966430664,1.7794002294540405,6.409839630126953,2.0402302742004395,6.96022629737854,4.188570737838745,,,,,,
8789940000.0,96.74,8.399999618530273,6391222784.0,2418.4345498951798,3153.0,0.067138671875,51675136.0,108302.37836050987,0.0011756584281101823,0.00830078125,2.075286626815796,-0.02038424462080002,0.5041226148605347,-0.020752867683768272,0.000368625158444047,0.0,0.003948798403143883,1.0057755708694458,0.7653112697268114,6.484260082244873,1.7978687286376953,6.488208770751953,2.0761311054229736,6.774630308151245,4.206096649169922,,,,,,
8789940000.0,132.74,7.900000095367432,6391222784.0,2374.4025547549795,3154.0,0.067138671875,51691520.0,108309.27862262726,0.0008758794283494353,0.00518798828125,2.0754332542419434,-0.021094772964715958,0.5596761703491211,-0.020754335448145866,-0.0003404391463845968,0.0,-0.029906678944826126,1.0552372932434082,0.7665203964566186,6.525662422180176,1.9077433347702026,6.495755672454834,2.1838643550872803,6.900262117385864,4.235633611679077,,,,,,
8789940000.0,129.9,7.599999904632568,6391222784.0,2361.6893113568085,3155.0,0.0634765625,51707904.0,108316.21602964401,0.0016280061099678278,0.010986328125,2.0743234157562256,-0.020539050921797752,0.5778538584709167,-0.02074323408305645,0.00020418129861354828,0.0,-0.03881724923849106,1.0763460397720337,0.7490858451239495,6.578380107879639,1.8616200685501099,6.539563179016113,2.1487679481506348,6.93740701675415,4.217123746871948,,,,,,
8789940000.0,142.92,8.199999809265137,6391222784.0,2415.3699941629284,3156.0,0.0634765625,51724288.0,108322.99925541878,0.0010774679249152541,0.00579833984375,2.103158712387085,-0.021252673119306564,0.45785170793533325,-0.021031584590673447,-0.0002210903912782669,0.0,0.046136610209941864,0.9556403756141663,0.788603441326549,6.410234451293945,1.8027981519699097,6.456371307373047,2.078479290008545,6.783225774765015,4.187397480010986,,,,,,
8789940000.0,120.19,9.100000381469727,6391222784.0,2320.8982652571854,3157.0,0.06591796875,51740672.0,108330.0585911274,0.0017862649401649833,0.01385498046875,2.117802858352661,-0.020932519808411598,0.3690977990627289,-0.021178029477596283,0.00024550966918468475,0.0,0.07529757171869278,0.8560273051261902,0.8194607113700108,6.495113372802734,1.839959740638733,6.57041072845459,2.0146589279174805,7.059335708618164,4.187315464019775,,,,,,
8789940000.0,129.7,8.399999618530273,6391222784.0,2422.2271891573632,3158.0,0.0665283203125,51757056.0,108336.82261395454,0.001106120296753943,0.005859375,2.085052728652954,-0.02074088528752327,0.5529168844223022,-0.020850524306297302,0.0001096334308385849,0.0,-0.021926622837781906,1.047622799873352,0.7565015055501164,6.635713577270508,1.9035395383834839,6.6137871742248535,2.1230340003967285,6.7640228271484375,4.220910549163818,,,,,,
8789940000.0,125.56,8.0,6391222784.0,2407.5375816605338,3159.0,0.0738525390625,51773440.0,108343.62790751457,0.0011045343708246946,0.0064697265625,2.0548627376556396,-0.020140521228313446,0.5651946663856506,-0.0205486249178648,0.0004081043880432844,0.0,0.023120420053601265,1.0625568628311157,0.7621801956803924,6.78753662109375,1.9348453283309937,6.810657501220703,2.1788551807403564,6.805293560028076,4.186882257461548,,,,,,
8789940000.0,121.11,8.100000381469727,6391222784.0,2417.770946545534,3160.0,0.0732421875,51789824.0,108350.40439724922,0.0011417900677770376,0.0067138671875,2.029788017272949,-0.020916948094964027,0.5841538310050964,-0.020297879353165627,-0.0006190710701048374,0.0,-0.019699037075042725,1.077593445777893,0.7516414071745742,6.651285171508789,1.8671479225158691,6.63158655166626,2.1622962951660156,6.776489734649658,4.211755752563477,,,,,,
8789940000.0,101.92,8.100000381469727,6391222784.0,2340.823687899062,3161.0,0.069580078125,51806208.0,108357.40364289284,0.0023551578633487225,0.01824951171875,2.0275163650512695,-0.020094670355319977,0.5994577407836914,-0.020275160670280457,0.00018049124628305435,0.0,0.021818891167640686,1.092207431793213,0.7344298391940891,6.6268086433410645,1.8435238599777222,6.648628234863281,2.1194138526916504,6.999245643615723,4.344041347503662,,,,,,
8789940000.0,114.18,7.699999809265137,6391222784.0,2366.1131704157438,3162.0,0.0762939453125,51822592.0,108364.32807922363,0.001098941545933485,0.0079345703125,1.990370512008667,-0.020106056705117226,0.6375807523727417,-0.019903704524040222,-0.0002023540437221527,0.0,-0.016524046659469604,1.128712773323059,0.7197206283443035,6.76324462890625,1.8246548175811768,6.746720314025879,2.132002830505371,6.924436330795288,4.230259418487549,,,,,,
8789940000.0,101.73,8.699999809265137,6391222784.0,2426.465880123693,3163.0,0.0762939453125,51838976.0,108371.08028626442,0.0010011876001954079,0.004638671875,2.0282416343688965,-0.020137883722782135,0.5175368189811707,-0.02028241753578186,0.00014453381299972534,0.0,0.04550851881504059,1.013521432876587,0.7652636111784629,6.811152935028076,1.8679943084716797,6.856661796569824,2.091909646987915,6.752207040786743,4.249043226242065,,,,,,
8789940000.0,128.97,7.5,6391222784.0,2350.17363907255,3164.0,0.0677490234375,51855360.0,108378.05168604851,0.0022850818932056427,0.01983642578125,1.9826850891113281,-0.018605580553412437,0.5970631837844849,-0.019826849922537804,0.0012212651781737804,0.0,-0.03664488345384598,1.092316746711731,0.734887708164367,6.644509315490723,1.8243037462234497,6.6078643798828125,2.1214537620544434,6.971399784088135,4.19754695892334,,,,,,
8789940000.0,95.89,8.100000381469727,6391222784.0,2382.8558986743146,3165.0,0.081787109375,51871744.0,108384.92746901512,0.0017009557923302054,0.0145263671875,1.9499400854110718,-0.018566090613603592,0.5975843667984009,-0.0194994006305933,0.000933310016989708,0.0,0.016907041892409325,1.0917415618896484,0.7431884298661038,6.819243431091309,1.8301881551742554,6.836150169372559,2.1543314456939697,6.8757829666137695,4.226261138916016,,,,,,
8789940000.0,94.89,8.5,6391222784.0,2423.9632438025064,3166.0,0.09033203125,51888128.0,108391.68664741516,0.001670054392889142,0.01263427734375,1.9607188701629639,-0.018943527713418007,0.6984317302703857,-0.019607188180088997,0.0006636567413806915,0.0,0.012353643774986267,1.1803619861602783,0.7118496137806327,6.9341535568237305,1.8702627420425415,6.946506977081299,2.1989009380340576,6.759178400039673,4.234707355499268,,,,,,
8789940000.0,106.39,8.199999809265137,6391222784.0,2400.8695439937715,3167.0,0.076904296875,51904512.0,108398.51084160805,0.0018369422759860754,0.01446533203125,1.963815689086914,-0.01870029605925083,0.5805169939994812,-0.01963815651834011,0.0009378604590892792,0.0,0.03864745795726776,1.0745831727981567,0.7553175628918215,6.735862731933594,1.9256502389907837,6.774510383605957,2.1723947525024414,6.8241941928863525,4.191238641738892,,,,,,
,,,,,,,,,,,,,,,,,,,,,,,,,,0.024995798245072365,0.5706089735031128,0.5290623903274536,0.024995798245072365,0.5706089735031128,0.5290623903274536
,,,,,,,,,,,,,,,,,,,,,,,,,,0.02280690334737301,0.5164658427238464,0.495834618806839,0.02280690334737301,0.5164658427238464,0.495834618806839
,,,,,,,,,,,,,,,,,,,,,,,,,,0.021680818870663643,0.49127331376075745,0.47307854890823364,0.021680818870663643,0.49127331376075745,0.47307854890823364
,,,,,,,,,,,,,,,,,,,,,,,,,,0.021285053342580795,0.4714805483818054,0.4551719129085541,0.021285053342580795,0.4714805483818054,0.4551719129085541
,,,,,,,,,,,,,,,,,,,,,,,,,,0.021250614896416664,0.4543539583683014,0.4380466043949127,0.021250614896416664,0.4543539583683014,0.4380466043949127
,,,,,,,,,,,,,,,,,,,,,,,,,,0.021622667089104652,0.4383573830127716,0.42207908630371094,0.021622667089104652,0.4383573830127716,0.42207908630371094
8789940000.0,92.41,9.0,6188634112.0,18.47533932678353,3168.0,0.0958251953125,51920896.0,109285.31458091736,0.0009950264357030392,0.006591796875,1.9994964599609375,-0.02010943740606308,0.5380938649177551,-0.019994964823126793,-0.00011447165161371231,0.0,0.08690181374549866,1.0384058952331543,0.7657153790185648,6.914192199707031,1.9524078369140625,7.00109338760376,2.1453349590301514,886.8037393093109,4.219803094863892,,,,,,
8789940000.0,114.7,8.699999809265137,6391222784.0,2424.3294152527255,3169.0,0.0726318359375,51937280.0,109292.07273840904,0.0007605280843563378,0.0025634765625,2.0063014030456543,-0.020019307732582092,0.5272087454795837,-0.020063012838363647,4.3705105781555176e-05,0.0,0.057861462235450745,1.0278902053833008,0.749913528305279,6.84890079498291,1.855133295059204,6.906762599945068,2.0554254055023193,6.75815749168396,4.227551221847534,,,,,,
8789940000.0,110.11,8.100000381469727,6391222784.0,2431.986124833114,3170.0,0.0714111328125,51953664.0,109298.80961894989,0.0005287776584737003,0.00146484375,1.987695336341858,-0.01967480406165123,0.5538181662559509,-0.019876951351761818,0.00020214496180415154,0.0,-0.03184536099433899,1.052785038948059,0.7417656978317604,6.892706871032715,1.8091877698898315,6.860861301422119,2.071727752685547,6.736880540847778,4.203071355819702,,,,,,
8789940000.0,106.62,8.699999809265137,6391222784.0,2424.7151180092287,3171.0,0.0836181640625,51970048.0,109305.5667014122,0.000919536454603076,0.005126953125,1.9817214012145996,-0.019286196678876877,0.5370813012123108,-0.019817212596535683,0.0005310215055942535,0.0,0.029123984277248383,1.03339684009552,0.7577855672721874,6.9465436935424805,1.8126553297042847,6.975667953491211,2.099748134613037,6.757082462310791,4.177415609359741,,,,,,
8789940000.0,129.92,8.100000381469727,6391222784.0,2399.177037466514,3172.0,0.0750732421875,51986432.0,109312.39570975304,0.0007297657430171967,0.002197265625,1.9642060995101929,-0.01969904452562332,0.5929701924324036,-0.019642062485218048,-5.6980177760124207e-05,0.0,-0.04978937655687332,1.0846891403198242,0.7289433799952384,6.905233383178711,1.8027321100234985,6.855443954467773,2.0834133625030518,6.829008340835571,4.194795846939087,,,,,,
8789940000.0,86.68,8.100000381469727,6391222784.0,2427.246142046196,3173.0,0.0836181640625,52002816.0,109319.14574623108,0.0014194087125360966,0.00836181640625,1.9305769205093384,-0.018952302634716034,0.8205869197845459,-0.019305767491459846,0.00035346532240509987,0.0,-0.049523912370204926,1.287717580795288,0.6785418520738982,6.9485392570495605,1.8860321044921875,6.899015426635742,2.2712156772613525,6.7500364780426025,4.1985085010528564,,,,,,
8789940000.0,91.61,8.199999809265137,6391222784.0,2429.2736181845667,3174.0,0.09033203125,52019200.0,109325.89014911652,0.001123393652960658,0.00634765625,1.9376800060272217,-0.019711289554834366,0.6480712890625,-0.01937679946422577,-0.0003344900906085968,0.0,0.08312007784843445,1.12563955783844,0.7130682352485667,6.947116851806641,1.8502581119537354,7.030237197875977,2.1014065742492676,6.744402885437012,4.179070234298706,,,,,,
8789940000.0,96.98,8.100000381469727,6391222784.0,2370.131096839631,3175.0,0.08544921875,52035584.0,109332.80284690857,0.0008845827542245388,0.00543212890625,1.9343090057373047,-0.019176645204424858,0.6007215976715088,-0.019343089312314987,0.00016644736751914024,0.0,0.01521360594779253,1.090174913406372,0.7524147641062315,7.016993522644043,1.9074556827545166,7.032207012176514,2.1909561157226562,6.912697792053223,4.183957576751709,,,,,,
8789940000.0,98.09,8.699999809265137,6391222784.0,2430.9276035452335,3176.0,0.1031494140625,52051968.0,109339.54266095161,0.001113217556849122,0.005615234375,1.883655071258545,-0.019467175006866455,0.562242329120636,-0.018836550414562225,-0.0006306245923042297,0.0,0.09186670184135437,1.0564104318618774,0.7295810212993872,7.368472099304199,1.805565595626831,7.460338592529297,2.0314857959747314,6.739814043045044,4.184335231781006,,,,,,
8789940000.0,81.74,9.399999618530273,6391222784.0,2407.4959996269613,3177.0,0.101318359375,52068352.0,109346.348072052,0.0013789519434794784,0.0098876953125,1.9136543273925781,-0.018946774303913116,0.5743313431739807,-0.019136542454361916,0.00018977001309394836,0.0,0.06484842300415039,1.0703635215759277,0.7319946829591548,7.436390399932861,1.8673583269119263,7.50123929977417,2.067567825317383,6.805411100387573,4.186976909637451,,,,,,
8789940000.0,82.83,9.0,6391222784.0,2442.3260580582146,3178.0,0.0982666015625,52084736.0,109353.05643105507,0.001139686442911625,0.0076904296875,1.8649544715881348,-0.01782950386404991,0.6469924449920654,-0.018649544566869736,0.0008200434967875481,0.0,0.06371080875396729,1.1395684480667114,0.6955401573330036,7.440417289733887,1.8070224523544312,7.5041279792785645,2.065262794494629,6.708359003067017,4.179269313812256,,,,,,
8789940000.0,69.47,8.0,6391222784.0,2379.759971259816,3179.0,0.0982666015625,52101120.0,109359.94115900993,0.0020116218365728855,0.0194091796875,1.873205304145813,-0.019365165382623672,0.9083536863327026,-0.01873205229640007,-0.0006331149488687515,0.0,-0.15513673424720764,1.3506731986999512,0.6243862609661068,7.5340776443481445,1.7659357786178589,7.378940582275391,2.203836679458618,6.884727954864502,4.206438064575195,,,,,,
8789940000.0,100.63,8.600000381469727,6391222784.0,2388.9801242432086,3180.0,0.1019287109375,52117504.0,109366.799315691,0.0009949328377842903,0.00421142578125,1.9353967905044556,-0.01908915862441063,0.6044875979423523,-0.019353967159986496,0.0002648094668984413,0.0,0.0827416330575943,1.094788670539856,0.7067113168676301,7.301177978515625,1.7037607431411743,7.383919715881348,2.021542549133301,6.858156681060791,4.201111316680908,,,,,,
8789940000.0,91.72,8.399999618530273,6391222784.0,2351.481985105274,3181.0,0.089111328125,52133888.0,109373.76683664322,0.0018411255441606045,0.0152587890625,1.9216352701187134,-0.018787572160363197,0.6401461958885193,-0.019216351211071014,0.00042878231033682823,0.0,-0.002188035985454917,1.1273291110992432,0.6712979792752621,7.300032615661621,1.6369167566299438,7.297843933105469,1.966298222541809,6.9675209522247314,4.205168962478638,,,,,,
8789940000.0,104.22,8.100000381469727,6391222784.0,2387.408420841331,3182.0,0.09033203125,52150272.0,109380.62950825691,0.0025503053329885006,0.02386474609375,1.9509329795837402,-0.019083566963672638,0.6783407330513,-0.01950933039188385,0.0004257652908563614,0.0,-1.28881074488163e-05,1.1643496751785278,0.6748020154250218,7.357970714569092,1.7283567190170288,7.35795783996582,2.0417819023132324,6.862671613693237,4.196087121963501,,,,,,
8789940000.0,76.98,8.199999809265137,6391222784.0,2407.7234953768343,3183.0,0.0872802734375,52166656.0,109387.43427634239,0.0020566193852573633,0.01922607421875,1.9719055891036987,-0.018138818442821503,0.6532520055770874,-0.01971905678510666,0.0015802374109625816,0.0,-0.00524932611733675,1.144237756729126,0.679064568267707,7.339439392089844,1.73219633102417,7.3341898918151855,2.0197958946228027,6.804768085479736,4.2021706104278564,,,,,,
8789940000.0,101.14,8.600000381469727,6391222784.0,2376.3858187197347,3184.0,0.0946044921875,52183040.0,109394.32877969742,0.002111708512529731,0.01837158203125,1.9285671710968018,-0.01946113631129265,0.568687915802002,-0.019285671412944794,-0.00017546396702528,0.0,0.04669881984591484,1.0646369457244873,0.7266066165864722,7.303022384643555,1.7050262689590454,7.349721908569336,2.036141872406006,6.894503355026245,4.194065093994141,,,,,,
8789940000.0,85.0,8.300000190734863,6391222784.0,2414.199166272875,3185.0,0.0994873046875,52199424.0,109401.11529517174,0.0009692045277915895,0.00592041015625,1.9004119634628296,-0.019042083993554115,0.6802266836166382,-0.01900411956012249,-3.79662960767746e-05,0.0,0.010584170930087566,1.1645383834838867,0.6878776196284854,7.364415168762207,1.7693252563476562,7.374999046325684,2.0844502449035645,6.786515474319458,4.225711345672607,,,,,,
8789940000.0,91.75,8.699999809265137,6391222784.0,2404.001585421732,3186.0,0.0970458984375,52215808.0,109407.93059849739,0.0013270035851746798,0.00982666015625,1.9182695150375366,-0.018776394426822662,0.5938603281974792,-0.01918269321322441,0.00040629878640174866,0.0,0.014887223020195961,1.0865403413772583,0.7019148900505467,7.431262016296387,1.7177507877349854,7.446149826049805,1.9901046752929688,6.815303325653076,4.230667591094971,,,,,,
8789940000.0,72.8,8.199999809265137,6391222784.0,2376.4722728208176,3187.0,0.09521484375,52232192.0,109414.82485103607,0.001208625384606421,0.00830078125,1.904961347579956,-0.01973145827651024,0.6000315546989441,-0.019049610942602158,-0.000681842677295208,0.0,-0.0026756911538541317,1.0958086252212524,0.7114739110791155,7.506770133972168,1.6975538730621338,7.504095077514648,2.0400569438934326,6.89425253868103,4.260619163513184,,,,,,
8789940000.0,109.75,8.300000190734863,6391222784.0,2378.0943704381516,3188.0,0.0933837890625,52248576.0,109421.7144010067,0.0010740170255303383,0.00592041015625,1.904457926750183,-0.018358156085014343,0.6515285968780518,-0.019044578075408936,0.0006864182651042938,0.0,-0.029376734048128128,1.1418770551681519,0.7109006082995623,7.443107604980469,1.7510097026824951,7.413731098175049,2.1237120628356934,6.889549970626831,4.1996238231658936,,,,,,
8789940000.0,84.32,8.199999809265137,6391222784.0,2440.9459993773266,3189.0,0.1031494140625,52264960.0,109428.42655277252,0.0014085050206631422,0.0115966796875,1.8874400854110718,-0.01851479522883892,0.6890884041786194,-0.0188743993639946,0.00035960343666374683,0.0,-0.025756262242794037,1.1738743782043457,0.6976948418898836,7.512712001800537,1.7363239526748657,7.486955642700195,2.135004997253418,6.712151765823364,4.204848527908325,,,,,,
8789940000.0,76.83,8.399999618530273,6391222784.0,2378.499829277652,3190.0,0.10986328125,52281344.0,109435.31492829323,0.0014246533391997218,0.011962890625,1.860737681388855,-0.01856444776058197,0.7756035327911377,-0.018607378005981445,4.293397068977356e-05,0.0,-0.040300436317920685,1.2453992366790771,0.6673288958547249,7.669004440307617,1.7391926050186157,7.628704071044922,2.159240245819092,6.888375520706177,4.373473882675171,,,,,,
8789940000.0,71.85,8.5,6391222784.0,2392.6987014740594,3191.0,0.1031494140625,52297728.0,109442.16242647171,0.0022051921114325523,0.0201416015625,1.8955295085906982,-0.0181355532258749,0.5645008087158203,-0.018955295905470848,0.0008197445422410965,0.0,0.064679354429245,1.0613847970962524,0.7409894565471401,7.412768363952637,1.8079962730407715,7.477447986602783,2.0855178833007812,6.847498178482056,4.197531461715698,,,,,,
8789940000.0,88.67,8.5,6391222784.0,2386.5802852311613,3192.0,0.0799560546875,52314112.0,109449.02747941017,0.0012617107713595033,0.00689697265625,1.9507042169570923,-0.019531216472387314,0.526875913143158,-0.019507039338350296,-2.4173874408006668e-05,0.0,0.0389520525932312,1.027600646018982,0.7064100979498706,7.312119483947754,1.6790878772735596,7.351071834564209,1.8965038061141968,6.865052938461304,4.208149194717407,,,,,,
8789940000.0,95.37,8.600000381469727,6391222784.0,2404.155075480444,3193.0,0.08544921875,52330496.0,109455.84234762192,0.0010602696565911174,0.00640869140625,1.9944651126861572,-0.020428964868187904,0.5233709216117859,-0.019944651052355766,-0.00048431195318698883,0.0,-0.03435950726270676,1.0208650827407837,0.7319295126526931,7.482443809509277,1.728468418121338,7.448084354400635,1.9717146158218384,6.814868211746216,4.209655284881592,,,,,,
8789940000.0,120.44,8.5,6391222784.0,2357.1996493673123,3194.0,0.0732421875,52346880.0,109462.79296803474,0.0017726190853863955,0.015869140625,2.0421054363250732,-0.01992141827940941,0.43809953331947327,-0.02042105421423912,0.0004996377974748611,0.0,-0.0218465868383646,0.930584192276001,0.7330690214525504,7.3174824714660645,1.5893934965133667,7.295636177062988,1.801176905632019,6.950620412826538,4.3014421463012695,,,,,,
8789940000.0,132.95,8.199999809265137,6391222784.0,2453.4528304392697,3195.0,0.0628662109375,52363264.0,109469.47090363503,0.0012036408297717571,0.008544921875,2.0604124069213867,-0.02141527086496353,0.4556053876876831,-0.020604124292731285,-0.0008111484348773956,0.0,-0.03930705785751343,0.9550631642341614,0.7242521040614909,7.0793375968933105,1.5434130430221558,7.040030479431152,1.8187614679336548,6.677935600280762,4.194061040878296,,,,,,
8789940000.0,108.87,8.5,6391222784.0,2394.3084129642057,3196.0,0.068359375,52379648.0,109476.31379818916,0.0013870308175683022,0.00885009765625,2.0263559818267822,-0.01936015486717224,0.5576232671737671,-0.020263560116291046,0.0009034071117639542,0.0,-0.06346060335636139,1.0508832931518555,0.7152956543851152,7.1714935302734375,1.6575117111206055,7.108033180236816,1.9695067405700684,6.842894554138184,4.18669581413269,,,,,,
8789940000.0,109.17,9.0,6391222784.0,2344.0988188442284,3197.0,0.067138671875,52396032.0,109483.30326461792,0.0014781743520870805,0.00933837890625,2.068284034729004,-0.020509857684373856,0.4082144498825073,-0.020682841539382935,0.00017298106104135513,0.0,0.027781032025814056,0.9042556881904602,0.7647962804278592,6.926746368408203,1.6337287425994873,6.954526901245117,1.8645275831222534,6.989466428756714,4.397425651550293,,,,,,
8789940000.0,113.38,8.300000190734863,6391222784.0,2412.6169005873144,3198.0,0.06103515625,52412416.0,109490.09423089027,0.0014686468057334423,0.0098876953125,2.0841925144195557,-0.020624753087759018,0.44913581013679504,-0.020841926336288452,0.0002171727828681469,0.0,-0.060191236436367035,0.9451019763946533,0.7667409048406821,6.848245143890381,1.6898289918899536,6.788053512573242,1.9568572044372559,6.790966272354126,4.244185924530029,,,,,,
8789940000.0,160.55,8.0,6391222784.0,2303.252314095757,3199.0,0.0604248046875,52428800.0,109497.20765042305,0.0008942269487306476,0.0037841796875,2.063074827194214,-0.020328661426901817,0.4576137959957123,-0.020630747079849243,0.0003020847216248512,0.0,-0.01934964768588543,0.9578938484191895,0.7588013979128342,6.933931350708008,1.644075632095337,6.914581775665283,1.9504296779632568,7.113419532775879,4.233097314834595,,,,,,
,,,,,,,,,,,,,,,,,,,,,,,,,,0.026393665000796318,0.6345138549804688,0.5832117199897766,0.026393665000796318,0.6345138549804688,0.5832117199897766
,,,,,,,,,,,,,,,,,,,,,,,,,,0.025209421291947365,0.574259877204895,0.5466076135635376,0.025209421291947365,0.574259877204895,0.5466076135635376
,,,,,,,,,,,,,,,,,,,,,,,,,,0.024149470031261444,0.5500079393386841,0.5231401920318604,0.024149470031261444,0.5500079393386841,0.5231401920318604
,,,,,,,,,,,,,,,,,,,,,,,,,,0.023921720683574677,0.5278095006942749,0.5036314725875854,0.023921720683574677,0.5278095006942749,0.5036314725875854
,,,,,,,,,,,,,,,,,,,,,,,,,,0.02417018450796604,0.5099173784255981,0.48662522435188293,0.02417018450796604,0.5099173784255981,0.48662522435188293
,,,,,,,,,,,,,,,,,,,,,,,,,,0.02401859313249588,0.4928552508354187,0.47196894884109497,0.02401859313249588,0.4928552508354187,0.47196894884109497
8789940000.0,126.3,7.5,6188634112.0,18.4197699626939,3200.0,0.0689697265625,52445184.0,110386.68672823906,0.0008986542234197259,0.00457763671875,2.071451187133789,-0.020250052213668823,0.6146036982536316,-0.02071451209485531,0.0004644589498639107,0.0,-0.06388981640338898,1.1099228858947754,0.7065090705988164,6.875861644744873,1.7369412183761597,6.811971664428711,2.048780918121338,889.4790778160095,4.200927734375,,,,,,
8789940000.0,105.11,8.5,6391222784.0,2413.756180458872,3201.0,0.0787353515625,52461568.0,110393.47448921204,0.0005767434486187994,0.002197265625,2.1011195182800293,-0.021144650876522064,0.48923856019973755,-0.021011194214224815,-0.0001334547996520996,0.0,0.014293873682618141,0.9902474284172058,0.7657283101709402,6.937163829803467,1.7931663990020752,6.951457500457764,2.0458974838256836,6.787760972976685,4.193657159805298,,,,,,
8789940000.0,120.56,7.900000095367432,6391222784.0,2418.126570184371,3202.0,0.0701904296875,52477952.0,110400.24998235703,0.0007150869350880384,0.0030517578125,2.1084189414978027,-0.02057100646197796,0.4943758547306061,-0.021084187552332878,0.0005131810903549194,0.0,-0.04878774285316467,0.989772379398346,0.7676361303859411,6.886406898498535,1.767321228981018,6.837618827819824,2.0532922744750977,6.775493144989014,4.208692312240601,,,,,,
8789940000.0,123.79,8.699999809265137,6391222784.0,2365.436521399464,3203.0,0.07080078125,52494336.0,110407.17639946938,0.0007344146142713726,0.00213623046875,2.1065919399261475,-0.02101733162999153,0.45044925808906555,-0.02106592059135437,4.8588961362838745e-05,0.0,-0.013256952166557312,0.951191246509552,0.7719468136499865,6.9535346031188965,1.7646989822387695,6.940277576446533,1.9918195009231567,6.926417112350464,4.190324544906616,,,,,,
8789940000.0,130.03,8.0,6391222784.0,2341.35285965619,3204.0,0.064697265625,52510720.0,110414.17406320572,0.0007492286968044937,0.003173828125,2.082904100418091,-0.02021278440952301,0.539616048336029,-0.020829040557146072,0.0006162575446069241,0.0,-0.03527899831533432,1.038825511932373,0.7555820935704737,7.031012058258057,1.820464849472046,6.995733261108398,2.1012423038482666,6.997663736343384,4.200648784637451,,,,,,
8789940000.0,114.7,8.5,6391222784.0,2385.3853607244214,3205.0,0.0799560546875,52527104.0,110421.04255509377,0.0008059284882619977,0.00384521484375,2.084425687789917,-0.02046848274767399,0.5223894119262695,-0.02084425464272499,0.00037577562034130096,0.0,0.009247370064258575,1.0232242345809937,0.751147108664869,6.969820976257324,1.7665575742721558,6.979067802429199,2.051159381866455,6.868491888046265,4.203603744506836,,,,,,
8789940000.0,110.81,7.400000095367432,6391222784.0,2407.3302761780947,3206.0,0.0579833984375,52543488.0,110427.84843468666,0.0005334882880561054,0.0018310546875,2.122692108154297,-0.021716665476560593,0.5227287411689758,-0.021226923912763596,-0.0004897434264421463,0.0,-0.11615611612796783,1.0192731618881226,0.7452390125580723,6.664512634277344,1.7103893756866455,6.548357009887695,2.0194084644317627,6.805879592895508,4.188385725021362,,,,,,
8789940000.0,120.88,8.100000381469727,6391222784.0,2405.495939749569,3207.0,0.067138671875,52559872.0,110434.65950417519,0.0007638087263330817,0.00323486328125,2.1083569526672363,-0.020565254613757133,0.5087625980377197,-0.021083567291498184,0.0005183136090636253,0.0,-0.02523297630250454,1.006450891494751,0.7721821871071475,6.681136131286621,1.8109540939331055,6.655902862548828,2.10862135887146,6.811069488525391,4.2055535316467285,,,,,,
8789940000.0,110.99,8.699999809265137,6391222784.0,2357.538485204807,3208.0,0.0653076171875,52576256.0,110441.60912561417,0.0005692846607416868,0.001953125,2.110050678253174,-0.02056356519460678,0.43426448106765747,-0.02110050432384014,0.0005369437858462334,0.0,0.03504667431116104,0.9320651888847351,0.787194720358375,6.523303031921387,1.7944159507751465,6.558350563049316,2.0204849243164062,6.9496214389801025,4.192461252212524,,,,,,
8789940000.0,149.39,8.5,6391222784.0,2417.4167030905987,3209.0,0.06103515625,52592640.0,110448.3866083622,0.000494674313813448,0.0006103515625,2.1205739974975586,-0.021389443427324295,0.4438472092151642,-0.021205738186836243,-0.00018370896577835083,0.0,0.03103094920516014,0.9411197304725647,0.7729900582469166,6.483109951019287,1.7716891765594482,6.514141082763672,1.9752522706985474,6.777482748031616,4.195418834686279,,,,,,
8789940000.0,141.47,8.199999809265137,6391222784.0,2366.732821210055,3210.0,0.06103515625,52609024.0,110455.30923175812,0.0009794618235900998,0.00384521484375,2.120274782180786,-0.021196475252509117,0.4657847285270691,-0.021202746778726578,6.272457540035248e-06,0.0,-0.027343356981873512,0.9675058126449585,0.7711266847083591,6.6363725662231445,1.8071887493133545,6.6090288162231445,2.022348165512085,6.9226233959198,4.199599027633667,,,,,,
8789940000.0,119.98,8.699999809265137,6391222784.0,2384.002635466986,3211.0,0.0616455078125,52625408.0,110462.1817073822,0.0006820489652454853,0.00244140625,2.0543575286865234,-0.020357290282845497,0.4237744212150574,-0.020543573424220085,0.0001862852368503809,0.0,0.05114016681909561,0.918868362903595,0.773797710101993,6.715051651000977,1.72809898853302,6.7661919593811035,1.9319891929626465,6.872475624084473,4.196117877960205,,,,,,
8789940000.0,142.12,8.100000381469727,6391222784.0,2399.189685528496,3212.0,0.0775146484375,52641792.0,110469.01067972183,0.001548925880342722,0.009765625,2.0260791778564453,-0.02043088525533676,0.594857931137085,-0.02026078850030899,-0.00017009815201163292,0.0,0.011367090977728367,1.0927025079727173,0.7341827980623652,6.8653974533081055,1.8511399030685425,6.876764297485352,2.11938738822937,6.828972339630127,4.189655303955078,,,,,,
8789940000.0,103.24,8.399999618530273,6391222784.0,2449.666203203783,3213.0,0.0750732421875,52658176.0,110475.69893789291,0.0007500665378756821,0.0020751953125,2.032953977584839,-0.020389225333929062,0.5651959776878357,-0.020329542458057404,-5.9684738516807556e-05,0.0,-0.0218320544809103,1.0626394748687744,0.7355068643804981,6.737309455871582,1.7856874465942383,6.71547794342041,2.066230297088623,6.688258171081543,4.199955463409424,,,,,,
8789940000.0,116.89,8.5,6391222784.0,2410.841316563732,3214.0,0.06591796875,52674560.0,110482.49490571022,0.0007501672371290624,0.002685546875,2.046874523162842,-0.020602064207196236,0.4765978157520294,-0.02046874538064003,-0.00013331882655620575,0.0,0.042367398738861084,0.9769300818443298,0.7537968598364326,6.607006072998047,1.7387334108352661,6.649374008178711,1.9688689708709717,6.7959678173065186,4.1970908641815186,,,,,,
8789940000.0,117.96,8.300000190734863,6391222784.0,2373.370112653395,3215.0,0.064697265625,52690944.0,110489.39816951752,0.0011036756914108992,0.006103515625,2.0465030670166016,-0.020149393007159233,0.4545380771160126,-0.020465031266212463,0.0003156391903758049,0.0,-0.0008417391218245029,0.9507510662078857,0.7784677417055867,6.584887504577637,1.745265245437622,6.584046363830566,2.019986391067505,6.903263807296753,4.199662685394287,,,,,,
8789940000.0,139.7,8.300000190734863,6391222784.0,2381.055274131297,3216.0,0.072021484375,52707328.0,110496.27915215492,0.0012930243974551558,0.007568359375,2.0296919345855713,-0.020008830353617668,0.5283327698707581,-0.020296918228268623,0.0002880869433283806,0.0,0.007121883798390627,1.0242432355880737,0.7519608915102081,6.596650123596191,1.773455023765564,6.603772163391113,2.056567907333374,6.8809826374053955,4.18752908706665,,,,,,
8789940000.0,103.7,8.399999618530273,6391222784.0,2408.2259603198295,3217.0,0.0689697265625,52723712.0,110503.08250045776,0.0010455893352627754,0.0057373046875,2.032381534576416,-0.02003026194870472,0.5310488939285278,-0.02032381296157837,0.00029355473816394806,0.0,0.0030153347179293633,1.0266070365905762,0.7536278190405611,6.58858060836792,1.8238593339920044,6.5915961265563965,2.0682766437530518,6.8033483028411865,4.194504737854004,,,,,,
8789940000.0,126.66,8.5,6391222784.0,2425.366617531913,3218.0,0.0701904296875,52740096.0,110509.83776783943,0.0007459166226908565,0.004150390625,2.0099546909332275,-0.019836317747831345,0.44490790367126465,-0.020099546760320663,0.00026322901248931885,0.0,0.05218043178319931,0.9401172995567322,0.7810825524545522,6.812987804412842,1.801729679107666,6.86516809463501,2.0092854499816895,6.755267381668091,4.1999711990356445,,,,,,
8789940000.0,93.84,8.399999618530273,6391222784.0,2413.259286913675,3219.0,0.0732421875,52756480.0,110516.62692642212,0.000493754749186337,0.00152587890625,1.965138554573059,-0.019502747803926468,0.5710998773574829,-0.01965138502418995,0.00014863815158605576,0.0,0.025470895692706108,1.0650312900543213,0.7171034646789387,6.859217166900635,1.752794861793518,6.884688377380371,2.002389430999756,6.789158582687378,4.19416618347168,,,,,,
8789940000.0,121.47,8.300000190734863,6391222784.0,2422.2670617003564,3220.0,0.0799560546875,52772864.0,110523.39083790779,0.0012466353364288807,0.0076904296875,1.957776427268982,-0.01888284459710121,0.5856276154518127,-0.019577762112021446,0.0006949175149202347,0.0,0.009954355657100677,1.0767842531204224,0.7246380586126794,6.884701251983643,1.7585631608963013,6.894655704498291,2.051997423171997,6.763911485671997,4.204625368118286,,,,,,
8789940000.0,86.9,9.0,6391222784.0,2424.8211243612786,3221.0,0.08544921875,52789248.0,110530.14762496948,0.0012752284528687596,0.007080078125,1.9843320846557617,-0.018954887986183167,0.5040334463119507,-0.019843321293592453,0.0008884314447641373,0.0,0.07768765091896057,1.001521348953247,0.7689358398672311,6.994564533233643,1.818587064743042,7.07225227355957,2.083500862121582,6.756787061691284,4.189891576766968,,,,,,
8789940000.0,109.78,8.100000381469727,6391222784.0,2426.450201179394,3222.0,0.069580078125,52805632.0,110536.89987564087,0.0006562602357007563,0.00244140625,1.9981529712677002,-0.0200802031904459,0.5040497779846191,-0.01998153142631054,-9.867106564342976e-05,0.0,-0.038232821971178055,1.0030182600021362,0.7572747945498914,6.880138397216797,1.7613091468811035,6.84190559387207,2.0358760356903076,6.752250671386719,4.205936431884766,,,,,,
8789940000.0,113.21,8.100000381469727,6391222784.0,2406.137403536685,3223.0,0.0665283203125,52822016.0,110543.7091293335,0.00114770932123065,0.0057373046875,2.042769193649292,-0.01996604911983013,0.5389394760131836,-0.02042769081890583,0.0004616435617208481,0.0,-0.03619414567947388,1.0374587774276733,0.7465682999675993,6.835002899169922,1.779278039932251,6.798808574676514,2.060821294784546,6.809253692626953,4.197057247161865,,,,,,
8789940000.0,124.12,8.0,6391222784.0,2430.2988118287562,3224.0,0.068359375,52838400.0,110550.45068717003,0.0008381677325814962,0.0029296875,2.0490124225616455,-0.020755881443619728,0.5529701709747314,-0.020490122959017754,-0.00026576220989227295,0.0,-0.044907569885253906,1.0522814989089966,0.7353523872649474,6.792252540588379,1.739876389503479,6.747344970703125,2.045491933822632,6.741557836532593,4.1822803020477295,,,,,,
8789940000.0,141.38,8.199999809265137,6391222784.0,2376.7828033889336,3225.0,0.0689697265625,52854784.0,110557.34403896332,0.0016336764674633741,0.0130615234375,2.050968647003174,-0.02049889788031578,0.47390252351760864,-0.020509684458374977,1.0784715414047241e-05,0.0,-0.004848864395171404,0.9730072021484375,0.7573101341146509,6.884599685668945,1.753509283065796,6.8797502517700195,1.975103735923767,6.893351793289185,4.2023234367370605,,,,,,
8789940000.0,102.07,8.199999809265137,6391222784.0,2386.373009610156,3226.0,0.06103515625,52871168.0,110564.20968818665,0.0007926320540718734,0.004150390625,2.0554614067077637,-0.01993837207555771,0.45175907015800476,-0.020554613322019577,0.0006162449717521667,0.0,-0.030558794736862183,0.9478234648704529,0.7538053437524455,6.7645063400268555,1.6694719791412354,6.73394775390625,1.9102427959442139,6.865649223327637,4.194876670837402,,,,,,
8789940000.0,136.86,8.100000381469727,6391222784.0,2399.91335995353,3227.0,0.05615234375,52887552.0,110571.03660130501,0.001448021037504077,0.0096435546875,2.0778980255126953,-0.020286498591303825,0.4293842911720276,-0.020778978243470192,0.0004924777895212173,0.0,-0.030238870531320572,0.9300304651260376,0.7612138337018401,6.6177167892456055,1.6574679613113403,6.5874786376953125,1.903237223625183,6.826913118362427,4.195358037948608,,,,,,
8789940000.0,168.44,7.699999809265137,6391222784.0,2390.1568728385123,3228.0,0.0421142578125,52903936.0,110577.89138150215,0.0006994350114837289,0.0032958984375,2.123034715652466,-0.021053316071629524,0.38544097542762756,-0.02123035117983818,0.00017703045159578323,0.0,-0.05109993368387222,0.8766582012176514,0.7619976584758046,6.34126615524292,1.5298694372177124,6.290165901184082,1.79696524143219,6.854780197143555,4.198558330535889,,,,,,
8789940000.0,199.54,7.599999904632568,6391222784.0,2413.8344373759396,3229.0,0.0433349609375,52920320.0,110584.67892241478,0.0017370865680277348,0.013427734375,2.107442617416382,-0.020834092050790787,0.5076976418495178,-0.021074429154396057,0.00024033710360527039,0.0,-0.04311560094356537,1.0055915117263794,0.6920832282356877,6.453733444213867,1.5432050228118896,6.410618782043457,1.8121953010559082,6.787540912628174,4.208338975906372,,,,,,
8789940000.0,164.26,7.900000095367432,6391222784.0,2404.038421248391,3230.0,0.050048828125,52936704.0,110591.4941213131,0.0009528854861855507,0.00531005859375,2.1028857231140137,-0.02005675807595253,0.44274842739105225,-0.021028857678174973,0.0009721005335450172,0.0,-0.07701004296541214,0.9414612650871277,0.7509260620987214,6.368077278137207,1.611370325088501,6.291067123413086,1.8864188194274902,6.81519889831543,4.192601203918457,,,,,,
8789940000.0,155.31,7.0,6391222784.0,2400.371149945817,3231.0,0.0457763671875,52953088.0,110598.3197324276,0.0016708731418475509,0.0115966796875,2.102138042449951,-0.020679108798503876,0.505456805229187,-0.02102138102054596,0.00034227268770337105,0.0,-0.09914156049489975,1.002978801727295,0.7285653118267653,6.175864219665527,1.5936546325683594,6.076722145080566,1.9251246452331543,6.825611114501953,4.2069196701049805,,,,,,
,,,,,,,,,,,,,,,,,,,,,,,,,,0.019497424364089966,0.5277621746063232,0.4907989203929901,0.019497424364089966,0.5277621746063232,0.4907989203929901
,,,,,,,,,,,,,,,,,,,,,,,,,,0.018616771325469017,0.4825380742549896,0.46111971139907837,0.018616771325469017,0.4825380742549896,0.46111971139907837
,,,,,,,,,,,,,,,,,,,,,,,,,,0.018519267439842224,0.45903080701828003,0.4398372769355774,0.018519267439842224,0.45903080701828003,0.4398372769355774
,,,,,,,,,,,,,,,,,,,,,,,,,,0.018765592947602272,0.439426064491272,0.42052462697029114,0.018765592947602272,0.439426064491272,0.42052462697029114
,,,,,,,,,,,,,,,,,,,,,,,,,,0.018848450854420662,0.425896018743515,0.40646982192993164,0.018848450854420662,0.425896018743515,0.40646982192993164
,,,,,,,,,,,,,,,,,,,,,,,,,,0.01874304749071598,0.41021737456321716,0.39207807183265686,0.01874304749071598,0.41021737456321716,0.39207807183265686
8789940000.0,176.29,7.800000190734863,6188634112.0,18.43442472359273,3232.0,0.047607421875,52969472.0,111487.09170365334,0.0007049082778394222,0.00201416015625,2.094094753265381,-0.02074955776333809,0.49833986163139343,-0.02094094827771187,0.00019138958305120468,0.0,-0.0753466784954071,0.9958564639091492,0.7225534729345064,6.8180832862854,1.6603052616119385,6.74273681640625,1.8906325101852417,888.7719712257385,4.180682897567749,,,,,,
8789940000.0,110.22,8.399999618530273,6391222784.0,2378.696764563545,3233.0,0.0640869140625,52985856.0,111493.9795088768,0.0009213440353050828,0.003662109375,2.1014389991760254,-0.02120194584131241,0.4577195644378662,-0.021014388650655746,-0.00018755998462438583,0.0,-0.008341400884091854,0.9587923288345337,0.7576196035642896,6.792791366577148,1.7201154232025146,6.784450054168701,1.9474929571151733,6.887805223464966,4.198222875595093,,,,,,
8789940000.0,139.71,7.599999904632568,6391222784.0,2382.4011304149553,3234.0,0.0543212890625,53002240.0,111500.85660433769,0.001228965469636023,0.00836181640625,2.1080260276794434,-0.021266959607601166,0.5621287822723389,-0.02108026295900345,-0.00018669897690415382,0.0,-0.10817961394786835,1.0584748983383179,0.7218379526364034,6.803920745849609,1.697344422340393,6.695740699768066,2.0069267749786377,6.877095460891724,4.188185930252075,,,,,,
8789940000.0,129.9,8.399999618530273,6391222784.0,2383.603235537103,3235.0,0.059814453125,53018624.0,111507.73023152351,0.001305052894167602,0.0081787109375,2.0787529945373535,-0.02023855596780777,0.4700332283973694,-0.02078752964735031,0.0005489732138812542,0.0,0.027679134160280228,0.9638193249702454,0.7415811102668033,6.619348526000977,1.6755744218826294,6.647027015686035,1.8959782123565674,6.873627185821533,4.195757627487183,,,,,,
8789940000.0,137.82,8.399999618530273,6391222784.0,2388.002432083627,3236.0,0.0482177734375,53035008.0,111514.59119606018,0.0011954057263210416,0.00726318359375,2.1265246868133545,-0.020784864202141762,0.3276689648628235,-0.021265245974063873,0.00048037804663181305,0.0,-0.005584262777119875,0.8111199736595154,0.7991640276095187,6.504772186279297,1.5909913778305054,6.49918794631958,1.809941053390503,6.86096453666687,4.184811353683472,,,,,,
8789940000.0,146.45,7.800000190734863,6391222784.0,2376.0293852623718,3237.0,0.0506591796875,53051392.0,111521.486733675,0.0008185469196178019,0.00537109375,2.1146392822265625,-0.02083783596754074,0.3924912214279175,-0.021146396175026894,0.0003085564821958542,0.0,-0.05226762592792511,0.8859851956367493,0.7758133403546481,6.517414093017578,1.611637830734253,6.465147018432617,1.8712069988250732,6.895537614822388,4.188336610794067,,,,,,
8789940000.0,166.88,8.300000190734863,6391222784.0,2426.9245146211133,3238.0,0.0457763671875,53067776.0,111528.23766469955,0.0009195618913508952,0.0054931640625,2.1353914737701416,-0.02128417417407036,0.3734603226184845,-0.021353915333747864,6.974209100008011e-05,0.0,-0.031801968812942505,0.8639198541641235,0.763319812326057,6.3642072677612305,1.5479075908660889,6.332405090332031,1.7757940292358398,6.750931024551392,4.181263446807861,,,,,,
8789940000.0,218.31,6.800000190734863,6391222784.0,2324.9294569012072,3239.0,0.0341796875,53084160.0,111535.28476023674,0.0012526746140792966,0.00457763671875,2.111987590789795,-0.021437648683786392,0.4701630771160126,-0.021119873970746994,-0.00031777191907167435,0.0,-0.10894781351089478,0.9680898189544678,0.6738243731287105,6.10097599029541,1.4253171682357788,5.99202823638916,1.6950792074203491,7.047095537185669,4.204086065292358,,,,,,
8789940000.0,154.77,8.0,6391222784.0,2323.0752509368012,3240.0,0.0469970703125,53100544.0,111542.33748054504,0.0015028201742097735,0.00897216796875,2.111891984939575,-0.02106974460184574,0.38600900769233704,-0.02111891843378544,4.917150363326073e-05,0.0,-0.0070973653346300125,0.8754811882972717,0.7824335632402832,6.0307159423828125,1.6228697299957275,6.023618698120117,1.8769415616989136,7.052720308303833,4.187158107757568,,,,,,
8789940000.0,181.26,7.400000095367432,6391222784.0,2288.6128168489013,3241.0,0.0421142578125,53116928.0,111549.49640226364,0.001358530716970563,0.00970458984375,2.1290950775146484,-0.02134258858859539,0.478718638420105,-0.021290946751832962,-5.1641371101140976e-05,0.0,-0.042751558125019073,0.9797471761703491,0.7214411888796817,5.991391181945801,1.6360256671905518,5.948638916015625,1.8563308715820312,7.158921718597412,4.178824186325073,,,,,,
8789940000.0,199.07,8.0,6391222784.0,2283.176084784356,3242.0,0.0518798828125,53133312.0,111556.67237091064,0.0022267361637204885,0.0206298828125,2.131990909576416,-0.020495427772402763,0.4272001385688782,-0.021319907158613205,0.0008244821801781654,0.0,-0.004628071561455727,0.9244110584259033,0.7756557058146131,6.234671592712402,1.685960292816162,6.230043411254883,1.951675534248352,7.175968647003174,4.181096076965332,,,,,,
8789940000.0,147.5,8.199999809265137,6391222784.0,2321.4992410308523,3243.0,0.057373046875,53149696.0,111563.72987914085,0.002153350505977869,0.01678466796875,2.1334874629974365,-0.021518614143133163,0.45244157314300537,-0.021334875375032425,-0.00018374435603618622,0.0,0.012085851281881332,0.9509952068328857,0.7551745061352055,6.1529998779296875,1.671774983406067,6.165085792541504,1.921985387802124,7.057508230209351,4.182727575302124,,,,,,
8789940000.0,144.92,8.5,6391222784.0,2424.1686350898894,3244.0,0.050048828125,53166080.0,111570.48848485947,0.0021387161687016487,0.021240234375,2.165957450866699,-0.021456077694892883,0.37932252883911133,-0.021659575402736664,0.00020349770784378052,0.0,0.0019237904343754053,0.8725636601448059,0.7642992311722144,5.930399417877197,1.5794485807418823,5.932323455810547,1.7972849607467651,6.758605718612671,4.183089971542358,,,,,,
8789940000.0,177.76,7.5,6391222784.0,2387.8480934823237,3245.0,0.040283203125,53182464.0,111577.34989285469,0.002554885810241103,0.0234375,2.112013578414917,-0.020979169756174088,0.39947831630706787,-0.021120134741067886,0.0001409661490470171,0.0,-0.04331590607762337,0.8927857279777527,0.7785577480062926,6.005824565887451,1.6230261325836182,5.962508678436279,1.8972175121307373,6.861407995223999,4.188569068908691,,,,,,
8789940000.0,138.61,8.300000190734863,6391222784.0,2366.457344574275,3246.0,0.042724609375,53198848.0,111584.27332210541,0.002557577798143029,0.02001953125,2.138991594314575,-0.021213646978139877,0.36625057458877563,-0.02138991467654705,0.00017627142369747162,0.0,0.007005041465163231,0.8566077351570129,0.7888320100549802,5.887249946594238,1.657728672027588,5.8942551612854,1.8640944957733154,6.923429250717163,4.197272300720215,,,,,,
8789940000.0,191.56,7.5,6391222784.0,2323.0842036204217,3247.0,0.0494384765625,53215232.0,111591.326015234,0.0014932389603927732,0.00970458984375,2.1292083263397217,-0.02067931368947029,0.5256075859069824,-0.021292079240083694,0.0006127648521214724,0.0,-0.04100281745195389,1.0269756317138672,0.7553496031286572,6.021811485290527,1.7985528707504272,5.980809211730957,2.076286554336548,7.052693128585815,4.204985618591309,,,,,,
8789940000.0,150.71,8.0,6391222784.0,2347.561550461428,3248.0,0.0555419921875,53231616.0,111598.30517196655,0.0007197102531790733,0.0015869140625,2.148151159286499,-0.02107982151210308,0.46984192728996277,-0.021481510251760483,0.00040168873965740204,0.0,-0.005632773041725159,0.9673026204109192,0.7801245627501593,6.05191707611084,1.8349376916885376,6.046284198760986,2.062879800796509,6.979156732559204,4.180703163146973,,,,,,
8789940000.0,173.91,8.300000190734863,6391222784.0,2380.0374822738327,3249.0,0.0567626953125,53248000.0,111605.18909716606,0.0024103729519993067,0.0213623046875,2.087531566619873,-0.02007082849740982,0.4916378855705261,-0.020875316113233566,0.0008044881979003549,0.0,0.08270140737295151,0.9897803664207458,0.7528082680268204,6.100722312927246,1.7509958744049072,6.18342399597168,1.9907746315002441,6.883925199508667,4.189310550689697,,,,,,
8789940000.0,113.93,8.899999618530273,6391222784.0,2392.931825055155,3250.0,0.0628662109375,53264384.0,111612.03592824936,0.00127900461666286,0.00689697265625,2.150460720062256,-0.020744837820529938,0.36480996012687683,-0.021504605188965797,0.0007597692310810089,0.0,0.04248736426234245,0.8551193475723267,0.8272847038778122,6.275414943695068,1.862912893295288,6.317902088165283,2.0576012134552,6.8468310832977295,4.179257869720459,,,,,,
8789940000.0,154.16,7.900000095367432,6391222784.0,2281.293639318488,3251.0,0.0518798828125,53280768.0,111619.2178182602,0.001142975059337914,0.00787353515625,2.1673336029052734,-0.021488582715392113,0.4341743588447571,-0.021673334762454033,0.00018475204706192017,0.0,-0.029036076739430428,0.9313442707061768,0.7767807578872583,6.164981842041016,1.7337325811386108,6.135945796966553,1.9712624549865723,7.18189001083374,4.1943678855896,,,,,,
8789940000.0,137.63,7.099999904632568,6391222784.0,2397.1232883870457,3252.0,0.0537109375,53297152.0,111626.05267739296,0.0009026527404785156,0.00384521484375,2.138554573059082,-0.021436970680952072,0.5784411430358887,-0.021385544911026955,-5.1427632570266724e-05,0.0,-0.08155449479818344,1.0783525705337524,0.7249932753364637,6.2717413902282715,1.7834815979003906,6.190186977386475,2.0563125610351562,6.834859132766724,4.172694683074951,,,,,,
8789940000.0,197.55,7.199999809265137,6391222784.0,2350.4452570051208,3253.0,0.0628662109375,53313536.0,111633.02327156067,0.0011915788054466248,0.00830078125,2.1271584033966064,-0.020843779668211937,0.6319915652275085,-0.021271584555506706,0.00042780523654073477,0.0,-0.0239765252918005,1.1208590269088745,0.7283205116601812,6.195797920227051,1.8594443798065186,6.171820640563965,2.1504151821136475,6.970594167709351,4.1931445598602295,,,,,,
8789940000.0,107.23,8.300000190734863,6391222784.0,2361.8751925052925,3254.0,0.0592041015625,53329920.0,111639.96013259888,0.0012236053589731455,0.00897216796875,2.143437147140503,-0.021410036832094193,0.44896894693374634,-0.021434370428323746,2.4333596229553223e-05,0.0,0.037752650678157806,0.9479057192802429,0.8001830773193471,6.148695468902588,1.8885035514831543,6.186448097229004,2.1205525398254395,6.936861038208008,4.1794867515563965,,,,,,
8789940000.0,127.13,8.300000190734863,6391222784.0,2349.504548421753,3255.0,0.059814453125,53346304.0,111646.93351769447,0.0019015908474102616,0.0172119140625,2.153042793273926,-0.02108616754412651,0.4552077054977417,-0.021530425176024437,0.00044425996020436287,0.0,0.05075712129473686,0.9539187550544739,0.7836642455324794,6.264427661895752,1.8299626111984253,6.315184593200684,2.050912380218506,6.9733850955963135,4.184516429901123,,,,,,
8789940000.0,136.33,8.600000381469727,6391222784.0,2390.3496736010406,3256.0,0.062255859375,53362688.0,111653.78774499893,0.0011771912686526775,0.00787353515625,2.137982130050659,-0.021386777982115746,0.49045565724372864,-0.02137981727719307,-6.959773600101471e-06,0.0,0.01473218947649002,0.9897196292877197,0.7807516295795888,6.330419063568115,1.8737637996673584,6.345150947570801,2.113703489303589,6.854227304458618,4.180494070053101,,,,,,
8789940000.0,136.63,8.0,6391222784.0,2357.323365722192,3257.0,0.0567626953125,53379072.0,111660.73800063133,0.0016328685451298952,0.0133056640625,2.17081880569458,-0.021033432334661484,0.490082323551178,-0.021708186715841293,0.0006747543811798096,0.0,-0.041498422622680664,0.9920560717582703,0.7658829350599254,6.407992362976074,1.8019278049468994,6.3664937019348145,2.0503108501434326,6.950255632400513,4.198813438415527,,,,,,
8789940000.0,139.74,7.5,6391222784.0,2378.8641687294953,3258.0,0.052490234375,53395456.0,111667.62532114983,0.0027029048651456833,0.025390625,2.1633355617523193,-0.0215306393802166,0.5040768980979919,-0.02163335680961609,0.00010272301733493805,0.0,-0.0869470089673996,1.0058050155639648,0.7239088018783315,6.13718843460083,1.6682671308517456,6.050241470336914,1.9142005443572998,6.887320518493652,4.2024149894714355,,,,,,
8789940000.0,143.98,8.600000381469727,6391222784.0,2357.343015985391,3259.0,0.0567626953125,53411840.0,111674.57551884651,0.0011877008946612477,0.006591796875,2.1304523944854736,-0.02044244483113289,0.40939173102378845,-0.021304523572325706,0.0008620710577815771,0.0,0.078639917075634,0.8968803286552429,0.7834659594309621,6.0576934814453125,1.7118881940841675,6.136333465576172,1.927398920059204,6.950197696685791,4.18364953994751,,,,,,
8789940000.0,175.5,7.599999904632568,6391222784.0,2380.1637724469906,3260.0,0.0518798828125,53428224.0,111681.45907878876,0.0009059184812940657,0.00421142578125,2.130401611328125,-0.02097356505692005,0.49859797954559326,-0.021304016932845116,0.00033045001327991486,0.0,-0.0039212945848703384,0.9969162344932556,0.728332058721225,6.09406042098999,1.6088947057724,6.090139389038086,1.9126675128936768,6.883559942245483,4.206342458724976,,,,,,
8789940000.0,121.63,8.100000381469727,6391222784.0,2378.0947819178427,3261.0,0.0677490234375,53444608.0,111688.34862756729,0.0008112417999655008,0.00439453125,2.0997345447540283,-0.02096477337181568,0.5784581899642944,-0.020997341722249985,3.256648778915405e-05,0.0,-0.018178656697273254,1.0756183862686157,0.7558327657368316,6.365346908569336,1.8794450759887695,6.34716796875,2.1767802238464355,6.8895487785339355,4.184306621551514,,,,,,
8789940000.0,106.66,8.300000190734863,6391222784.0,2354.8198713906295,3262.0,0.0732421875,53460992.0,111695.3062722683,0.0016176162753254175,0.010986328125,2.084378242492676,-0.020657189190387726,0.6006250381469727,-0.020843785256147385,0.00018659047782421112,0.0,-0.005858199205249548,1.089329719543457,0.745933056665236,6.492911338806152,1.8819979429244995,6.487052917480469,2.161151647567749,6.957644701004028,4.197974920272827,,,,,,
8789940000.0,104.33,7.699999809265137,6391222784.0,2347.145565973617,3263.0,0.05859375,53477376.0,111702.28666591644,0.0016350906807929277,0.01123046875,2.1052136421203613,-0.02086150273680687,0.5948762893676758,-0.021052135154604912,0.0001906333491206169,0.0,-0.07773985713720322,1.0860071182250977,0.7332364122014364,6.310060501098633,1.816437005996704,6.2323198318481445,2.1026599407196045,6.980393648147583,4.197334051132202,,,,,,
,,,,,,,,,,,,,,,,,,,,,,,,,,0.020122060552239418,0.49794790148735046,0.4697767198085785,0.020122060552239418,0.49794790148735046,0.4697767198085785
,,,,,,,,,,,,,,,,,,,,,,,,,,0.01829979196190834,0.4531756043434143,0.43508365750312805,0.01829979196190834,0.4531756043434143,0.43508365750312805
,,,,,,,,,,,,,,,,,,,,,,,,,,0.017732448875904083,0.4318564832210541,0.41401273012161255,0.017732448875904083,0.4318564832210541,0.41401273012161255
,,,,,,,,,,,,,,,,,,,,,,,,,,0.01776382140815258,0.4127836227416992,0.39673614501953125,0.01776382140815258,0.4127836227416992,0.39673614501953125
,,,,,,,,,,,,,,,,,,,,,,,,,,0.017492864280939102,0.39844462275505066,0.38233742117881775,0.017492864280939102,0.39844462275505066,0.38233742117881775
,,,,,,,,,,,,,,,,,,,,,,,,,,0.017438704147934914,0.3844711184501648,0.36920908093452454,0.017438704147934914,0.3844711184501648,0.36920908093452454
8789940000.0,145.7,7.300000190734863,6188634112.0,18.445940311600644,3264.0,0.054931640625,53493760.0,112590.50378704071,0.0007631144253537059,0.00439453125,2.128108024597168,-0.02112625725567341,0.5642091631889343,-0.021281082183122635,0.0001548207364976406,0.0,-0.09088196605443954,1.0604314804077148,0.7381823084826817,6.384910583496094,1.8010828495025635,6.294029235839844,2.072446823120117,888.2171211242676,4.192444801330566,,,,,,
8789940000.0,155.34,7.900000095367432,6391222784.0,2390.6783962016034,3265.0,0.0537109375,53510144.0,112597.35707187653,0.0009530587121844292,0.00439453125,2.118373394012451,-0.021088235080242157,0.46636083722114563,-0.021183734759688377,9.550107643008232e-05,0.0,0.023764537647366524,0.9648879766464233,0.7552706544133216,6.2665696144104,1.6752665042877197,6.290334224700928,1.9504454135894775,6.85328483581543,4.185370683670044,,,,,,
8789940000.0,156.84,8.300000190734863,6391222784.0,2353.2189635553054,3266.0,0.06103515625,53526528.0,112604.31944990158,0.0012590368278324604,0.00714111328125,2.0697455406188965,-0.020868144929409027,0.5028687715530396,-0.0206974558532238,-0.00017068907618522644,0.0,0.04665365442633629,1.0068166255950928,0.7332638319871507,6.347823143005371,1.7198010683059692,6.394476890563965,1.949438452720642,6.962378025054932,4.17356538772583,,,,,,
8789940000.0,102.14,8.5,6391222784.0,2351.5265631962006,3267.0,0.07568359375,53542912.0,112611.28683876991,0.0007310229702852666,0.00146484375,2.0106773376464844,-0.020543817430734634,0.5678253173828125,-0.02010677196085453,-0.00043704453855752945,0.0,0.018080847337841988,1.0668061971664429,0.7681350070451273,6.593752861022949,1.938712477684021,6.611833572387695,2.2154810428619385,6.967388868331909,4.188653469085693,,,,,,
8789940000.0,116.53,8.600000381469727,6391222784.0,2412.0132066450487,3268.0,0.0732421875,53559296.0,112618.07950472832,0.0010656368685886264,0.004150390625,2.0058300495147705,-0.01995895616710186,0.4789649248123169,-0.020058298483490944,9.934231638908386e-05,0.0,0.02775820717215538,0.9829934239387512,0.7697357786808,6.568581581115723,1.8007749319076538,6.596339702606201,2.048506021499634,6.792665958404541,4.182568073272705,,,,,,
8789940000.0,136.06,7.5,6391222784.0,2402.261244753447,3269.0,0.0555419921875,53575680.0,112624.89974546432,0.0006878891726955771,0.00286865234375,2.001129150390625,-0.019721006974577904,0.6106787919998169,-0.020011289045214653,0.00029027555137872696,0.0,-0.02527821809053421,1.1059502363204956,0.6958853197089576,6.438146591186523,1.7417216300964355,6.412868499755859,2.0054731369018555,6.82024073600769,4.1969828605651855,,,,,,
8789940000.0,125.31,7.800000190734863,6391222784.0,2420.2237271567196,3270.0,0.0634765625,53592064.0,112631.6693675518,0.0004233117797411978,0.0010986328125,2.0108447074890137,-0.01971093937754631,0.5954479575157166,-0.020108448341488838,0.00039750803261995316,0.0,-0.043764714151620865,1.0889508724212646,0.7263217119205836,6.394273281097412,1.78937828540802,6.350508689880371,2.081556558609009,6.769622087478638,4.180665731430054,,,,,,
8789940000.0,112.47,8.100000381469727,6391222784.0,2393.055070633968,3271.0,0.0604248046875,53608448.0,112638.51584601402,0.0013600714737549424,0.0069580078125,2.0273618698120117,-0.0208151675760746,0.5038573145866394,-0.020273618400096893,-0.0005415491759777069,0.0,-0.022428739815950394,1.0014326572418213,0.7501535722318807,6.23698091506958,1.7506046295166016,6.21455192565918,2.0034804344177246,6.846478462219238,4.1962339878082275,,,,,,
8789940000.0,103.68,7.5,6391222784.0,2314.368882628879,3272.0,0.0616455078125,53624832.0,112645.59509778023,0.0008076764643192291,0.004150390625,2.007265090942383,-0.020029470324516296,0.5342898964881897,-0.02007265016436577,4.31770458817482e-05,0.0,-0.04404819384217262,1.0350933074951172,0.7616977060164247,6.175625801086426,1.813819408416748,6.131577491760254,2.120387554168701,7.079251766204834,4.1959991455078125,,,,,,
8789940000.0,131.64,7.800000190734863,6391222784.0,2381.4962410228395,3273.0,0.074462890625,53641216.0,112652.47480630875,0.000726471480447799,0.0020751953125,1.9887313842773438,-0.020436614751815796,0.7388231754302979,-0.01988731324672699,-0.000549298245459795,0.0,-0.009589116089046001,1.2148778438568115,0.701209974457623,6.312384605407715,1.879900574684143,6.30279541015625,2.2225396633148193,6.879708528518677,4.193951845169067,,,,,,
8789940000.0,108.55,8.0,6391222784.0,2378.5922827107215,3274.0,0.081787109375,53657600.0,112659.36291408539,0.001372358063235879,0.01019287109375,1.9825598001480103,-0.019515469670295715,0.7590454816818237,-0.01982559822499752,0.000310130650177598,0.0,0.027836348861455917,1.2322723865509033,0.6954982152463565,6.447817802429199,1.893319845199585,6.475653648376465,2.2331182956695557,6.888107776641846,4.193320035934448,,,,,,
8789940000.0,101.5,8.300000190734863,6391222784.0,2390.183226260634,3275.0,0.0848388671875,53673984.0,112666.21761870384,0.0009453301317989826,0.00555419921875,1.9827158451080322,-0.019330497831106186,0.6283828020095825,-0.019827157258987427,0.0004966575652360916,0.0,0.08781054615974426,1.116015911102295,0.7334681047518857,6.479571342468262,1.8896703720092773,6.567381858825684,2.161701202392578,6.8547046184539795,4.1869728565216064,,,,,,
8789940000.0,105.74,8.100000381469727,6391222784.0,2395.3857079994223,3276.0,0.078125,53690368.0,112673.05743575096,0.0014163847081363201,0.0111083984375,2.0244839191436768,-0.020328722894191742,0.6657735705375671,-0.020244840532541275,-8.388049900531769e-05,0.0,-0.010567719116806984,1.1537340879440308,0.7275312675457408,6.492585182189941,1.914050579071045,6.482017517089844,2.210280656814575,6.839817047119141,4.202727794647217,,,,,,
8789940000.0,110.0,8.399999618530273,6391222784.0,2360.8944922921637,3277.0,0.076904296875,53706752.0,112679.99717831612,0.0014493496855720878,0.009033203125,1.9991750717163086,-0.02058454416692257,0.5810670256614685,-0.01999174989759922,-0.000592794269323349,0.0,0.0751798152923584,1.0735185146331787,0.7391635902078993,6.568201065063477,1.859689712524414,6.643380165100098,2.1019647121429443,6.939742565155029,4.194678544998169,,,,,,
8789940000.0,83.82,8.600000381469727,6391222784.0,2391.450954872016,3278.0,0.086669921875,53723136.0,112686.848249197,0.0011538107646629214,0.0052490234375,2.0260612964630127,-0.020113084465265274,0.5480334758758545,-0.020260613411664963,0.0001475280150771141,0.0,0.040293075144290924,1.0471508502960205,0.7698402808667015,6.651872634887695,1.905660629272461,6.692165851593018,2.1827030181884766,6.851070880889893,4.204139709472656,,,,,,
8789940000.0,93.13,7.900000095367432,6391222784.0,2423.9222039207802,3279.0,0.074462890625,53739520.0,112693.60754203796,0.001011632033623755,0.0059814453125,2.012685537338257,-0.019896268844604492,0.5942168831825256,-0.020126856863498688,0.0002305908128619194,0.0,-0.04605779051780701,1.088990330696106,0.7583519949598965,6.70159387588501,1.9246686697006226,6.655535697937012,2.215299367904663,6.759292840957642,4.196031093597412,,,,,,
8789940000.0,91.72,7.800000190734863,6391222784.0,2425.6588919447922,3280.0,0.0701904296875,53755904.0,112700.3619954586,0.0010105958208441734,0.00506591796875,2.045642852783203,-0.019919482991099358,0.605526328086853,-0.020456429570913315,0.0005369465798139572,0.0,-0.015703365206718445,1.093436598777771,0.7354239577130466,6.574460029602051,1.8270690441131592,6.5587568283081055,2.125781536102295,6.754453420639038,4.179543972015381,,,,,,
8789940000.0,106.8,8.0,6391222784.0,2328.7403528603922,3281.0,0.0665283203125,53772288.0,112707.39755868912,0.0011487272568047047,0.00616455078125,2.022021770477295,-0.020041663199663162,0.5662311315536499,-0.020220214501023293,0.00017855316400527954,0.0,0.01883700117468834,1.0639350414276123,0.7358027068679698,6.532072067260742,1.8066352605819702,6.55090856552124,2.0699074268341064,7.035563230514526,4.253828048706055,,,,,,
8789940000.0,145.34,7.699999809265137,6391222784.0,2414.1985725766594,3282.0,0.074462890625,53788672.0,112714.18407583237,0.0017292631091549993,0.0130615234375,2.082493782043457,-0.020749956369400024,0.540020227432251,-0.020824937149882317,7.498171180486679e-05,0.0,-0.011058911681175232,1.0428699254989624,0.7645127945412995,6.632354736328125,1.8812658786773682,6.62129545211792,2.149049758911133,6.786517143249512,4.209856986999512,,,,,,
8789940000.0,127.45,8.300000190734863,6391222784.0,2385.0254776941847,3283.0,0.06103515625,53805056.0,112721.05360412598,0.0011363738449290395,0.00665283203125,2.1026577949523926,-0.02122863568365574,0.4808694124221802,-0.021026575937867165,-0.00020206044428050518,0.0,0.024554699659347534,0.9781160950660706,0.7508446745433236,6.546991348266602,1.7167656421661377,6.571545600891113,1.9595454931259155,6.869528293609619,4.191296339035034,,,,,,
8789940000.0,104.66,8.699999809265137,6391222784.0,2349.741944806494,3284.0,0.0567626953125,53821440.0,112728.02628469467,0.0018755404744297266,0.0140380859375,2.1483283042907715,-0.021288655698299408,0.34542542695999146,-0.0214832816272974,0.0001946277916431427,0.0,-0.017293905839323997,0.8346620202064514,0.7961110283618344,6.480879783630371,1.6761448383331299,6.463586330413818,1.8484772443771362,6.972680568695068,4.2697913646698,,,,,,
8789940000.0,180.75,7.699999809265137,6391222784.0,2396.1811978681912,3285.0,0.0421142578125,53837824.0,112734.86383104324,0.0011523101711645722,0.00738525390625,2.157863140106201,-0.02149965986609459,0.4103308618068695,-0.021578630432486534,7.896497845649719e-05,0.0,-0.04695523902773857,0.9060742259025574,0.7520617759152368,6.224103927612305,1.5752155780792236,6.177148818969727,1.819666862487793,6.837546348571777,4.200110197067261,,,,,,
8789940000.0,152.39,8.199999809265137,6391222784.0,2404.4442787663666,3286.0,0.05615234375,53854208.0,112741.67787957191,0.0006526436191052198,0.00225830078125,2.124467611312866,-0.020994355902075768,0.4837326407432556,-0.021244674921035767,0.0002503152936697006,0.0,-0.002687483560293913,0.9830470085144043,0.7467075078594052,6.517163276672363,1.7140796184539795,6.5144758224487305,1.9532732963562012,6.814048528671265,4.192569017410278,,,,,,
8789940000.0,123.59,9.0,6391222784.0,2385.861232018543,3287.0,0.07080078125,53870592.0,112748.5450015068,0.0013004030333831906,0.00872802734375,2.1208715438842773,-0.02096722461283207,0.4201153516769409,-0.021208712831139565,0.00024148914963006973,0.0,0.03970998525619507,0.9159044623374939,0.7947218989130089,6.609151840209961,1.8010543584823608,6.648861408233643,2.0215229988098145,6.867121934890747,4.269614934921265,,,,,,
8789940000.0,187.69,7.800000190734863,6391222784.0,2370.3300825668966,3288.0,0.0518798828125,53886976.0,112755.45711898804,0.0008352891891263425,0.00390625,2.1087238788604736,-0.020318660885095596,0.4675939977169037,-0.02108723856508732,0.0007685795426368713,0.0,-0.06118524819612503,0.9637358784675598,0.757113834223948,6.389533042907715,1.7276909351348877,6.328347206115723,1.9554955959320068,6.9121174812316895,4.196780681610107,,,,,,
8789940000.0,125.61,8.399999618530273,6391222784.0,2318.7332580076704,3289.0,0.0518798828125,53903360.0,112762.5230460167,0.0014265442732721567,0.01116943359375,2.091094493865967,-0.020150201395154,0.3749158978462219,-0.020910942927002907,0.0007607452571392059,0.0,0.003785019041970372,0.863848090171814,0.8011912251898337,6.187692642211914,1.7140027284622192,6.1914777755737305,1.937402367591858,7.065927028656006,4.339801073074341,,,,,,
8789940000.0,178.58,8.0,6391222784.0,2365.3473674674283,3290.0,0.047607421875,53919744.0,112769.44972419739,0.0019167219288647175,0.015625,2.0724539756774902,-0.0211661197245121,0.4645136594772339,-0.020724540576338768,-0.0004415828734636307,0.0,-0.0043711550533771515,0.9655523300170898,0.7462919280360834,6.121238708496094,1.684280276298523,6.1168670654296875,1.9169400930404663,6.92667818069458,4.221494913101196,,,,,,
8789940000.0,134.33,8.199999809265137,6391222784.0,2391.65545114876,3291.0,0.062255859375,53936128.0,112776.30020928383,0.0010433519491925836,0.0062255859375,2.0078160762786865,-0.019652772694826126,0.4891982078552246,-0.020078159868717194,0.00042539089918136597,0.0,0.060870736837387085,0.9874858856201172,0.7806319024256965,6.439845561981201,1.8460065126419067,6.500716686248779,2.1083569526672363,6.85048508644104,4.187728404998779,,,,,,
8789940000.0,97.51,8.5,6391222784.0,2358.1246018918673,3292.0,0.0738525390625,53952512.0,112783.2481033802,0.0011869417503476143,0.00811767578125,2.0189483165740967,-0.02030237764120102,0.5652728080749512,-0.02018948458135128,-0.0001128949224948883,0.0,0.004375823307782412,1.0621837377548218,0.7598281814173804,6.6445112228393555,1.9042121171951294,6.648887634277344,2.167398452758789,6.947894096374512,4.192429065704346,,,,,,
8789940000.0,127.9,7.599999904632568,6391222784.0,2341.447952490051,3293.0,0.0634765625,53968896.0,112790.2454829216,0.0014445047127082944,0.0101318359375,2.010911464691162,-0.019576704129576683,0.6314164996147156,-0.020109115168452263,0.000532408244907856,0.0,-0.03770877420902252,1.1221271753311157,0.7233572332450249,6.510794639587402,1.8097401857376099,6.473085880279541,2.1334495544433594,6.997379541397095,4.3199217319488525,,,,,,
8789940000.0,117.66,7.599999904632568,6391222784.0,2360.859534487312,3294.0,0.068359375,53985280.0,112797.18532824516,0.001748479437083006,0.01019287109375,2.002143383026123,-0.01959637552499771,0.6311585903167725,-0.020021433010697365,0.00042506027966737747,0.0,0.006996353156864643,1.1230125427246094,0.7381223186003647,6.506531715393066,1.8750444650650024,6.513527870178223,2.1944990158081055,6.939845323562622,4.201298475265503,,,,,,
8789940000.0,123.9,7.699999809265137,6391222784.0,2389.4568494430787,3295.0,0.07080078125,54001664.0,112804.042116642,0.0005627154605463147,0.001953125,2.004964590072632,-0.020016683265566826,0.6904629468917847,-0.020049644634127617,3.2959505915641785e-05,0.0,-0.01223735511302948,1.1754523515701294,0.7037909680510469,6.438265800476074,1.8700611591339111,6.426028251647949,2.1597628593444824,6.856788396835327,4.186666965484619,,,,,,
,,,,,,,,,,,,,,,,,,,,,,,,,,0.017504481598734856,0.5647903680801392,0.5304190516471863,0.017504481598734856,0.5647903680801392,0.5304190516471863
,,,,,,,,,,,,,,,,,,,,,,,,,,0.016847878694534302,0.5185737013816833,0.4980987310409546,0.016847878694534302,0.5185737013816833,0.4980987310409546
,,,,,,,,,,,,,,,,,,,,,,,,,,0.0165457371622324,0.4944964349269867,0.47375932335853577,0.0165457371622324,0.4944964349269867,0.47375932335853577
,,,,,,,,,,,,,,,,,,,,,,,,,,0.016272740438580513,0.47422629594802856,0.4565959870815277,0.016272740438580513,0.47422629594802856,0.4565959870815277
,,,,,,,,,,,,,,,,,,,,,,,,,,0.017002243548631668,0.4579128921031952,0.4408905506134033,0.017002243548631668,0.4579128921031952,0.4408905506134033
,,,,,,,,,,,,,,,,,,,,,,,,,,0.016624128445982933,0.4399578869342804,0.4260892868041992,0.016624128445982933,0.4399578869342804,0.4260892868041992
8789940000.0,102.04,9.0,6188634112.0,18.482163938310304,3296.0,0.098876953125,54018048.0,113690.51840019226,0.0010834158165380359,0.00579833984375,1.9201595783233643,-0.019121451303362846,0.768310546875,-0.019201593473553658,8.014217019081116e-05,0.0,0.1432434618473053,1.2399852275848389,0.6913694889544016,7.18831729888916,2.0521323680877686,7.3315606117248535,2.2320151329040527,886.4762835502625,4.405632972717285,,,,,,
8789940000.0,77.14,8.199999809265137,6391222784.0,2411.7193020925333,3297.0,0.0970458984375,54034432.0,113697.31189393997,0.0011929221218451858,0.0054931640625,1.8729608058929443,-0.01822633109986782,0.9058902263641357,-0.01872960850596428,0.0005032774060964584,0.0,0.005308105144649744,1.3477405309677124,0.6363548054021914,7.1891679763793945,1.956954836845398,7.194476127624512,2.2349491119384766,6.793493747711182,4.198407173156738,,,,,,
8789940000.0,83.82,8.899999618530273,6391222784.0,2356.189381054989,3298.0,0.1019287109375,54050816.0,113704.26549458504,0.00045878044329583645,0.001220703125,1.880541443824768,-0.01823800429701805,0.7020248174667358,-0.01880541443824768,0.0005674082785844803,0.0,0.0699363499879837,1.182831883430481,0.6960907055952001,7.293380260467529,1.8750405311584473,7.363316535949707,2.145610809326172,6.953600645065308,4.196676731109619,,,,,,
8789940000.0,82.51,8.699999809265137,6391222784.0,2389.6779570073077,3299.0,0.11474609375,54067200.0,113711.12164855003,0.0007315821712836623,0.00323486328125,1.8355021476745605,-0.018745150417089462,0.7482022047042847,-0.018355021253228188,-0.00039013009518384933,0.0,0.0743083730340004,1.22312593460083,0.6773688790324092,7.418001174926758,1.8045439720153809,7.492310047149658,2.153367757797241,6.856153964996338,4.179369688034058,,,,,,
8789940000.0,90.2,8.699999809265137,6391222784.0,2422.82251085792,3300.0,0.1129150390625,54083584.0,113717.88400936127,0.0009810393676161766,0.00439453125,1.85395348072052,-0.018818125128746033,0.7875910401344299,-0.018539534881711006,-0.0002785865217447281,0.0,0.04525844007730484,1.243407964706421,0.6384371729630287,7.52561092376709,1.7967838048934937,7.570869445800781,2.0678629875183105,6.7623608112335205,4.186997413635254,,,,,,
8789940000.0,83.24,8.300000190734863,6391222784.0,2419.013106807036,3301.0,0.101318359375,54099968.0,113724.65701937675,0.0015121764736250043,0.01165771484375,1.8401284217834473,-0.018399178981781006,0.7874357104301453,-0.018401283770799637,2.1066516637802124e-06,0.0,-0.013082132674753666,1.2579376697540283,0.666343609485643,7.487168312072754,1.8133673667907715,7.474086284637451,2.1777565479278564,6.773010015487671,4.193162202835083,,,,,,
8789940000.0,73.23,8.199999809265137,6391222784.0,2420.601814943864,3302.0,0.0927734375,54116352.0,113731.42558407784,0.0011244439519941807,0.0078125,1.8738867044448853,-0.017580097541213036,0.7109534740447998,-0.018738865852355957,0.0011587683111429214,0.0,-0.01608550176024437,1.1916742324829102,0.6682016222717707,7.455509185791016,1.677715539932251,7.439423561096191,2.0688087940216064,6.768564701080322,4.170547962188721,,,,,,
8789940000.0,65.48,8.5,6391222784.0,2356.4041320094257,3303.0,0.1019287109375,54132736.0,113738.37855100632,0.003204359905794263,0.022705078125,1.868438720703125,-0.017456362023949623,0.6482999324798584,-0.0186843853443861,0.001228022389113903,0.0,0.004094894975423813,1.1433231830596924,0.7020406935505671,7.440539836883545,1.740490198135376,7.444635391235352,2.094550132751465,6.952966928482056,4.19340443611145,,,,,,
8789940000.0,87.94,8.300000190734863,6391222784.0,2407.5886966353482,3304.0,0.091552734375,54149120.0,113745.18370008469,0.0008255164138972759,0.0035400390625,1.9206727743148804,-0.018981413915753365,0.6286243796348572,-0.019206728786230087,0.00022531300783157349,0.0,-0.0043360041454434395,1.11903977394104,0.7010859671134695,7.341351509094238,1.7699836492538452,7.3370161056518555,2.0467872619628906,6.805149078369141,4.202090263366699,,,,,,
8789940000.0,91.07,8.0,6391222784.0,2431.25270138396,3305.0,0.086669921875,54165504.0,113751.9226129055,0.0010760563891381025,0.00555419921875,1.9135229587554932,-0.01855543814599514,0.6471105217933655,-0.019135231152176857,0.0005797920748591423,0.0,-0.04818915203213692,1.139184594154358,0.7028134078467125,7.190719127655029,1.7376935482025146,7.142529487609863,2.0896780490875244,6.73891282081604,4.183938503265381,,,,,,
8789940000.0,95.41,8.399999618530273,6391222784.0,2426.0568373806523,3306.0,0.0823974609375,54181888.0,113758.675958395,0.0013638889649882913,0.0091552734375,1.9398252964019775,-0.019199002534151077,0.6457165479660034,-0.019398251548409462,0.00019925087690353394,0.0,-0.002085158135741949,1.136143445968628,0.6923531690561885,6.997960090637207,1.7073091268539429,6.995874404907227,2.0483617782592773,6.753345489501953,4.186448574066162,,,,,,
8789940000.0,117.15,8.199999809265137,6391222784.0,2382.1673289780106,3307.0,0.0714111328125,54198272.0,113765.5537288189,0.001355061656795442,0.00714111328125,1.9351519346237183,-0.019542090594768524,0.6269895434379578,-0.019351519644260406,-0.00019057095050811768,0.0,-0.02583811990916729,1.114410161972046,0.6856836211349654,6.989205837249756,1.6769182682037354,6.963367462158203,1.9877492189407349,6.87777042388916,4.194678783416748,,,,,,
8789940000.0,103.9,8.100000381469727,6391222784.0,2396.4414086188995,3308.0,0.079345703125,54214656.0,113772.39053273201,0.0009958504233509302,0.00469970703125,1.9340771436691284,-0.018247775733470917,0.5940612554550171,-0.019340770319104195,0.0010929955169558525,0.0,0.012110695242881775,1.0904282331466675,0.7085173669200534,7.013175964355469,1.7352406978607178,7.025287628173828,2.0197196006774902,6.836803913116455,4.195136785507202,,,,,,
8789940000.0,88.93,8.399999618530273,6391222784.0,2394.711909503176,3309.0,0.07568359375,54231040.0,113779.2322742939,0.0015388051979243755,0.01385498046875,1.951339602470398,-0.018786203116178513,0.5339205265045166,-0.01951339654624462,0.0007271915674209595,0.0,-0.010265892371535301,1.0341030359268188,0.732158152303957,6.950984954833984,1.692883849143982,6.940718650817871,1.998132348060608,6.841741561889648,4.1827170848846436,,,,,,
8789940000.0,76.46,8.399999618530273,6391222784.0,2412.736676050032,3310.0,0.0726318359375,54247424.0,113786.02290344238,0.0010969541035592556,0.00494384765625,1.932812213897705,-0.019094150513410568,0.5569047331809998,-0.019328122958540916,0.00023397523909807205,0.0,0.002240508794784546,1.0532615184783936,0.700923024871815,6.940952301025391,1.636735439300537,6.943192958831787,1.9259501695632935,6.790629148483276,4.179229021072388,,,,,,
8789940000.0,128.87,7.699999809265137,6391222784.0,2403.9954462270366,3311.0,0.0762939453125,54263808.0,113792.83822417259,0.0021907701157033443,0.0169677734375,1.9382247924804688,-0.018992554396390915,0.6277090907096863,-0.01938224583864212,0.0003896933048963547,0.0,-0.06320536136627197,1.1172291040420532,0.7155003490145688,6.958442687988281,1.7419880628585815,6.895237922668457,2.0946013927459717,6.815320730209351,4.202572584152222,,,,,,
8789940000.0,120.02,8.699999809265137,6391222784.0,2410.672003300878,3312.0,0.0665283203125,54280192.0,113799.6346693039,0.0011789507698267698,0.00823974609375,1.9617252349853516,-0.019246820360422134,0.45365995168685913,-0.019617252051830292,0.00037043076008558273,0.0,0.0413178950548172,0.9512298107147217,0.7350018629003405,6.811175346374512,1.6528761386871338,6.852492809295654,1.8478381633758545,6.79644513130188,4.184600591659546,,,,,,
8789940000.0,115.56,7.800000190734863,6391222784.0,2389.500718715966,3313.0,0.0653076171875,54296576.0,113806.49133181572,0.0009901648154482245,0.00506591796875,1.9724969863891602,-0.01927216351032257,0.6421481966972351,-0.019724968820810318,0.00045280507765710354,0.0,-0.03652773052453995,1.1328274011611938,0.6858666809556694,6.855437278747559,1.6693533658981323,6.818909645080566,2.021188259124756,6.8566625118255615,4.196186304092407,,,,,,
8789940000.0,98.82,8.800000190734863,6391222784.0,2447.0245328184383,3314.0,0.074462890625,54312960.0,113813.18681025505,0.001755401724949479,0.01519775390625,1.9927914142608643,-0.018751181662082672,0.42343777418136597,-0.019927915185689926,0.0011767307296395302,0.0,0.030481688678264618,0.9211449027061462,0.7786766603265096,6.957486152648926,1.7359610795974731,6.987967491149902,1.958006739616394,6.695478439331055,4.197543621063232,,,,,,
8789940000.0,100.11,8.800000190734863,6391222784.0,2412.616477074246,3315.0,0.0830078125,54329344.0,113819.9777777195,0.0013413212727755308,0.00848388671875,1.96205735206604,-0.02002313733100891,0.48523128032684326,-0.01962057314813137,-0.00040256697684526443,0.0,0.05802436172962189,0.9873636364936829,0.7636331843259399,7.036271572113037,1.799737572669983,7.094295501708984,2.030877113342285,6.7909674644470215,4.195226430892944,,,,,,
8789940000.0,122.37,7.699999809265137,6391222784.0,2370.0392999791447,3316.0,0.0714111328125,54345728.0,113826.89074325562,0.0011637549614533782,0.007080078125,1.972701907157898,-0.019235150888562202,0.563900351524353,-0.01972701959311962,0.0004918682388961315,0.0,-0.08806391060352325,1.0637177228927612,0.7315056075765416,6.969250679016113,1.728575587272644,6.881186485290527,2.052856206893921,6.912965536117554,4.298635721206665,,,,,,
8789940000.0,104.66,8.199999809265137,6391222784.0,2378.688201481686,3317.0,0.084228515625,54362112.0,113833.77857327461,0.0018291125306859612,0.01348876953125,1.9470183849334717,-0.019162755459547043,0.6169675588607788,-0.019470183178782463,0.00030742958188056946,0.0,-0.023671269416809082,1.1022614240646362,0.7236781578028827,7.107633590698242,1.7551283836364746,7.083962440490723,2.0968971252441406,6.887830018997192,4.197000980377197,,,,,,
8789940000.0,75.43,8.699999809265137,6391222784.0,2435.0710136180755,3318.0,0.091552734375,54378496.0,113840.50691914558,0.0016260367119684815,0.01300048828125,1.9587057828903198,-0.019199347123503685,0.5339075922966003,-0.01958705671131611,0.00038771145045757294,0.0,0.001266332808881998,1.031383991241455,0.7609847866248584,7.092620849609375,1.802560567855835,7.093886852264404,2.1096367835998535,6.72834587097168,4.202526807785034,,,,,,
8789940000.0,103.81,8.100000381469727,6391222784.0,2334.6841695928583,3319.0,0.0701904296875,54394880.0,113847.5245707035,0.0016244398429989815,0.01239013671875,1.9984818696975708,-0.01939864456653595,0.5563954710960388,-0.019984818994998932,0.0005861732643097639,0.0,-0.04652673378586769,1.0527094602584839,0.7339980745222903,6.90925407409668,1.7731060981750488,6.862727642059326,2.041109323501587,7.017651557922363,4.262955665588379,,,,,,
8789940000.0,120.38,8.399999618530273,6391222784.0,2346.817805434072,3320.0,0.069580078125,54411264.0,113854.50593924522,0.0016789570217952132,0.0125732421875,2.0084755420684814,-0.019004538655281067,0.4881340265274048,-0.02008475549519062,0.0010802149772644043,0.0,0.014603910967707634,0.9873082637786865,0.7517666236493228,6.767788410186768,1.71674644947052,6.782392501831055,1.981630563735962,6.981368541717529,4.414621591567993,,,,,,
8789940000.0,124.12,9.0,6391222784.0,2403.125511494228,3321.0,0.072021484375,54427648.0,113861.32372713089,0.002307977993041277,0.0179443359375,2.0382375717163086,-0.019666623324155807,0.37673357129096985,-0.02038237638771534,0.0007157577201724052,0.0,0.09298139810562134,0.8659324049949646,0.7862441558857968,7.031797885894775,1.6831494569778442,7.124779224395752,1.872944712638855,6.8177878856658936,4.202030420303345,,,,,,
8789940000.0,127.48,8.600000381469727,6391222784.0,2333.8467836259297,3322.0,0.076904296875,54444032.0,113868.34389662743,0.0019053701544180512,0.0150146484375,2.0384597778320312,-0.019809706136584282,0.5779294967651367,-0.020384594798088074,0.0005748907569795847,0.0,-0.03947801887989044,1.070951223373413,0.7117751869811662,7.133203506469727,1.6931238174438477,7.093725204467773,1.9948214292526245,7.020169496536255,4.322643518447876,,,,,,
8789940000.0,100.93,8.5,6391222784.0,2380.9158556379302,3323.0,0.0653076171875,54460416.0,113875.22528219223,0.001618166221305728,0.01214599609375,2.0593130588531494,-0.019379358738660812,0.4869590103626251,-0.020593130961060524,0.0012137680314481258,0.0,-0.017608392983675003,0.9872228503227234,0.7442267341883126,6.896294593811035,1.7477120161056519,6.878686904907227,1.952035665512085,6.881385564804077,4.189103841781616,,,,,,
8789940000.0,102.32,8.300000190734863,6391222784.0,2428.596415234342,3324.0,0.069580078125,54476800.0,113881.97156572342,0.001924841315485537,0.0150146484375,2.0576322078704834,-0.01955224573612213,0.4694865345954895,-0.020576320588588715,0.0010240760166198015,0.0,0.01596468687057495,0.9720304012298584,0.7536560108912425,6.7460455894470215,1.7141331434249878,6.762010097503662,1.9584335088729858,6.746283531188965,4.208142042160034,,,,,,
8789940000.0,108.95,8.199999809265137,6391222784.0,2413.9025241737213,3325.0,0.064697265625,54493184.0,113888.75891518593,0.0017535851802676916,0.01531982421875,2.0862503051757812,-0.020132217556238174,0.43652069568634033,-0.020862504839897156,0.000730286817997694,0.0,-0.05125786364078522,0.9328571557998657,0.7701413883133356,6.7280988693237305,1.6877092123031616,6.676840782165527,1.9457389116287231,6.787349462509155,4.200513124465942,,,,,,
8789940000.0,171.04,8.199999809265137,6391222784.0,2390.3977331399064,3326.0,0.0579833984375,54509568.0,113895.61300468445,0.0017611996736377478,0.01239013671875,2.073486804962158,-0.02089829370379448,0.40373867750167847,-0.020734865218400955,-0.00016342941671609879,0.0,-0.0570574514567852,0.9005510210990906,0.7987071920395361,6.667566299438477,1.7509887218475342,6.610508441925049,2.007215976715088,6.8540894985198975,4.3123109340667725,,,,,,
8789940000.0,145.25,7.699999809265137,6391222784.0,2376.6256374909326,3327.0,0.052490234375,54525952.0,113902.50681233406,0.0029376656748354435,0.02288818359375,2.046326160430908,-0.01957283541560173,0.5029937028884888,-0.020463261753320694,0.0008904244750738144,0.0,-0.0696936771273613,0.9935639500617981,0.7279653193914666,6.541081428527832,1.605826497077942,6.4713873863220215,1.9049495458602905,6.893807649612427,4.209968328475952,,,,,,
,,,,,,,,,,,,,,,,,,,,,,,,,,0.028812352567911148,0.622076690196991,0.577346920967102,0.028812352567911148,0.622076690196991,0.577346920967102
,,,,,,,,,,,,,,,,,,,,,,,,,,0.025938719511032104,0.5663309693336487,0.5371704697608948,0.025938719511032104,0.5663309693336487,0.5371704697608948
,,,,,,,,,,,,,,,,,,,,,,,,,,0.02505178563296795,0.5362736582756042,0.5102853775024414,0.02505178563296795,0.5362736582756042,0.5102853775024414
,,,,,,,,,,,,,,,,,,,,,,,,,,0.0240127295255661,0.5128833651542664,0.49048885703086853,0.0240127295255661,0.5128833651542664,0.49048885703086853
,,,,,,,,,,,,,,,,,,,,,,,,,,0.02427016571164131,0.49374619126319885,0.4722835421562195,0.02427016571164131,0.49374619126319885,0.4722835421562195
,,,,,,,,,,,,,,,,,,,,,,,,,,0.02402684837579727,0.4757675230503082,0.4545702040195465,0.02402684837579727,0.4757675230503082,0.4545702040195465
8789940000.0,152.75,8.5,6188634112.0,18.494500597245985,3328.0,0.05615234375,54542336.0,114788.39177656174,0.0008349727722816169,0.0015869140625,2.0835442543029785,-0.021455885842442513,0.42029449343681335,-0.02083544433116913,-0.0006204415112733841,0.0,-0.002471450250595808,0.9164677262306213,0.7332142033414122,6.942129135131836,1.5803195238113403,6.939658164978027,1.7743359804153442,885.8849642276764,4.269764423370361,,,,,,
8789940000.0,103.39,7.900000095367432,6391222784.0,2400.037074289222,3329.0,0.0628662109375,54558720.0,114795.21833777428,0.0006959106540307403,0.00164794921875,2.063911199569702,-0.020237140357494354,0.5299859642982483,-0.02063911035656929,0.00040197279304265976,0.0,-0.09803484380245209,1.026963710784912,0.7350291888571834,6.867007255554199,1.7329983711242676,6.768972396850586,1.9950602054595947,6.826561212539673,4.195366144180298,,,,,,
8789940000.0,141.82,8.0,6391222784.0,2374.142186426789,3330.0,0.057373046875,54575104.0,114802.11935663223,0.0009631286957301199,0.004150390625,2.0502941608428955,-0.020148437470197678,0.494719922542572,-0.02050294354557991,0.00035450421273708344,0.0,-0.03744460269808769,0.9930229783058167,0.7337322760303124,6.6459245681762695,1.6716667413711548,6.608480453491211,1.9244223833084106,6.901018857955933,4.187727451324463,,,,,,
8789940000.0,161.49,7.300000190734863,6391222784.0,2409.846413413212,3331.0,0.07080078125,54591488.0,114808.91813015938,0.0009552915580570698,0.00384521484375,2.039475917816162,-0.02034890651702881,0.5893645882606506,-0.020394761115312576,4.585506394505501e-05,0.0,-0.07586383819580078,1.0849742889404297,0.724032121498859,6.731727600097656,1.6995573043823242,6.6558637619018555,2.065333127975464,6.798773527145386,4.18659782409668,,,,,,
8789940000.0,114.94,7.900000095367432,6391222784.0,2414.7249564813847,3332.0,0.0604248046875,54607872.0,114815.70316791534,0.0027932305820286274,0.025146484375,2.1046652793884277,-0.019243840128183365,0.4905238151550293,-0.021046653389930725,0.0018028123304247856,0.0,-0.05667176470160484,0.9831860661506653,0.7405516380716319,6.671931266784668,1.6561377048492432,6.615260124206543,1.9302364587783813,6.7850377559661865,4.197023630142212,,,,,,
8789940000.0,104.36,8.899999618530273,6391222784.0,2418.3609305889936,3333.0,0.05615234375,54624256.0,114822.47800445557,0.0021974826231598854,0.01776123046875,2.1207642555236816,-0.020941361784934998,0.38542771339416504,-0.021207643672823906,0.0002662837505340576,0.0,0.0339147113263607,0.8770501613616943,0.7765487290912638,6.57832670211792,1.6710337400436401,6.612240791320801,1.8553791046142578,6.774836540222168,4.195632457733154,,,,,,
8789940000.0,116.84,8.899999618530273,6391222784.0,2450.246521778693,3334.0,0.048828125,54640640.0,114829.16467857361,0.0008327463292516768,0.00189208984375,2.1486988067626953,-0.021345367655158043,0.30277106165885925,-0.02148699015378952,0.00014162156730890274,0.0,-0.01067699771374464,0.7788651585578918,0.820092570990431,6.528789043426514,1.6810741424560547,6.5181121826171875,1.8362752199172974,6.686674118041992,4.200289487838745,,,,,,
8789940000.0,201.5,7.599999904632568,6391222784.0,2426.5234570016382,3335.0,0.054931640625,54657024.0,114835.91672539711,0.0013569747097790241,0.0069580078125,2.113643169403076,-0.020892133936285973,0.4925139546394348,-0.021136432886123657,0.00024429522454738617,0.0,-0.06262481957674026,0.9881786108016968,0.7471356652304989,6.500434398651123,1.6959041357040405,6.437809944152832,1.965132713317871,6.752046823501587,4.177448272705078,,,,,,
8789940000.0,162.96,8.399999618530273,6391222784.0,2414.327496321917,3336.0,0.05859375,54673408.0,114842.70288014412,0.0011514413636177778,0.00390625,2.0986146926879883,-0.02138741873204708,0.43377941846847534,-0.020986147224903107,-0.0004012702265754342,0.0,0.047398608177900314,0.9309948682785034,0.7502395806248465,6.476130485534668,1.6147290468215942,6.523529052734375,1.8628818988800049,6.786154747009277,4.200014114379883,,,,,,
8789940000.0,137.64,9.100000381469727,6391222784.0,2403.4796976642947,3337.0,0.0732421875,54689792.0,114849.5196633339,0.0012310347519814968,0.00592041015625,2.050861358642578,-0.020697472617030144,0.4262189269065857,-0.02050861530005932,-0.0001888573169708252,0.0,0.0807887464761734,0.9230374693870544,0.7740192626508529,6.667743682861328,1.7404786348342896,6.748532295227051,1.9417071342468262,6.81678318977356,4.18659520149231,,,,,,
8789940000.0,129.1,7.800000190734863,6391222784.0,2366.1221320148506,3338.0,0.05615234375,54706176.0,114856.44407343864,0.0010617863154038787,0.0047607421875,2.0552756786346436,-0.02015414461493492,0.4896518588066101,-0.020552756264805794,0.00039861351251602173,0.0,-0.044180452823638916,0.9887343645095825,0.7595013634266098,6.469743728637695,1.7227051258087158,6.425563335418701,2.0161516666412354,6.924410104751587,4.1888344287872314,,,,,,
8789940000.0,99.72,8.0,6391222784.0,2382.0626245982144,3339.0,0.0732421875,54722560.0,114863.32214617729,0.0008978628320619464,0.0048828125,2.0036094188690186,-0.020288892090320587,0.6516050696372986,-0.02003609389066696,-0.00025279726833105087,0.0,-0.0689660981297493,1.145032286643982,0.7052933334122867,6.773308277130127,1.7429994344711304,6.704341888427734,2.109225034713745,6.878072738647461,4.183022737503052,,,,,,
8789940000.0,116.79,8.100000381469727,6391222784.0,2388.481838727936,3340.0,0.0885009765625,54738944.0,114870.18173360825,0.0009614404989406466,0.0050048828125,1.9774080514907837,-0.019484445452690125,0.6969966888427734,-0.01977407932281494,0.00028962641954421997,0.0,0.021464871242642403,1.1786085367202759,0.7093913783269343,6.775701522827148,1.8531266450881958,6.797166347503662,2.1863276958465576,6.8595874309539795,4.186413049697876,,,,,,
8789940000.0,103.86,8.199999809265137,6391222784.0,2421.0566998040167,3341.0,0.0848388671875,54755328.0,114876.94902658463,0.0008672724361531436,0.00506591796875,2.0062572956085205,-0.019921105355024338,0.6185442209243774,-0.02006257325410843,0.00014146743342280388,0.0,-0.016837669536471367,1.1128911972045898,0.7296323608178714,6.899465560913086,1.8525795936584473,6.882627487182617,2.1403017044067383,6.7672929763793945,4.201183080673218,,,,,,
8789940000.0,102.41,8.100000381469727,6391222784.0,2391.995023832764,3342.0,0.0689697265625,54771712.0,114883.79853916168,0.001362900249660015,0.0101318359375,2.070072650909424,-0.020121239125728607,0.5689038038253784,-0.0207007247954607,0.0005794838070869446,0.0,0.004008840303868055,1.0643800497055054,0.7352089756661107,6.5164570808410645,1.803566336631775,6.520465850830078,2.068450450897217,6.849512577056885,4.195594787597656,,,,,,
8789940000.0,112.25,8.600000381469727,6391222784.0,2418.4821282241687,3343.0,0.074462890625,54788096.0,114890.57303619385,0.0014780792407691479,0.01055908203125,2.002964973449707,-0.01930338144302368,0.5408809781074524,-0.020029649138450623,0.0007262621074914932,0.0,0.0423213429749012,1.041752815246582,0.7716058589225009,6.786903381347656,1.9263770580291748,6.829224586486816,2.1798269748687744,6.774497032165527,4.208306312561035,,,,,,
8789940000.0,92.91,8.0,6391222784.0,2409.177040872813,3344.0,0.0738525390625,54804480.0,114897.3736987114,0.0008212238317355514,0.00439453125,2.0252528190612793,-0.019989777356386185,0.5907881855964661,-0.0202525295317173,0.0002627503126859665,0.0,-0.011148307472467422,1.0872043371200562,0.7413218232503693,6.71566104888916,1.874264121055603,6.704512596130371,2.1376242637634277,6.800662517547607,4.20075798034668,,,,,,
8789940000.0,132.78,8.5,6391222784.0,2388.5299892268554,3345.0,0.084228515625,54820864.0,114904.23314785957,0.0006387559114955366,0.0020751953125,1.9906035661697388,-0.01979360356926918,0.5387783050537109,-0.01990603469312191,0.0001124315895140171,0.0,0.07767963409423828,1.0372133255004883,0.7465673922183094,7.029895782470703,1.8214384317398071,7.107575416564941,2.0603299140930176,6.859449148178101,4.201560974121094,,,,,,
8789940000.0,83.23,8.600000381469727,6391222784.0,2366.7510799158945,3346.0,0.0811767578125,54837248.0,114911.15571784973,0.0012088242219761014,0.00872802734375,2.0255610942840576,-0.020800836384296417,0.5203917026519775,-0.02025561034679413,-0.000545227900147438,0.0,0.0027563280891627073,1.0186817646026611,0.7609011040761388,7.061708927154541,1.8424171209335327,7.064465522766113,2.0832905769348145,6.922569990158081,4.206669092178345,,,,,,
8789940000.0,115.67,8.399999618530273,6391222784.0,2332.920262167645,3347.0,0.0732421875,54853632.0,114918.17867541313,0.001403045142069459,0.0089111328125,2.049265146255493,-0.020352717489004135,0.44545355439186096,-0.02049264870584011,0.00013993214815855026,0.0,-0.006129420828074217,0.9472038745880127,0.7864805982809192,6.771528244018555,1.8335540294647217,6.7653985023498535,2.04986310005188,7.0229575634002686,4.2455010414123535,,,,,,
8789940000.0,111.27,8.800000190734863,6391222784.0,2380.8041676308153,3348.0,0.0604248046875,54870016.0,114925.06038379669,0.001494762720540166,0.00946044921875,2.042764663696289,-0.019563578069210052,0.430423766374588,-0.02042764611542225,0.00086406827904284,0.0,0.015752142295241356,0.9252941608428955,0.7754505325869011,6.70462703704834,1.7436046600341797,6.72037935256958,1.9526464939117432,6.881708383560181,4.229205369949341,,,,,,
8789940000.0,120.02,7.300000190734863,6391222784.0,2429.6467218682455,3349.0,0.0689697265625,54886400.0,114931.80375099182,0.0007893239962868392,0.00445556640625,2.008007049560547,-0.01973000541329384,0.7318175435066223,-0.020080070942640305,0.00035006366670131683,0.0,-0.11828368902206421,1.2108383178710938,0.6704274121208935,6.84937858581543,1.7855514287948608,6.731095314025879,2.109166145324707,6.7433671951293945,4.180645227432251,,,,,,
8789940000.0,121.19,7.5,6391222784.0,2322.098880332298,3350.0,0.0677490234375,54902784.0,114938.85943675041,0.0014482650440186262,0.0101318359375,2.007711172103882,-0.02006961591541767,0.6045173406600952,-0.020077111199498177,7.4972049333155155e-06,0.0,-0.06233067065477371,1.0933774709701538,0.7247597721044035,6.560244560241699,1.7278491258621216,6.497913360595703,2.084078073501587,7.055685758590698,4.253076553344727,,,,,,
8789940000.0,126.29,7.5,6391222784.0,2352.0815973165254,3351.0,0.068359375,54919168.0,114945.82518148422,0.0010512163862586021,0.00640869140625,1.9969452619552612,-0.019669706001877785,0.5932462215423584,-0.019969452172517776,0.0002997545525431633,0.0,-0.041034385561943054,1.088503360748291,0.7338208072206966,6.571910381317139,1.7421950101852417,6.530876159667969,2.1098055839538574,6.965744733810425,4.20776104927063,,,,,,
8789940000.0,87.42,8.800000190734863,6391222784.0,2417.1514924652324,3352.0,0.069580078125,54935552.0,114952.6034078598,0.0016786232590675354,0.01239013671875,2.0549206733703613,-0.019832231104373932,0.4425192177295685,-0.02054920792579651,0.0007169770542532206,0.0,0.030440380796790123,0.9402194023132324,0.7641886656118063,6.597704887390137,1.6988986730575562,6.628145217895508,1.9361848831176758,6.778226375579834,4.187058687210083,,,,,,
8789940000.0,119.64,8.699999809265137,6391222784.0,2420.0717580687397,3353.0,0.054931640625,54951936.0,114959.37345504761,0.0014540256233885884,0.0101318359375,2.0882186889648438,-0.02049819938838482,0.4378345012664795,-0.02088218368589878,0.0003839852288365364,0.0,0.03372359275817871,0.9334344267845154,0.7624942486614544,6.446792125701904,1.7043532133102417,6.480515956878662,1.9153448343276978,6.770047187805176,4.208286762237549,,,,,,
8789940000.0,129.82,7.199999809265137,6391222784.0,2381.7094390788952,3354.0,0.05126953125,54968320.0,114966.25254774094,0.0009702740935608745,0.00592041015625,2.127199649810791,-0.020227555185556412,0.514694333076477,-0.021271996200084686,0.0010444365907460451,0.0,-0.12265659868717194,1.0132789611816406,0.7373487025110594,6.341146945953369,1.682741641998291,6.2184906005859375,1.9771493673324585,6.879092693328857,4.195560932159424,,,,,,
8789940000.0,197.11,7.900000095367432,6391222784.0,2365.0346083738555,3355.0,0.0433349609375,54984704.0,114973.18014192581,0.0010975194163620472,0.00787353515625,2.1242260932922363,-0.021114539355039597,0.37790894508361816,-0.021242260932922363,0.00012771913316100836,0.0,0.04965820908546448,0.8692764043807983,0.7748980832980978,6.114956855773926,1.603982925415039,6.164615154266357,1.8321813344955444,6.927594184875488,4.2212815284729,,,,,,
8789940000.0,164.0,7.599999904632568,6391222784.0,2342.18199076692,3356.0,0.047607421875,55001088.0,114980.17532849312,0.0017707691295072436,0.0118408203125,2.134033679962158,-0.021764341741800308,0.46050241589546204,-0.02134033478796482,-0.00042400602251291275,0.0,-0.06215342506766319,0.956506609916687,0.7625782030247585,6.195908546447754,1.7010763883590698,6.133754730224609,1.9630320072174072,6.9951865673065186,4.31486439704895,,,,,,
8789940000.0,136.58,8.0,6391222784.0,2374.1655631019803,3357.0,0.0531005859375,55017472.0,114987.07627940178,0.0011009471490979195,0.006103515625,2.120546579360962,-0.020670456811785698,0.41368532180786133,-0.021205466240644455,0.0005350071005523205,0.0,-0.03411624953150749,0.909354567527771,0.7949468912823793,6.207253932952881,1.750887393951416,6.173137664794922,2.008168935775757,6.900950908660889,4.236844778060913,,,,,,
8789940000.0,145.91,8.5,6391222784.0,2353.470974396116,3358.0,0.068359375,55033856.0,114994.03791189194,0.0012885304167866707,0.008544921875,2.050200939178467,-0.02058115229010582,0.480334609746933,-0.020502008497714996,-7.91456550359726e-05,0.0,0.018178576603531837,0.9807018637657166,0.7927423209886157,6.5066070556640625,1.8649120330810547,6.52478551864624,2.154179811477661,6.961632490158081,4.201796770095825,,,,,,
8789940000.0,137.62,7.900000095367432,6391222784.0,2402.5743520088413,3359.0,0.06591796875,55050240.0,115000.85726380348,0.0014961576089262962,0.01239013671875,2.060591220855713,-0.019801395013928413,0.5944418907165527,-0.020605912432074547,0.0008045185822993517,0.0,0.002307003131136298,1.0910030603408813,0.7446790298609213,6.412907600402832,1.870328426361084,6.415214538574219,2.159149408340454,6.8193519115448,4.260649919509888,,,,,,
,,,,,,,,,,,,,,,,,,,,,,,,,,0.02079630270600319,0.537203311920166,0.49850940704345703,0.02079630270600319,0.537203311920166,0.49850940704345703
,,,,,,,,,,,,,,,,,,,,,,,,,,0.019094528630375862,0.4926151931285858,0.4695625305175781,0.019094528630375862,0.4926151931285858,0.4695625305175781
,,,,,,,,,,,,,,,,,,,,,,,,,,0.018697254359722137,0.4687294363975525,0.44818252325057983,0.018697254359722137,0.4687294363975525,0.44818252325057983
,,,,,,,,,,,,,,,,,,,,,,,,,,0.018657144159078598,0.4503602385520935,0.43140432238578796,0.018657144159078598,0.4503602385520935,0.43140432238578796
,,,,,,,,,,,,,,,,,,,,,,,,,,0.01880509778857231,0.43348389863967896,0.41472136974334717,0.01880509778857231,0.43348389863967896,0.41472136974334717
,,,,,,,,,,,,,,,,,,,,,,,,,,0.019297728314995766,0.4187343716621399,0.39975279569625854,0.019297728314995766,0.4187343716621399,0.39975279569625854
8789940000.0,119.73,7.900000095367432,6188634112.0,18.439552315075797,3360.0,0.0738525390625,55066624.0,115889.38208913803,0.0006342201959341764,0.00244140625,2.0150763988494873,-0.020075632259249687,0.7185980677604675,-0.020150762051343918,7.513212040066719e-05,0.0,-0.05340412259101868,1.195816993713379,0.703963047294688,6.6303391456604,1.88898503780365,6.576934814453125,2.1978182792663574,888.524825334549,4.189460515975952,,,,,,
8789940000.0,109.17,8.600000381469727,6391222784.0,2402.6603700076193,3361.0,0.069580078125,55083008.0,115896.20119690895,0.00044259708374738693,0.00140380859375,1.9996633529663086,-0.01956271007657051,0.6394939422607422,-0.019996633753180504,0.0004339255392551422,0.0,-0.007413155399262905,1.1285779476165771,0.7156233692991059,6.627344608306885,1.8299901485443115,6.619931221008301,2.1163341999053955,6.8191077709198,4.189176321029663,,,,,,
8789940000.0,112.29,8.199999809265137,6391222784.0,2450.7638344389434,3362.0,0.0762939453125,55099392.0,115902.886459589,0.0005749414558522403,0.00177001953125,2.0396111011505127,-0.019891612231731415,0.5973066687583923,-0.02039610780775547,0.0005044965073466301,0.0,-0.020067662000656128,1.0908262729644775,0.7626516419377415,6.641881942749023,1.909899115562439,6.621814727783203,2.239043712615967,6.685262680053711,4.180689096450806,,,,,,
8789940000.0,111.73,8.600000381469727,6391222784.0,2448.305315403232,3363.0,0.0872802734375,55115776.0,115909.57843542099,0.0006311875768005848,0.00103759765625,2.0075414180755615,-0.01969749666750431,0.5810461044311523,-0.020075412467122078,0.0003779148682951927,0.0,0.04952964186668396,1.078645944595337,0.7603136796706496,6.837973117828369,1.9397039413452148,6.887503147125244,2.2032175064086914,6.691975831985474,4.198215961456299,,,,,,
8789940000.0,89.03,8.699999809265137,6391222784.0,2428.9356563258916,3364.0,0.076904296875,55132160.0,115916.32377672195,0.0005533120129257441,0.0020751953125,2.0376222133636475,-0.020332150161266327,0.5356852412223816,-0.02037622407078743,4.4073909521102905e-05,0.0,-0.007881004363298416,1.0356171131134033,0.7621289519783384,6.740911960601807,1.879587173461914,6.733030796051025,2.1233835220336914,6.7453413009643555,4.192519187927246,,,,,,
8789940000.0,129.97,8.699999809265137,6391222784.0,2391.92533655415,3365.0,0.067138671875,55148544.0,115923.17348885536,0.000392015790566802,0.00054931640625,2.037639617919922,-0.020801786333322525,0.48544731736183167,-0.02037639729678631,-0.0004253853112459183,0.0,0.06636009365320206,0.980772078037262,0.7645569503444833,6.586984157562256,1.8141013383865356,6.65334415435791,2.0212724208831787,6.849712133407593,4.1863696575164795,,,,,,
8789940000.0,101.93,8.399999618530273,6391222784.0,2419.1276421302878,3366.0,0.0750732421875,55164928.0,115929.94617819786,0.0010260003618896008,0.00439453125,2.0459656715393066,-0.02073710784316063,0.5173439979553223,-0.020459657534956932,-0.00027745217084884644,0.0,-0.03661290183663368,1.0164010524749756,0.7646292521311875,6.78936243057251,1.8687220811843872,6.752749443054199,2.095022678375244,6.772689342498779,4.191911220550537,,,,,,
8789940000.0,125.43,8.5,6391222784.0,2432.173595659457,3367.0,0.0830078125,55181312.0,115936.68253946304,0.0009816576493903995,0.00323486328125,2.0034213066101074,-0.02006489410996437,0.6139307022094727,-0.020034214481711388,-3.067962825298309e-05,0.0,0.0891755223274231,1.1079305410385132,0.7194645402945233,6.8978471755981445,1.863322138786316,6.98702335357666,2.0917930603027344,6.736361265182495,4.237066030502319,,,,,,
8789940000.0,88.87,8.300000190734863,6391222784.0,2374.366293361063,3368.0,0.0836181640625,55197696.0,115943.58290696144,0.0006706199492327869,0.00189208984375,1.9758535623550415,-0.019476931542158127,0.6944500803947449,-0.01975853368639946,0.000281602144241333,0.0,0.016853177919983864,1.1767098903656006,0.7036863013372838,6.876191139221191,1.8191522359848022,6.8930439949035645,2.1616902351379395,6.900367498397827,4.328986406326294,,,,,,
8789940000.0,112.13,8.199999809265137,6391222784.0,2427.6990680171775,3369.0,0.078125,55214080.0,115950.33168411255,0.0008093604119494557,0.00360107421875,1.978422999382019,-0.019922569394111633,0.6862949728965759,-0.01978423073887825,-0.00013833865523338318,0.0,-0.04545099660754204,1.1695325374603271,0.7185517648458045,6.926019191741943,1.8759992122650146,6.880568504333496,2.2045159339904785,6.748777151107788,4.2066686153411865,,,,,,
8789940000.0,94.19,8.100000381469727,6391222784.0,2327.155546303755,3370.0,0.091552734375,55230464.0,115957.37203860283,0.0006007916526868939,0.00311279296875,1.945786952972412,-0.018863433972001076,0.6526266932487488,-0.019457869231700897,0.0005944343283772469,0.0,0.06490156799554825,1.1425325870513916,0.7293194129771736,6.901541709899902,1.8675634860992432,6.966443061828613,2.1960391998291016,7.040354490280151,4.18826150894165,,,,,,
8789940000.0,87.73,8.600000381469727,6391222784.0,2383.34365600903,3371.0,0.084228515625,55246848.0,115964.24641442299,0.0005933829816058278,0.0015869140625,2.001087188720703,-0.019694875925779343,0.5697988867759705,-0.020010871812701225,0.00031599588692188263,0.0,0.022078631445765495,1.065009355545044,0.7613379169119995,6.788244247436523,1.9145467281341553,6.8103227615356445,2.180026054382324,6.874375820159912,4.200155258178711,,,,,,
8789940000.0,101.61,8.0,6391222784.0,2353.1325814711586,3372.0,0.0750732421875,55263232.0,115971.20904803276,0.0007700668647885323,0.00347900390625,1.9722052812576294,-0.01918802410364151,0.6279625296592712,-0.019722050055861473,0.0005340296775102615,0.0,-0.008083133958280087,1.1178470849990845,0.7269414008265636,6.719912528991699,1.8732128143310547,6.711830139160156,2.1392176151275635,6.9626336097717285,4.238051652908325,,,,,,
8789940000.0,94.5,8.100000381469727,6391222784.0,2414.3159604785556,3373.0,0.0811767578125,55279616.0,115977.9952352047,0.0007505854591727257,0.00244140625,1.9600532054901123,-0.019605884328484535,0.6535738706588745,-0.019600532948970795,-5.354173481464386e-06,0.0,-0.011960362084209919,1.1407463550567627,0.7328012496876778,6.843569755554199,1.8702799081802368,6.831609725952148,2.206845283508301,6.786187171936035,4.2047202587127686,,,,,,
8789940000.0,82.11,8.399999618530273,6391222784.0,2401.7423786650397,3374.0,0.093994140625,55296000.0,115984.81694936752,0.0014100618427619338,0.00982666015625,1.9520769119262695,-0.019798707216978073,0.6092095971107483,-0.019520768895745277,-0.000277939485386014,0.0,-0.03411325439810753,1.1044940948486328,0.7535682268778462,7.045497894287109,1.895190715789795,7.011384963989258,2.2249233722686768,6.821714162826538,4.200126886367798,,,,,,
8789940000.0,109.53,9.100000381469727,6391222784.0,2315.839927736617,3375.0,0.07568359375,55312384.0,115991.89170432091,0.0008892250480130315,0.00335693359375,1.9588568210601807,-0.01927402801811695,0.5210198760032654,-0.019588569179177284,0.000314539298415184,0.0,0.08500425517559052,1.0173035860061646,0.7250911151281973,6.934260845184326,1.7445564270019531,7.019265174865723,1.9402427673339844,7.074754953384399,4.216571092605591,,,,,,
8789940000.0,95.47,8.0,6391222784.0,2312.2859781163615,3376.0,0.069580078125,55328768.0,115998.97733306885,0.0007184940041042864,0.0025634765625,1.9535222053527832,-0.019033700227737427,0.6413336992263794,-0.01953522115945816,0.0005015227943658829,0.0,-0.053080469369888306,1.12895667552948,0.6973197090920278,6.863781929016113,1.7895324230194092,6.810701370239258,2.0520379543304443,7.0856287479400635,4.307605504989624,,,,,,
8789940000.0,105.85,8.600000381469727,6391222784.0,2391.1273446109435,3377.0,0.0897216796875,55345152.0,116005.82933115959,0.0006738035008311272,0.00396728515625,1.9297466278076172,-0.019118066877126694,0.5118001103401184,-0.019297465682029724,0.00017939694225788116,0.0,0.04871351271867752,1.0112682580947876,0.7518368602872363,7.089202880859375,1.7772542238235474,7.137916564941406,2.030007839202881,6.8519980907440186,4.195671319961548,,,,,,
8789940000.0,97.68,8.300000190734863,6391222784.0,2370.315856512844,3378.0,0.0872802734375,55361536.0,116012.74149012566,0.0009392364299856126,0.0059814453125,1.9333314895629883,-0.019006632268428802,0.6308963894844055,-0.019333314150571823,0.00032668188214302063,0.0,-0.018547125160694122,1.1222327947616577,0.7112810177556916,7.090620040893555,1.7779031991958618,7.072072982788086,2.0885510444641113,6.912158966064453,4.2243733406066895,,,,,,
8789940000.0,84.97,8.600000381469727,6391222784.0,2389.7489261696887,3379.0,0.09765625,55377920.0,116019.59744048119,0.0011102817952632904,0.0059814453125,1.9260892868041992,-0.01892124116420746,0.6806440353393555,-0.019260894507169724,0.0003396477550268173,0.0,-0.010248817503452301,1.1664546728134155,0.7146473342797985,7.20993185043335,1.8171277046203613,7.19968318939209,2.1836187839508057,6.855950355529785,4.198499917984009,,,,,,
8789940000.0,76.08,8.699999809265137,6391222784.0,2394.3384452430278,3380.0,0.0982666015625,55394304.0,116026.44024920464,0.0015034370590001345,0.0057373046875,1.924457311630249,-0.01934615522623062,0.6937810182571411,-0.019244574010372162,-0.00010158494114875793,0.0,-0.04680994153022766,1.1769391298294067,0.7103414784195861,7.192597389221191,1.8337681293487549,7.145787715911865,2.1868109703063965,6.842808723449707,4.280552864074707,,,,,,
8789940000.0,78.91,8.399999618530273,6391222784.0,2410.6851956877736,3381.0,0.0872802734375,55410688.0,116033.23665714264,0.000750875158701092,0.00311279296875,1.9404633045196533,-0.019251028075814247,0.6111536026000977,-0.019404631108045578,0.00015360303223133087,0.0,0.023381520062685013,1.1052820682525635,0.7225512713492142,7.012377738952637,1.8132879734039307,7.035759449005127,2.0983688831329346,6.79640793800354,4.207435846328735,,,,,,
8789940000.0,102.54,7.5,6391222784.0,2328.986200583905,3382.0,0.06591796875,55427072.0,116040.27147769928,0.0014123910805210471,0.0107421875,1.969160795211792,-0.019965579733252525,0.614745557308197,-0.019691606983542442,-0.00027397461235523224,0.0,-0.07635912299156189,1.1074212789535522,0.702844805294577,6.747067451477051,1.698913335800171,6.670708179473877,2.031519889831543,7.034820556640625,4.383326530456543,,,,,,
8789940000.0,108.4,8.399999618530273,6391222784.0,2344.2875392902274,3383.0,0.057373046875,55443456.0,116047.26038146019,0.0025425066705793142,0.02392578125,2.028615713119507,-0.020239394158124924,0.4289124608039856,-0.020286157727241516,4.676077514886856e-05,0.0,0.008339565247297287,0.9229913949966431,0.7561255765324841,6.5006303787231445,1.6401729583740234,6.508970260620117,1.869022011756897,6.988903760910034,4.218665599822998,,,,,,
8789940000.0,143.97,8.199999809265137,6391222784.0,2361.871620714074,3384.0,0.048828125,55459840.0,116054.19725298882,0.0011890273308381438,0.00830078125,2.0264968872070312,-0.020156746730208397,0.3773462176322937,-0.020264968276023865,0.00010822340846061707,0.0,-0.022295445203781128,0.8692972660064697,0.7767406565529188,6.333937644958496,1.5948350429534912,6.311641693115234,1.839768648147583,6.936871528625488,4.1944451332092285,,,,,,
8789940000.0,145.94,8.300000190734863,6391222784.0,2325.0983466570738,3385.0,0.0543212890625,55476224.0,116061.24383664131,0.0009027845808304846,0.004638671875,2.0174717903137207,-0.020188381895422935,0.4212377965450287,-0.02017471380531788,-1.3667857274413109e-05,0.0,-0.005295896902680397,0.9191282391548157,0.7514192777981662,6.441004753112793,1.609877109527588,6.435708999633789,1.8434970378875732,7.046583652496338,4.196920156478882,,,,,,
8789940000.0,149.36,8.399999618530273,6391222784.0,2366.491164435472,3386.0,0.069580078125,55492608.0,116068.16716694832,0.0017609227215871215,0.01361083984375,2.000624179840088,-0.020101509988307953,0.4645310044288635,-0.020006243139505386,-9.526452049612999e-05,0.0,-0.015427041798830032,0.9639511108398438,0.7905726171257133,6.725518226623535,1.8104350566864014,6.710090637207031,2.106386423110962,6.923330307006836,4.194213151931763,,,,,,
8789940000.0,128.56,8.699999809265137,6391222784.0,2373.0958751501717,3387.0,0.072021484375,55508992.0,116075.07122850418,0.00122028065379709,0.0084228515625,2.0409398078918457,-0.01959880068898201,0.5078067779541016,-0.020409397780895233,0.0008105970919132233,0.0,-0.016457144170999527,1.0059062242507935,0.7711848067565733,6.810425758361816,1.8451957702636719,6.793968200683594,2.102882146835327,6.904061555862427,4.308937072753906,,,,,,
8789940000.0,150.09,7.800000190734863,6391222784.0,2303.080871229418,3388.0,0.052490234375,55525376.0,116082.18517756462,0.0012425717432051897,0.00811767578125,2.0407962799072266,-0.020331718027591705,0.5216248035430908,-0.020407963544130325,7.624831050634384e-05,0.0,-0.06830371916294098,1.01887047290802,0.7163071217217458,6.285643577575684,1.6844712495803833,6.217339515686035,1.912909746170044,7.1139490604400635,4.191447019577026,,,,,,
8789940000.0,154.45,8.0,6391222784.0,2372.380991960391,3389.0,0.0567626953125,55541760.0,116089.091319561,0.0006412902730517089,0.00177001953125,2.0204544067382812,-0.01987152174115181,0.49375951290130615,-0.02020454593002796,0.00033302512019872665,0.0,-0.029829833656549454,0.994604766368866,0.757896494503859,6.345281600952148,1.749998927116394,6.315452575683594,2.021390914916992,6.906141996383667,4.194584608078003,,,,,,
8789940000.0,124.76,8.5,6391222784.0,2444.206932431142,3390.0,0.0555419921875,55558144.0,116095.794516325,0.0012401883723214269,0.00738525390625,2.0386390686035156,-0.01989235356450081,0.420601487159729,-0.020386388525366783,0.0004940349608659744,0.0,0.0208258256316185,0.9149935841560364,0.7681915589962712,6.333881378173828,1.6609909534454346,6.35470724105835,1.9004379510879517,6.70319676399231,4.188751220703125,,,,,,
8789940000.0,136.42,9.100000381469727,6391222784.0,2378.7877511159827,3391.0,0.067138671875,55574528.0,116102.68205809593,0.001106278970837593,0.00653076171875,2.0258045196533203,-0.02010190486907959,0.35915350914001465,-0.020258046686649323,0.00015614298172295094,0.0,0.09091419726610184,0.8477720618247986,0.8163648447701848,6.404846668243408,1.7627768516540527,6.495760917663574,1.9783413410186768,6.887541770935059,4.230072259902954,,,,,,
,,,,,,,,,,,,,,,,,,,,,,,,,,0.018092216923832893,0.5925899744033813,0.548550009727478,0.018092216923832893,0.5925899744033813,0.548550009727478
,,,,,,,,,,,,,,,,,,,,,,,,,,0.018999993801116943,0.5459795594215393,0.5170919299125671,0.018999993801116943,0.5459795594215393,0.5170919299125671
,,,,,,,,,,,,,,,,,,,,,,,,,,0.017027201130986214,0.5152797102928162,0.4917204976081848,0.017027201130986214,0.5152797102928162,0.4917204976081848
,,,,,,,,,,,,,,,,,,,,,,,,,,0.016485251486301422,0.4927308261394501,0.4732465445995331,0.016485251486301422,0.4927308261394501,0.4732465445995331
,,,,,,,,,,,,,,,,,,,,,,,,,,0.016852103173732758,0.4768970012664795,0.4581511616706848,0.016852103173732758,0.4768970012664795,0.4581511616706848
,,,,,,,,,,,,,,,,,,,,,,,,,,0.01711977645754814,0.4598468840122223,0.44152364134788513,0.01711977645754814,0.4598468840122223,0.44152364134788513
8789940000.0,110.14,8.699999809265137,6188634112.0,18.466148517785246,3392.0,0.074462890625,55590912.0,116989.92716956139,0.000718236668035388,0.00274658203125,1.9683245420455933,-0.019440099596977234,0.5063541531562805,-0.019683245569467545,0.00024314597249031067,0.0,0.056462112814188004,1.0063292980194092,0.7553309208467766,6.762451171875,1.8135548830032349,6.818913459777832,2.03446626663208,887.2451114654541,4.184039354324341,,,,,,
8789940000.0,132.25,8.199999809265137,6391222784.0,2387.306987296387,3393.0,0.0750732421875,55607296.0,116996.790132761,0.0006241763476282358,0.002685546875,1.9497829675674438,-0.01881048083305359,0.6877217888832092,-0.01949782855808735,0.0006873458623886108,0.0,0.009454488754272461,1.1726210117340088,0.6857973429270081,6.8604326248168945,1.8406598567962646,6.869887351989746,2.0919578075408936,6.8629631996154785,4.190070629119873,,,,,,
8789940000.0,101.24,7.800000190734863,6391222784.0,2411.925247858619,3394.0,0.08544921875,55623680.0,117003.58304643631,0.0005096807144582272,0.00238037109375,1.9271574020385742,-0.01899389922618866,0.6645514369010925,-0.019271571189165115,0.0002776719629764557,0.0,-0.022865235805511475,1.152229905128479,0.7143067347247802,7.0152130126953125,1.8524690866470337,6.992347717285156,2.1557042598724365,6.7929136753082275,4.181378126144409,,,,,,
8789940000.0,92.8,8.899999618530273,6391222784.0,2400.3812952286435,3395.0,0.0738525390625,55640064.0,117010.40862870216,0.0011713400017470121,0.00799560546875,1.99781334400177,-0.019216464832425117,0.4516552984714508,-0.019978132098913193,0.0007616691291332245,0.0,0.07459260523319244,0.9514058232307434,0.7689779542665137,6.836782455444336,1.7643005847930908,6.911375045776367,1.979425311088562,6.825582265853882,4.185575246810913,,,,,,
8789940000.0,117.38,8.5,6391222784.0,2387.9258411334754,3396.0,0.067138671875,55656448.0,117017.26981329918,0.0008188391802832484,0.00531005859375,1.9941126108169556,-0.019650081172585487,0.5314079523086548,-0.01994112692773342,0.00029104482382535934,0.0,-0.00030661001801490784,1.0307399034500122,0.74544251674473,6.841198444366455,1.812268853187561,6.8408918380737305,2.042943239212036,6.861184597015381,4.198362827301025,,,,,,
8789940000.0,106.91,8.199999809265137,6391222784.0,2392.928075388673,3397.0,0.0634765625,55672832.0,117024.11665511131,0.0009044319158419967,0.0028076171875,2.014267683029175,-0.01933869533240795,0.4718635082244873,-0.020142678171396255,0.0008039842359721661,0.0,-0.03593058884143829,0.9703253507614136,0.7565996585532889,6.734927177429199,1.6968313455581665,6.698996543884277,1.9667856693267822,6.846841812133789,4.18634295463562,,,,,,
8789940000.0,146.58,8.199999809265137,6391222784.0,2377.66362930973,3398.0,0.054931640625,55689216.0,117031.0074532032,0.0008027774165384471,0.00384521484375,2.0073909759521484,-0.019397512078285217,0.41623491048812866,-0.020073911175131798,0.0006764000281691551,0.0,-0.05246352404356003,0.9110944271087646,0.7720635972259976,6.563681602478027,1.660791277885437,6.511218070983887,1.9083439111709595,6.890798091888428,4.202459335327148,,,,,,
8789940000.0,130.74,8.100000381469727,6391222784.0,2433.1703961636626,3399.0,0.054931640625,55705600.0,117037.74105477333,0.0011239689774811268,0.0068359375,2.0058224201202393,-0.01987306773662567,0.5455248355865479,-0.020058225840330124,0.00018515856936573982,0.0,-0.04235459491610527,1.0420767068862915,0.7101168970593337,6.502346515655518,1.6760716438293457,6.459992408752441,1.9354785680770874,6.7336015701293945,4.184405088424683,,,,,,
8789940000.0,150.51,7.800000190734863,6391222784.0,2394.9162127025206,3400.0,0.057373046875,55721984.0,117044.58221268654,0.0017020220402628183,0.01483154296875,2.0508010387420654,-0.02039180137217045,0.5056962370872498,-0.020508011803030968,0.0001162094995379448,0.0,-0.07073602825403214,1.0014737844467163,0.7435109607074306,6.497475624084473,1.7254751920700073,6.426739692687988,1.9774484634399414,6.841157913208008,4.203016042709351,,,,,,
8789940000.0,133.0,8.600000381469727,6391222784.0,2413.943988625994,3401.0,0.05126953125,55738368.0,117051.36944556236,0.0006956329452805221,0.001953125,2.0939695835113525,-0.020726310089230537,0.32305148243904114,-0.020939692854881287,0.0002133827656507492,0.0,0.014769582077860832,0.806597888469696,0.8097222212647388,6.280069828033447,1.6409101486206055,6.294839382171631,1.8491106033325195,6.787232875823975,4.201864242553711,,,,,,
8789940000.0,152.98,8.0,6391222784.0,2401.5761874219424,3402.0,0.048828125,55754752.0,117058.19163179398,0.0010417243465781212,0.00384521484375,2.102961540222168,-0.021110843867063522,0.38991543650627136,-0.02102961577475071,-8.122855797410011e-05,0.0,-0.043118420988321304,0.8809944987297058,0.7839337570385059,6.381662845611572,1.6440240144729614,6.338544845581055,1.895308494567871,6.822186231613159,4.167876958847046,,,,,,
8789940000.0,157.48,8.100000381469727,6391222784.0,2401.021543777067,3403.0,0.0482177734375,55771136.0,117065.0153939724,0.0015351579058915377,0.00927734375,2.112028121948242,-0.02166309580206871,0.3663855791091919,-0.021120281890034676,-0.0005428146105259657,0.0,-0.019884364679455757,0.8551396727561951,0.7976399569861301,6.340380668640137,1.663212537765503,6.320496559143066,1.9009678363800049,6.8237621784210205,4.201669454574585,,,,,,
8789940000.0,209.77,7.699999809265137,6391222784.0,2401.0452011032176,3404.0,0.0543212890625,55787520.0,117071.83908891678,0.0005938885733485222,0.0020751953125,2.122166872024536,-0.021311882883310318,0.43593281507492065,-0.021221671253442764,-9.021162986755371e-05,0.0,-0.057288240641355515,0.9301563501358032,0.7889969991816228,6.488361358642578,1.7598083019256592,6.431073188781738,2.024937391281128,6.823694944381714,4.2050697803497314,,,,,,
8789940000.0,143.71,8.300000190734863,6391222784.0,2385.277144310019,3405.0,0.0531005859375,55803904.0,117078.70789241791,0.0028944462537765503,0.025634765625,2.1225392818450928,-0.021464969962835312,0.43104928731918335,-0.021225392818450928,-0.00023957714438438416,0.0,0.025200255215168,0.9239591956138611,0.7724706480042445,6.418839931488037,1.7138316631317139,6.444039821624756,1.9370192289352417,6.86880350112915,4.232851028442383,,,,,,
8789940000.0,147.61,8.199999809265137,6391222784.0,2383.0076919510493,3406.0,0.064697265625,55820288.0,117085.58323740959,0.001832830486819148,0.01165771484375,2.083566427230835,-0.01993050053715706,0.4952450394630432,-0.020835664123296738,0.0009051624219864607,0.0,-0.03512348234653473,0.9912815690040588,0.7729573836683027,6.402755260467529,1.8286710977554321,6.367631912231445,2.0803842544555664,6.87534499168396,4.208184242248535,,,,,,
8789940000.0,120.14,8.100000381469727,6391222784.0,2395.8692534349016,3407.0,0.0537109375,55836672.0,117092.42167401314,0.0017407366540282965,0.0118408203125,2.0911638736724854,-0.01978786289691925,0.4714455306529999,-0.02091163955628872,0.0011237747967243195,0.0,-0.0036536958068609238,0.9680172801017761,0.7556747076944221,6.340527534484863,1.723799467086792,6.336874008178711,1.9583898782730103,6.838436603546143,4.180525779724121,,,,,,
8789940000.0,172.18,7.900000095367432,6391222784.0,2408.221318626157,3408.0,0.05126953125,55853056.0,117099.225035429,0.0015734717017039657,0.0118408203125,2.1210384368896484,-0.021256817504763603,0.4192344844341278,-0.021210381761193275,-4.6434346586465836e-05,0.0,-0.04255783185362816,0.9143665432929993,0.7824324979205386,6.325273513793945,1.7220404148101807,6.282716274261475,1.9603044986724854,6.803361415863037,4.243159294128418,,,,,,
8789940000.0,181.86,7.699999809265137,6391222784.0,2362.3812783845865,3409.0,0.04150390625,55869440.0,117106.1604104042,0.0007616227376274765,0.00238037109375,2.112164258956909,-0.020850814878940582,0.45547330379486084,-0.021121641620993614,0.00027082208544015884,0.0,-0.0017193363746628165,0.9484398365020752,0.7607537473860781,6.238613128662109,1.6801084280014038,6.236893653869629,1.9390414953231812,6.935374975204468,4.334409713745117,,,,,,
8789940000.0,146.75,8.100000381469727,6391222784.0,2375.894415443929,3410.0,0.0494384765625,55885824.0,117113.05633974075,0.0010762165766209364,0.00408935546875,2.0883877277374268,-0.02064494416117668,0.3799978196620941,-0.020883876830339432,0.00023893127217888832,0.0,-0.016659444198012352,0.871940553188324,0.7868236602578893,6.219396591186523,1.6509209871292114,6.202737808227539,1.8885022401809692,6.895929336547852,4.2011401653289795,,,,,,
8789940000.0,182.45,7.599999904632568,6391222784.0,2418.679525936611,3411.0,0.0433349609375,55902208.0,117119.83028388023,0.000931485032197088,0.0047607421875,2.1132712364196777,-0.021275628358125687,0.43622565269470215,-0.021132711321115494,-0.0001429188996553421,0.0,-0.08373735100030899,0.9316743016242981,0.7653459455334155,6.140864849090576,1.6895180940628052,6.057127475738525,1.923315167427063,6.773944139480591,4.219468593597412,,,,,,
8789940000.0,138.68,8.600000381469727,6391222784.0,2272.298896081544,3412.0,0.0482177734375,55918592.0,117127.04060292244,0.001729745650663972,0.0140380859375,2.1103174686431885,-0.021909449249505997,0.3099633455276489,-0.02110317535698414,-0.0008062750566750765,0.0,0.013681353069841862,0.7862182259559631,0.8232172748450778,6.102125644683838,1.6896179914474487,6.115807056427002,1.8699203729629517,7.2103190422058105,4.313385725021362,,,,,,
8789940000.0,220.53,7.400000095367432,6391222784.0,2277.8354132716677,3413.0,0.0421142578125,55934976.0,117134.23339653015,0.002990039298310876,0.02899169921875,2.1100668907165527,-0.020845916122198105,0.4549172520637512,-0.021100671961903572,0.000254753977060318,0.0,-0.07240283489227295,0.9531596899032593,0.759248174238696,6.060066223144531,1.6875170469284058,5.987663745880127,1.9425896406173706,7.192793607711792,4.1905882358551025,,,,,,
8789940000.0,108.75,8.899999618530273,6391222784.0,2277.425580641894,3414.0,0.07080078125,55951360.0,117141.42748451233,0.0023002151865512133,0.0181884765625,2.0571401119232178,-0.02130776084959507,0.4107639193534851,-0.020571399480104446,-0.0007363557815551758,0.0,0.06885791569948196,0.9048014283180237,0.8187873809777376,6.325822353363037,1.8889845609664917,6.394680500030518,2.12549090385437,7.194087982177734,4.2883830070495605,,,,,,
8789940000.0,164.91,8.100000381469727,6391222784.0,2386.884177751562,3415.0,0.0701904296875,55967744.0,117148.29166340828,0.002900229999795556,0.0328369140625,2.03902268409729,-0.01910431869328022,0.5184269547462463,-0.0203902255743742,0.0012859031558036804,0.0,-0.03120299056172371,1.0127962827682495,0.7824962498483522,6.375734329223633,1.8958935737609863,6.344531059265137,2.1716442108154297,6.864178895950317,4.19692850112915,,,,,,
8789940000.0,136.62,7.400000095367432,6391222784.0,2372.6769370661987,3416.0,0.0592041015625,55984128.0,117155.19694399834,0.0011308511020615697,0.00665283203125,2.0542967319488525,-0.020448409020900726,0.5635073184967041,-0.020542964339256287,9.455718100070953e-05,0.0,-0.02696049213409424,1.06084144115448,0.7484662783492517,6.225918769836426,1.8313603401184082,6.198958396911621,2.115204095840454,6.905280590057373,4.202512741088867,,,,,,
8789940000.0,105.93,8.699999809265137,6391222784.0,2387.673366436958,3417.0,0.0653076171875,56000512.0,117162.05885410309,0.001536014024168253,0.01007080078125,2.0317840576171875,-0.02030915766954422,0.4953429698944092,-0.020317839458584785,8.683651685714722e-06,0.0,0.027323704212903976,0.9948499202728271,0.7820584136062448,6.314012050628662,1.8995811939239502,6.341335296630859,2.1310184001922607,6.861910104751587,4.200322151184082,,,,,,
8789940000.0,118.61,8.199999809265137,6391222784.0,2318.6510320285684,3418.0,0.0775146484375,56016896.0,117169.12503170967,0.0010259283008053899,0.005615234375,2.0115692615509033,-0.019841201603412628,0.5962632894515991,-0.020115690305829048,0.00027448870241642,0.0,0.025188226252794266,1.0950981378555298,0.7707444785717835,6.353619575500488,1.9987117052078247,6.37880802154541,2.2871429920196533,7.066177606582642,4.360256910324097,,,,,,
8789940000.0,100.58,7.900000095367432,6391222784.0,2363.873922691171,3419.0,0.0701904296875,56033280.0,117176.05602741241,0.000712645472958684,0.00347900390625,1.9648211002349854,-0.01922738179564476,0.6151436567306519,-0.01964821293950081,0.00042082928121089935,0.0,0.007527556270360947,1.108745813369751,0.7486615670053753,6.486217021942139,1.9212342500686646,6.493744373321533,2.2115790843963623,6.93099570274353,4.30975079536438,,,,,,
8789940000.0,108.45,8.399999618530273,6391222784.0,2424.3157310043166,3420.0,0.08056640625,56049664.0,117182.81422305107,0.002919103018939495,0.0283203125,1.9817701578140259,-0.017958879470825195,0.604876697063446,-0.01981770060956478,0.0018588220700621605,0.0,0.0075933849439024925,1.0991275310516357,0.7600829900180454,6.576776027679443,1.9676105976104736,6.584369659423828,2.243973970413208,6.758195638656616,4.186981916427612,,,,,,
8789940000.0,104.35,8.300000190734863,6391222784.0,2405.5142962217387,3421.0,0.07568359375,56066048.0,117189.62524056435,0.00228287884965539,0.019775390625,1.9456183910369873,-0.01913919299840927,0.5710828900337219,-0.019456183537840843,0.00031699356622993946,0.0,0.02857038378715515,1.068412184715271,0.7495348829681935,6.5394086837768555,1.8914064168930054,6.567979335784912,2.1348392963409424,6.8110175132751465,4.282943964004517,,,,,,
8789940000.0,122.32,8.100000381469727,6391222784.0,2367.259910099933,3422.0,0.06591796875,56082432.0,117196.54632258415,0.0018478038255125284,0.015380859375,1.983313798904419,-0.019660335034132004,0.6030819416046143,-0.019833136349916458,0.0001728041097521782,0.0,-0.0028430777601897717,1.0928173065185547,0.7424193342059113,6.474913597106934,1.8825129270553589,6.472070693969727,2.1532323360443115,6.921082019805908,4.336159944534302,,,,,,
8789940000.0,99.03,8.399999618530273,6391222784.0,2385.07050887144,3423.0,0.069580078125,56098816.0,117203.41572117805,0.0011057050433009863,0.00518798828125,1.99411940574646,-0.019764959812164307,0.5411146879196167,-0.019941192120313644,0.00017623230814933777,0.0,0.04763912037014961,1.0392788648605347,0.7641801380857184,6.571396350860596,1.8911714553833008,6.619035720825195,2.14013934135437,6.869398593902588,4.191935062408447,,,,,,
,,,,,,,,,,,,,,,,,,,,,,,,,,0.014911653473973274,0.5268557071685791,0.48816418647766113,0.014911653473973274,0.5268557071685791,0.48816418647766113
,,,,,,,,,,,,,,,,,,,,,,,,,,0.014872870407998562,0.47959139943122864,0.456431120634079,0.014872870407998562,0.47959139943122864,0.456431120634079
,,,,,,,,,,,,,,,,,,,,,,,,,,0.01541816908866167,0.45665833353996277,0.43684911727905273,0.01541816908866167,0.45665833353996277,0.43684911727905273
,,,,,,,,,,,,,,,,,,,,,,,,,,0.015171555802226067,0.4350561797618866,0.4184362590312958,0.015171555802226067,0.4350561797618866,0.4184362590312958
,,,,,,,,,,,,,,,,,,,,,,,,,,0.015419133938848972,0.4210684895515442,0.4029676616191864,0.015419133938848972,0.4210684895515442,0.4029676616191864
,,,,,,,,,,,,,,,,,,,,,,,,,,0.01566479541361332,0.4074993431568146,0.390327125787735,0.01566479541361332,0.4074993431568146,0.390327125787735
8789940000.0,82.2,8.300000190734863,6188634112.0,18.4272750425861,3424.0,0.0787353515625,56115200.0,118092.53253102303,0.0009045559563674033,0.00531005859375,1.9778430461883545,-0.020137209445238113,0.6374388933181763,-0.019778428599238396,-0.00035878270864486694,0.0,0.04107643663883209,1.1255710124969482,0.7379084984308939,6.644498825073242,1.896722435951233,6.685575485229492,2.198601722717285,889.1168098449707,4.344539642333984,,,,,,
8789940000.0,83.03,8.199999809265137,6391222784.0,2366.2562382334067,3425.0,0.084228515625,56131584.0,118099.4565486908,0.0014316888991743326,0.011474609375,1.9478708505630493,-0.019054017961025238,0.6700044274330139,-0.019478706642985344,0.00042468588799238205,0.0,-0.039947181940078735,1.1558825969696045,0.723077100863271,6.938070774078369,1.9191290140151978,6.898123741149902,2.196516752243042,6.924017667770386,4.186711072921753,,,,,,
8789940000.0,108.45,8.399999618530273,6391222784.0,2419.067350065437,3426.0,0.076904296875,56147968.0,118106.22940683365,0.0008705209475010633,0.003662109375,1.9457523822784424,-0.019093424081802368,0.5791100263595581,-0.01945752277970314,0.0003640986979007721,0.0,0.02708190120756626,1.0765892267227173,0.734470160376097,6.724421977996826,1.773392915725708,6.751503944396973,2.0892646312713623,6.772858142852783,4.176014184951782,,,,,,
8789940000.0,98.96,8.199999809265137,6391222784.0,2341.037321672117,3427.0,0.0640869140625,56164352.0,118113.22801375389,0.0009061129530891776,0.00384521484375,1.9745161533355713,-0.020241623744368553,0.5934779047966003,-0.01974516175687313,-0.0004964638501405716,0.0,-0.009625463746488094,1.0898587703704834,0.7118766313753958,6.650003433227539,1.763095736503601,6.640377998352051,2.0303964614868164,6.99860692024231,4.18538761138916,,,,,,
8789940000.0,136.72,8.100000381469727,6391222784.0,2417.759122580371,3428.0,0.0634765625,56180736.0,118120.00453662872,0.0012977016158401966,0.00836181640625,2.006328582763672,-0.01934994012117386,0.5213784575462341,-0.020063284784555435,0.0007133437320590019,0.0,0.0010840799659490585,1.0193673372268677,0.7462800689201894,6.592653751373291,1.7623006105422974,6.593738079071045,2.0237345695495605,6.776522874832153,4.204335927963257,,,,,,
8789940000.0,138.93,7.900000095367432,6391222784.0,2409.976394045363,3429.0,0.0714111328125,56197120.0,118126.8029434681,0.0014225211925804615,0.01025390625,2.002185821533203,-0.020388485863804817,0.5466800928115845,-0.02002185955643654,-0.0003666277043521404,0.0,0.006521451286971569,1.0449265241622925,0.7586896248156159,6.608830451965332,1.866917371749878,6.615351676940918,2.1271474361419678,6.7984068393707275,4.20080828666687,,,,,,
8789940000.0,124.81,8.600000381469727,6391222784.0,2380.580905517239,3430.0,0.0677490234375,56213504.0,118133.68529725075,0.0018356654327362776,0.01409912109375,1.9945989847183228,-0.0192926824092865,0.4606149196624756,-0.019945990294218063,0.0006533153355121613,0.0,0.019302688539028168,0.9527890682220459,0.7880919688836435,6.585666656494141,1.8636173009872437,6.604969024658203,2.0697739124298096,6.882353782653809,4.186751365661621,,,,,,
8789940000.0,103.01,7.599999904632568,6391222784.0,2390.6860477915416,3431.0,0.057373046875,56229888.0,118140.53856015205,0.0021821619011461735,0.0198974609375,1.96151602268219,-0.02007189393043518,0.5283880829811096,-0.019615160301327705,-0.0004567345604300499,0.0,-0.08619322627782822,1.0274507999420166,0.7549818337345283,6.511541366577148,1.7994756698608398,6.425348281860352,2.0756874084472656,6.853262901306152,4.189788103103638,,,,,,
8789940000.0,124.59,7.900000095367432,6391222784.0,2388.051725066015,3432.0,0.0555419921875,56246272.0,118147.39938306808,0.0012206074316054583,0.00933837890625,1.9033703804016113,-0.01902628317475319,0.524528980255127,-0.019033703953027725,7.419846951961517e-06,0.0,-0.027925552800297737,1.0215774774551392,0.739046064031534,6.343927383422852,1.7070070505142212,6.316001892089844,1.9998130798339844,6.860822916030884,4.196263313293457,,,,,,
8789940000.0,128.57,8.100000381469727,6391222784.0,2415.197752358807,3433.0,0.0567626953125,56262656.0,118154.18309259415,0.0010340036824345589,0.00262451171875,1.92498779296875,-0.0194100309163332,0.4906555712223053,-0.019249876961112022,-0.00016015581786632538,0.0,-0.02878066897392273,0.9875093698501587,0.7520652039334369,6.409853935241699,1.72765052318573,6.381072998046875,1.9832264184951782,6.783709526062012,4.184245586395264,,,,,,
8789940000.0,124.87,8.5,6391222784.0,2404.111843968875,3434.0,0.0653076171875,56279040.0,118160.99808335304,0.0026317385490983725,0.0238037109375,1.9791886806488037,-0.018643511459231377,0.44903409481048584,-0.01979188807308674,0.0011483748676255345,0.0,0.016873963177204132,0.9494437575340271,0.7900503132852261,6.491631031036377,1.8170838356018066,6.508504390716553,2.072103261947632,6.814990758895874,4.196834325790405,,,,,,
8789940000.0,139.06,7.699999809265137,6391222784.0,2293.0858575655825,3435.0,0.0726318359375,56295424.0,118168.14304041862,0.0020233248360455036,0.01593017578125,1.9523320198059082,-0.01919761672616005,0.6570134162902832,-0.019523320719599724,0.00032570213079452515,0.0,-0.040995486080646515,1.1432093381881714,0.7327354184176083,6.521207809448242,1.8734283447265625,6.480212211608887,2.211338520050049,7.144957065582275,4.1958653926849365,,,,,,
8789940000.0,103.51,8.5,6391222784.0,2391.621574094337,3436.0,0.0738525390625,56311808.0,118174.99362254143,0.001763410633429885,0.01531982421875,1.970828890800476,-0.018841564655303955,0.5565101504325867,-0.019708288833498955,0.0008667232468724251,0.0,0.05244722589850426,1.055631399154663,0.7565306190442412,6.409784317016602,1.9117809534072876,6.462231636047363,2.139389991760254,6.850582122802734,4.178266286849976,,,,,,
8789940000.0,94.18,8.699999809265137,6391222784.0,2375.5332022355346,3437.0,0.0665283203125,56328192.0,118181.89060044289,0.0010757897980511189,0.0076904296875,1.9583848714828491,-0.01890670135617256,0.5458462834358215,-0.019583847373723984,0.0006771478801965714,0.0,0.025442320853471756,1.0440044403076172,0.7468491125483296,6.506153106689453,1.8276309967041016,6.5315961837768555,2.0749754905700684,6.89697790145874,4.1858601570129395,,,,,,
8789940000.0,108.11,7.599999904632568,6391222784.0,2380.8604227618503,3438.0,0.0628662109375,56344576.0,118188.77214622498,0.0013111818116158247,0.00927734375,1.976747751235962,-0.01990499347448349,0.5461531281471252,-0.019767478108406067,-0.00013751722872257233,0.0,-0.040243688970804214,1.044799566268921,0.749049355314356,6.42241096496582,1.8087477684020996,6.382166862487793,2.0856380462646484,6.881545782089233,4.213676929473877,,,,,,
8789940000.0,171.06,8.100000381469727,6391222784.0,2412.778015745322,3439.0,0.0604248046875,56360960.0,118195.56265902519,0.0015061156591400504,0.01123046875,1.9818642139434814,-0.01973242312669754,0.49684804677963257,-0.019818641245365143,8.621439337730408e-05,0.0,0.0032616450916975737,0.9926105737686157,0.7643089426115555,6.441356658935547,1.7709521055221558,6.444618225097656,2.0445950031280518,6.790512800216675,4.181638240814209,,,,,,
8789940000.0,109.52,8.0,6391222784.0,2389.284877488242,3440.0,0.0628662109375,56377344.0,118202.41994094849,0.00099676672834903,0.0057373046875,2.000378131866455,-0.020322415977716446,0.5463908314704895,-0.020003778859972954,-0.0003186352550983429,0.0,-0.05557762458920479,1.045289397239685,0.7438453652695289,6.493340969085693,1.7956340312957764,6.437763214111328,2.065310001373291,6.857281923294067,4.299787759780884,,,,,,
8789940000.0,135.45,8.399999618530273,6391222784.0,2374.2973013238397,3441.0,0.0592041015625,56393728.0,118209.32050895691,0.0012128464877605438,0.0068359375,1.9877355098724365,-0.019640881568193436,0.4725628197193146,-0.01987735740840435,0.0002364758402109146,0.0,0.03101990930736065,0.9688231945037842,0.7473078582951262,6.394748687744141,1.683083415031433,6.425768852233887,1.9272974729537964,6.900568008422852,4.202245235443115,,,,,,
8789940000.0,141.72,8.399999618530273,6391222784.0,2384.960831127696,3442.0,0.048828125,56410112.0,118216.19022345543,0.0013412844855338335,0.0076904296875,2.0278077125549316,-0.01961485669016838,0.3981975317001343,-0.020278077572584152,0.0006632199510931969,0.0,-0.01162075623869896,0.8920631408691406,0.7614175440400132,6.307199954986572,1.625291109085083,6.295578956604004,1.8263171911239624,6.8697144985198975,4.1926658153533936,,,,,,
8789940000.0,129.93,8.600000381469727,6391222784.0,2393.541677165195,3443.0,0.0531005859375,56426496.0,118223.03531002998,0.0012263280805200338,0.00701904296875,1.996050238609314,-0.020083190873265266,0.38789045810699463,-0.019960502162575722,-0.0001226905733346939,0.0,0.030991755425930023,0.8794560432434082,0.7702807592326141,6.328092575073242,1.6318752765655518,6.359084606170654,1.8349125385284424,6.845086574554443,4.185661792755127,,,,,,
8789940000.0,179.3,7.900000095367432,6391222784.0,2327.387186430281,3444.0,0.047607421875,56442880.0,118230.07496380806,0.0011452777544036508,0.00872802734375,1.9872543811798096,-0.019594933837652206,0.3875676393508911,-0.019872544333338737,0.0002776114270091057,0.0,-0.034835025668144226,0.882878303527832,0.7748728872480213,6.23624849319458,1.6149990558624268,6.201413631439209,1.8607462644577026,7.039653778076172,4.359673261642456,,,,,,
8789940000.0,156.01,8.5,6391222784.0,2373.081697827184,3445.0,0.057373046875,56459264.0,118236.97906661034,0.0010457899188622832,0.0068359375,1.9718437194824219,-0.019927583634853363,0.4510818421840668,-0.019718436524271965,-0.00020914338529109955,0.0,0.016467314213514328,0.9489534497261047,0.764631839120989,6.308722972869873,1.7321780920028687,6.32519006729126,1.9560096263885498,6.904102802276611,4.19152569770813,,,,,,
8789940000.0,135.03,7.900000095367432,6391222784.0,2357.1487111131387,3446.0,0.05859375,56475648.0,118243.92983722687,0.0011287962552160025,0.0059814453125,2.0019452571868896,-0.01941545493900776,0.4785638451576233,-0.020019451156258583,0.0006039980798959732,0.0,-0.044932637363672256,0.9779897928237915,0.7637218264248061,6.409987449645996,1.7568440437316895,6.365055084228516,2.011975049972534,6.950770616531372,4.19952654838562,,,,,,
8789940000.0,191.47,7.800000190734863,6391222784.0,2363.3145290200177,3447.0,0.04638671875,56492032.0,118250.86247348785,0.001586279715411365,0.01239013671875,2.0422420501708984,-0.020301714539527893,0.415052205324173,-0.020422421395778656,0.00012070615775883198,0.0,0.0021258797496557236,0.9130105972290039,0.7450511483800509,6.220081329345703,1.6016656160354614,6.222207069396973,1.8082126379013062,6.932636260986328,4.213653087615967,,,,,,
8789940000.0,160.65,7.900000095367432,6391222784.0,2327.353765613913,3448.0,0.0469970703125,56508416.0,118257.90222835541,0.001470726914703846,0.01104736328125,2.0110576152801514,-0.020438002422451973,0.4432517886161804,-0.02011057548224926,-0.00032742880284786224,0.0,-0.005925600416958332,0.9414069652557373,0.7684103700072112,6.214995384216309,1.7078920602798462,6.209069728851318,1.956220269203186,7.039754867553711,4.243150472640991,,,,,,
8789940000.0,148.09,8.0,6391222784.0,2332.9036304867063,3449.0,0.0506591796875,56524800.0,118264.92523598671,0.0016949174460023642,0.01483154296875,2.0147905349731445,-0.01965842954814434,0.4044921100139618,-0.020147906616330147,0.0004894770681858063,0.0,-0.04180093854665756,0.8994008302688599,0.7802376807795871,6.204352855682373,1.6735137701034546,6.1625518798828125,1.918565034866333,7.02300763130188,4.225823879241943,,,,,,
8789940000.0,167.62,8.0,6391222784.0,2257.142248802165,3450.0,0.0543212890625,56541184.0,118272.18397212029,0.001378918532282114,0.01055908203125,2.0390405654907227,-0.01930231787264347,0.490023136138916,-0.020390408113598824,0.0010880865156650543,0.0,-0.009961915202438831,0.9903644919395447,0.7490436946845438,6.174262046813965,1.7220079898834229,6.164299964904785,1.976952075958252,7.2587361335754395,4.408344507217407,,,,,,
8789940000.0,179.02,7.800000190734863,6391222784.0,2388.059442838415,3451.0,0.030517578125,56557568.0,118279.04477286339,0.0020238130819052458,0.01727294921875,2.052281141281128,-0.020056527107954025,0.3407396972179413,-0.020522810518741608,0.00046628154814243317,0.0,-0.0745244100689888,0.8238192200660706,0.7445137217771207,5.955812454223633,1.4476288557052612,5.881288051605225,1.6298526525497437,6.860800743103027,4.1973960399627686,,,,,,
8789940000.0,181.39,7.5,6391222784.0,2376.1069402871,3452.0,0.0323486328125,56573952.0,118285.94008541107,0.0014691960532218218,0.011962890625,2.077666759490967,-0.021012838929891586,0.3111149072647095,-0.020776668563485146,-0.00023616943508386612,0.0,-0.06645913422107697,0.7883788347244263,0.7790317344093782,5.801748275756836,1.4712259769439697,5.735289096832275,1.6771422624588013,6.895312547683716,4.244161128997803,,,,,,
8789940000.0,167.28,7.5,6391222784.0,2345.99419928717,3453.0,0.04150390625,56590336.0,118292.92390489578,0.0022518550977110863,0.0205078125,2.1020987033843994,-0.020261093974113464,0.43022722005844116,-0.021020986139774323,0.000759894959628582,0.0,-0.03256697207689285,0.9267087578773499,0.7466283456463458,5.899801254272461,1.5585764646530151,5.867234230041504,1.841044306755066,6.983819484710693,4.211137533187866,,,,,,
8789940000.0,202.01,7.900000095367432,6391222784.0,2343.3185905008672,3454.0,0.0628662109375,56606720.0,118299.91569852829,0.0068360790610313416,0.05322265625,2.0606822967529297,-0.019157350063323975,0.5240551233291626,-0.02060682699084282,0.0014494787901639938,0.0,0.016597308218479156,1.0251879692077637,0.7685291708269647,6.229750633239746,1.8287404775619507,6.246347904205322,2.130862236022949,6.991793632507324,4.193253517150879,,,,,,
8789940000.0,136.29,8.199999809265137,6391222784.0,2414.949322612451,3455.0,0.0604248046875,56623104.0,118306.70010590553,0.002265181392431259,0.0203857421875,2.0581583976745605,-0.018989279866218567,0.4953376054763794,-0.02058158442378044,0.0015923026949167252,0.0,0.0497177429497242,0.9900192618370056,0.7747666299607848,6.333871841430664,1.830825924873352,6.383589744567871,2.086061716079712,6.784407377243042,4.181570768356323,,,,,,
,,,,,,,,,,,,,,,,,,,,,,,,,,0.032405633479356766,0.5262061357498169,0.4872327744960785,0.032405633479356766,0.5262061357498169,0.4872327744960785
,,,,,,,,,,,,,,,,,,,,,,,,,,0.02834678255021572,0.47661593556404114,0.4521757662296295,0.02834678255021572,0.47661593556404114,0.4521757662296295
,,,,,,,,,,,,,,,,,,,,,,,,,,0.02697223424911499,0.4507692754268646,0.4315091669559479,0.02697223424911499,0.4507692754268646,0.4315091669559479
,,,,,,,,,,,,,,,,,,,,,,,,,,0.025870921090245247,0.43046829104423523,0.4147987365722656,0.025870921090245247,0.43046829104423523,0.4147987365722656
,,,,,,,,,,,,,,,,,,,,,,,,,,0.02574465610086918,0.4166715443134308,0.3984795808792114,0.02574465610086918,0.4166715443134308,0.3984795808792114
,,,,,,,,,,,,,,,,,,,,,,,,,,0.025073057040572166,0.4020580053329468,0.3852773904800415,0.025073057040572166,0.4020580053329468,0.3852773904800415
8789940000.0,136.99,8.5,6188634112.0,18.481450418276033,3456.0,0.0677490234375,56639488.0,119193.21061396599,0.0013261146377772093,0.00872802734375,2.0328316688537598,-0.020384399220347404,0.532249391078949,-0.02032831683754921,-5.6080287322402e-05,0.0,0.03209418058395386,1.0292751789093018,0.7419291899564067,6.659365653991699,1.808631181716919,6.691459655761719,2.026104211807251,886.5105080604553,4.202693462371826,,,,,,
8789940000.0,99.33,8.300000190734863,6391222784.0,2435.930127265203,3457.0,0.0689697265625,56655872.0,119199.93658685684,0.0014967306051403284,0.00958251953125,2.0721521377563477,-0.019896797835826874,0.5709019303321838,-0.020721521228551865,0.0008247258374467492,0.0,0.0003036158159375191,1.0673304796218872,0.7251093274453313,6.689267158508301,1.819828748703003,6.689570426940918,2.0357232093811035,6.725972890853882,4.200908184051514,,,,,,
8789940000.0,138.62,7.699999809265137,6391222784.0,2427.231910459044,3458.0,0.0604248046875,56672256.0,119206.68666291237,0.0005430651362985373,0.001708984375,2.0938920974731445,-0.020859574899077415,0.5654016733169556,-0.020938921719789505,7.934309542179108e-05,0.0,-0.00488677155226469,1.0636643171310425,0.7421903578870266,6.564749717712402,1.7819744348526,6.559863090515137,2.0948615074157715,6.750076055526733,4.186485528945923,,,,,,
8789940000.0,109.02,8.800000190734863,6391222784.0,2383.4473157017933,3459.0,0.072021484375,56688640.0,119213.56073975563,0.0008609086507931352,0.00482177734375,2.081723690032959,-0.021222416311502457,0.48028767108917236,-0.020817236974835396,-0.00040517933666706085,0.0,0.08087143301963806,0.9761225581169128,0.7661073083676495,6.767841339111328,1.7859508991241455,6.848712921142578,2.018348217010498,6.874076843261719,4.198858737945557,,,,,,
8789940000.0,124.67,7.800000190734863,6391222784.0,2375.9978389042526,3460.0,0.0701904296875,56705024.0,119220.45636892319,0.0007501421496272087,0.0025634765625,2.069766044616699,-0.02078194171190262,0.5767164826393127,-0.020697658881545067,-8.427770808339119e-05,0.0,-0.05048932135105133,1.0728766918182373,0.7364723685909311,6.806841850280762,1.8224742412567139,6.75635290145874,2.0899555683135986,6.895629167556763,4.182459592819214,,,,,,
8789940000.0,110.26,8.199999809265137,6391222784.0,2416.924421825036,3461.0,0.068359375,56721408.0,119227.23523211479,0.002440275391563773,0.01959228515625,2.0144827365875244,-0.01998971402645111,0.6405715942382812,-0.020144829526543617,0.00015511177480220795,0.0,0.022590691223740578,1.1296640634536743,0.7076386240090472,6.697433948516846,1.796379566192627,6.720024585723877,2.0892446041107178,6.778863191604614,4.202780723571777,,,,,,
8789940000.0,116.55,8.0,6391222784.0,2400.0220703128,3462.0,0.086669921875,56737792.0,119234.06183600426,0.0013740203576162457,0.0096435546875,2.0253772735595703,-0.02002311311662197,0.6311616897583008,-0.020253771916031837,0.00023065973073244095,0.0,0.028266265988349915,1.1227205991744995,0.7326344442072661,6.95640754699707,1.8984943628311157,6.984673500061035,2.171295404434204,6.826603889465332,4.175667762756348,,,,,,
8789940000.0,95.48,8.600000381469727,6391222784.0,2395.5999805617475,3463.0,0.0885009765625,56754176.0,119240.9010412693,0.0015062172897160053,0.00994873046875,2.0153801441192627,-0.020023509860038757,0.5153723955154419,-0.020153800025582314,0.00013029132969677448,0.0,0.04748404771089554,1.0154762268066406,0.7596051556631764,6.9256439208984375,1.8498070240020752,6.973127841949463,2.0711283683776855,6.839205265045166,4.197052478790283,,,,,,
8789940000.0,113.39,8.199999809265137,6391222784.0,2379.090568256964,3464.0,0.0726318359375,56770560.0,119247.78770637512,0.001511210110038519,0.0064697265625,2.041372060775757,-0.020780319347977638,0.5406250357627869,-0.02041371911764145,-0.0003665965050458908,0.0,0.015794645994901657,1.0365992784500122,0.7509691713433195,6.631101131439209,1.8132870197296143,6.646895408630371,2.0772271156311035,6.886665105819702,4.181920766830444,,,,,,
8789940000.0,139.46,8.199999809265137,6391222784.0,2389.3246697634013,3465.0,0.059814453125,56786944.0,119254.64487409592,0.0014900686219334602,0.01007080078125,2.094329595565796,-0.02065524272620678,0.4621615409851074,-0.0209432952105999,0.00028804875910282135,0.0,-0.023460032418370247,0.9592681527137756,0.7649941429670203,6.56782341003418,1.7305335998535156,6.544363021850586,1.9787936210632324,6.857167720794678,4.200556516647339,,,,,,
8789940000.0,148.46,7.599999904632568,6391222784.0,2398.4188162554283,3466.0,0.0555419921875,56803328.0,119261.47604131699,0.002645468572154641,0.02288818359375,2.0853304862976074,-0.0206343624740839,0.5295774340629578,-0.020853307098150253,0.00021893810480833054,0.0,-0.06326470524072647,1.0264439582824707,0.7451898770649119,6.5250067710876465,1.7356631755828857,6.461742401123047,2.033419370651245,6.831167221069336,4.201516628265381,,,,,,
8789940000.0,131.74,7.699999809265137,6391222784.0,2381.7403943508652,3467.0,0.05615234375,56819712.0,119268.35504460335,0.0007313483511097729,0.0023193359375,2.091113328933716,-0.02110137790441513,0.439523845911026,-0.02091113291680813,-0.00019024638459086418,0.0,-0.040063440799713135,0.9383716583251953,0.7767959029545782,6.342921733856201,1.694679617881775,6.302858352661133,1.9862042665481567,6.879003286361694,4.196826696395874,,,,,,
8789940000.0,100.26,8.5,6391222784.0,2373.4031467310338,3468.0,0.068359375,56836096.0,119275.25821232796,0.0009134199935942888,0.00518798828125,2.0679428577423096,-0.020099639892578125,0.5225967168807983,-0.020679427310824394,0.0005797874182462692,0.0,-0.015506833791732788,1.0215801000595093,0.7549131232539166,6.492337226867676,1.787227988243103,6.47683048248291,2.063537120819092,6.903167724609375,4.193159580230713,,,,,,
8789940000.0,113.51,8.0,6391222784.0,2395.6485020023442,3469.0,0.0665283203125,56852480.0,119282.09727907181,0.0007140478701330721,0.00347900390625,2.0345466136932373,-0.020583700388669968,0.5555689334869385,-0.020345468074083328,-0.0002382323145866394,0.0,-0.030994348227977753,1.0487263202667236,0.7296034014362687,6.548981666564941,1.7767657041549683,6.517987251281738,2.0167946815490723,6.839066743850708,4.18000864982605,,,,,,
8789940000.0,127.19,8.199999809265137,6391222784.0,2370.1414785884267,3470.0,0.064697265625,56868864.0,119289.0099465847,0.0011155474931001663,0.00537109375,2.0180578231811523,-0.020423760637640953,0.5605252385139465,-0.020180577412247658,-0.00024318182840943336,0.0,-0.032585542649030685,1.0592923164367676,0.7392706577348057,6.474709510803223,1.782181739807129,6.442124366760254,2.074535608291626,6.912667512893677,4.190072298049927,,,,,,
8789940000.0,128.94,8.300000190734863,6391222784.0,2399.0211673337685,3471.0,0.064697265625,56885248.0,119295.83939862251,0.0008366481633856893,0.00384521484375,2.0319607257843018,-0.019889922812581062,0.4573267102241516,-0.020319603383541107,0.00042968103662133217,0.0,0.002086317166686058,0.9572017192840576,0.778930447818198,6.488314151763916,1.8165220022201538,6.490400314331055,2.0358176231384277,6.829452037811279,4.19645619392395,,,,,,
8789940000.0,119.32,8.399999618530273,6391222784.0,2375.997510300764,3472.0,0.052490234375,56901632.0,119302.73502874374,0.0007927519036456943,0.00390625,2.044053316116333,-0.02010968327522278,0.4407854974269867,-0.020440533757209778,0.00033084675669670105,0.0,0.007103244308382273,0.9360084533691406,0.7695444803852539,6.242678642272949,1.7487374544143677,6.249781608581543,1.9497826099395752,6.895630121231079,4.197325706481934,,,,,,
8789940000.0,159.14,7.5,6391222784.0,2378.4616315602666,3473.0,0.0494384765625,56918016.0,119309.62351489067,0.0011044214479625225,0.00665283203125,2.0779519081115723,-0.020458724349737167,0.47631707787513733,-0.020779520273208618,0.00032079964876174927,0.0,-0.06455008685588837,0.9778892993927002,0.7512893135323722,6.118135452270508,1.713022232055664,6.053585529327393,1.9608402252197266,6.88848614692688,4.205975770950317,,,,,,
8789940000.0,149.46,7.900000095367432,6391222784.0,2382.466877269744,3474.0,0.0604248046875,56934400.0,119316.50042057037,0.0014896448701620102,0.01068115234375,2.031158447265625,-0.02099495567381382,0.4624671936035156,-0.02031158283352852,-0.000683370977640152,0.0,-0.00011700950562953949,0.9621289372444153,0.7820754134279789,6.308866500854492,1.757212519645691,6.308749198913574,2.0610105991363525,6.876905679702759,4.1805126667022705,,,,,,
8789940000.0,115.78,7.900000095367432,6391222784.0,2337.307253112134,3475.0,0.0714111328125,56950784.0,119323.51019644737,0.0034684413112699986,0.03094482421875,2.009707450866699,-0.02101496420800686,0.4896984100341797,-0.020097075030207634,-0.0009178877808153629,0.0,-0.025295868515968323,0.9893110394477844,0.79125888274503,6.362242698669434,1.843589425086975,6.336946964263916,2.165353536605835,7.009775876998901,4.368574380874634,,,,,,
8789940000.0,114.56,8.399999618530273,6391222784.0,2399.602956827804,3476.0,0.0799560546875,56967168.0,119330.33799266815,0.0005802965024486184,0.001220703125,1.97567617893219,-0.020237240940332413,0.5904653072357178,-0.019756760448217392,-0.00048048142343759537,0.0,0.06369604915380478,1.087912678718567,0.7718561051702291,6.576184272766113,1.9733387231826782,6.639880180358887,2.2776646614074707,6.827796220779419,4.195854187011719,,,,,,
8789940000.0,99.4,8.199999809265137,6391222784.0,2385.342470412347,3477.0,0.086669921875,56983552.0,119337.20660805702,0.002801051829010248,0.010009765625,1.9474170207977295,-0.016933046281337738,0.652589738368988,-0.019474171102046967,0.0025411266833543777,0.0,0.07528644055128098,1.1408557891845703,0.7429723968192055,6.633781909942627,1.9950870275497437,6.709068298339844,2.250302314758301,6.868615388870239,4.243318796157837,,,,,,
8789940000.0,116.91,7.5,6391222784.0,2352.310818480322,3478.0,0.08056640625,56999936.0,119344.17167401314,0.001684253802523017,0.01263427734375,1.9549769163131714,-0.019113173708319664,0.735427737236023,-0.019549768418073654,0.0004365961067378521,0.0,-0.05866405367851257,1.2118818759918213,0.7260302019778795,6.613814830780029,2.0145962238311768,6.555150508880615,2.3153085708618164,6.965065956115723,4.238837480545044,,,,,,
8789940000.0,76.93,8.899999618530273,6391222784.0,2375.0847542591137,3479.0,0.091552734375,57016320.0,119351.06995415688,0.0007060792413540184,0.00274658203125,1.9575148820877075,-0.019529838114976883,0.5661118030548096,-0.019575146958231926,4.53069806098938e-05,0.0,0.07559287548065186,1.0617495775222778,0.7713604102953109,6.750173568725586,1.9650822877883911,6.825766563415527,2.2204771041870117,6.898280143737793,4.195356845855713,,,,,,
8789940000.0,99.7,7.900000095367432,6391222784.0,2302.5685473710846,3480.0,0.0762939453125,57032704.0,119358.18548607826,0.0013676031958311796,0.00909423828125,1.9638155698776245,-0.018985671922564507,0.5593912601470947,-0.01963815465569496,0.0006524818018078804,0.0,-0.05482416972517967,1.0553797483444214,0.7769610319920128,6.634637832641602,1.9397475719451904,6.579813480377197,2.234694242477417,7.115531921386719,4.401965618133545,,,,,,
8789940000.0,133.04,8.0,6391222784.0,2413.069466906688,3481.0,0.0762939453125,57049088.0,119364.97517871857,0.0008589982753619552,0.00323486328125,2.001699924468994,-0.020411621779203415,0.6520003080368042,-0.020016998052597046,-0.000394623726606369,0.0,-0.03383900225162506,1.141812801361084,0.7511548432911268,6.507605075836182,1.9503734111785889,6.473765850067139,2.288918972015381,6.789692640304565,4.19753098487854,,,,,,
8789940000.0,101.92,7.699999809265137,6391222784.0,2385.8280987350117,3482.0,0.068359375,57065472.0,119371.84239602089,0.0011723712086677551,0.0076904296875,2.0003631114959717,-0.01985063962638378,0.5843170881271362,-0.020003629848361015,0.0001529911532998085,0.0,-0.043497487902641296,1.082015037536621,0.7512151905640089,6.4941558837890625,1.912332534790039,6.450658798217773,2.169309139251709,6.867217302322388,4.189888000488281,,,,,,
8789940000.0,129.83,7.699999809265137,6391222784.0,2373.2879822819855,3483.0,0.074462890625,57081856.0,119378.7458987236,0.0006592054851353168,0.00250244140625,2.001478433609009,-0.019848309457302094,0.5922404527664185,-0.02001478523015976,0.00016647716984152794,0.0,0.005991662852466106,1.0881205797195435,0.7498544178726609,6.397300720214844,1.8882604837417603,6.403292655944824,2.1756081581115723,6.903502702713013,4.296095609664917,,,,,,
8789940000.0,98.24,8.300000190734863,6391222784.0,2350.1866598668507,3484.0,0.0799560546875,57098240.0,119385.71725988388,0.0013530224096029997,0.010009765625,1.9539332389831543,-0.01932847499847412,0.602402925491333,-0.019539333879947662,0.00021085329353809357,0.0,0.0701863169670105,1.0980292558670044,0.7600308625741394,6.54261589050293,1.9525622129440308,6.612801551818848,2.241485834121704,6.97136116027832,4.22507119178772,,,,,,
8789940000.0,97.52,8.399999618530273,6391222784.0,2400.2608988898814,3485.0,0.0830078125,57114624.0,119392.54318451881,0.0011576164979487658,0.0069580078125,1.944536566734314,-0.019262727349996567,0.6062384247779846,-0.01944536529481411,0.00018264073878526688,0.0,0.05425812304019928,1.0975815057754517,0.7502350368890307,6.698178291320801,1.9423027038574219,6.752436637878418,2.1961963176727295,6.825924634933472,4.23289680480957,,,,,,
8789940000.0,107.02,7.900000095367432,6391222784.0,2391.8106153275507,3486.0,0.0775146484375,57131008.0,119399.39322519302,0.0008586041512899101,0.00384521484375,1.9499127864837646,-0.01945246383547783,0.6570270657539368,-0.019499128684401512,4.66667115688324e-05,0.0,-0.06378989666700363,1.139803409576416,0.7475720866107298,6.731353282928467,1.9712564945220947,6.667562961578369,2.2686169147491455,6.850040674209595,4.207200288772583,,,,,,
8789940000.0,83.68,7.800000190734863,6391222784.0,2343.6062097716094,3487.0,0.074462890625,57147392.0,119406.38416075706,0.000847730552777648,0.00390625,1.974707007408142,-0.019060717895627022,0.6344087719917297,-0.019747069105505943,0.0006863483577035367,0.0,-0.0339343287050724,1.127353549003601,0.7433732616384546,6.573973655700684,1.9307962656021118,6.540040016174316,2.2254066467285156,6.990935564041138,4.314886808395386,,,,,,
,,,,,,,,,,,,,,,,,,,,,,,,,,0.01990426890552044,0.585545539855957,0.5452097058296204,0.01990426890552044,0.585545539855957,0.5452097058296204
,,,,,,,,,,,,,,,,,,,,,,,,,,0.019209813326597214,0.5370548963546753,0.509647786617279,0.019209813326597214,0.5370548963546753,0.509647786617279
,,,,,,,,,,,,,,,,,,,,,,,,,,0.01864621229469776,0.5101447701454163,0.48656967282295227,0.01864621229469776,0.5101447701454163,0.48656967282295227
,,,,,,,,,,,,,,,,,,,,,,,,,,0.019114453345537186,0.4904344975948334,0.4683229923248291,0.019114453345537186,0.4904344975948334,0.4683229923248291
,,,,,,,,,,,,,,,,,,,,,,,,,,0.018772177398204803,0.4709499180316925,0.45270270109176636,0.018772177398204803,0.4709499180316925,0.45270270109176636
,,,,,,,,,,,,,,,,,,,,,,,,,,0.019471386447548866,0.45621123909950256,0.4376665949821472,0.019471386447548866,0.45621123909950256,0.4376665949821472
8789940000.0,102.88,7.5,6188634112.0,18.4147292051246,3488.0,0.064697265625,57163776.0,120296.10672020912,0.0006887039635330439,0.0029296875,2.022949695587158,-0.020040974020957947,0.6440480947494507,-0.02022949419915676,0.00018852204084396362,0.0,-0.10019463300704956,1.1392815113067627,0.7199854781119237,6.526806831359863,1.8992948532104492,6.42661190032959,2.1529831886291504,889.7225594520569,4.18949818611145,,,,,,
8789940000.0,123.94,7.900000095367432,6391222784.0,2442.9670820477027,3489.0,0.062255859375,57180160.0,120302.81331896782,0.001478994032368064,0.0098876953125,2.008423328399658,-0.020851584151387215,0.601664662361145,-0.020084235817193985,-0.0007673506624996662,0.0,0.005288571119308472,1.0953435897827148,0.7226018035201086,6.473142147064209,1.7981488704681396,6.47843074798584,2.0796895027160645,6.70659875869751,4.188019514083862,,,,,,
8789940000.0,91.24,8.600000381469727,6391222784.0,2396.7498240091427,3490.0,0.086669921875,57196544.0,120309.64924311638,0.0012456491822376847,0.00665283203125,1.97636878490448,-0.019673656672239304,0.5989943742752075,-0.019763685762882233,9.003188461065292e-05,0.0,0.07977345585823059,1.0934312343597412,0.7409734667085439,6.742511749267578,1.8819266557693481,6.8222856521606445,2.148420810699463,6.83592414855957,4.199353933334351,,,,,,
8789940000.0,99.64,8.399999618530273,6391222784.0,2434.9559127182133,3491.0,0.0933837890625,57212928.0,120316.37790703773,0.0009906030027195811,0.00494384765625,1.9563372135162354,-0.018682455644011497,0.6390789747238159,-0.019563371315598488,0.0008809175342321396,0.0,0.07798376679420471,1.1259721517562866,0.7268849738469054,6.97446870803833,1.8853468894958496,7.052452564239502,2.1545424461364746,6.728663921356201,4.190326452255249,,,,,,
8789940000.0,84.53,8.0,6391222784.0,2402.0352837621526,3492.0,0.0872802734375,57229312.0,120323.19878935814,0.0011888666776940227,0.008544921875,1.9446440935134888,-0.019348841160535812,0.7033491730690002,-0.019446440041065216,9.759608656167984e-05,0.0,-0.06836623698472977,1.1849004030227661,0.7117582489202123,7.000151634216309,1.9045047760009766,6.931785583496094,2.2070069313049316,6.820882320404053,4.204555511474609,,,,,,
8789940000.0,110.14,8.100000381469727,6391222784.0,2383.3949887490207,3493.0,0.064697265625,57245696.0,120330.07301712036,0.0015476035187020898,0.0137939453125,1.95955491065979,-0.019459811970591545,0.55370032787323,-0.019595550373196602,0.00013573653995990753,0.0,-0.012768233194947243,1.0482789278030396,0.7301379533090121,6.625385284423828,1.72866690158844,6.612617492675781,2.0179283618927,6.87422776222229,4.195369243621826,,,,,,
8789940000.0,97.53,7.800000190734863,6391222784.0,2416.1666667018267,3494.0,0.0775146484375,57262080.0,120336.85400629044,0.000701478507835418,0.00372314453125,1.9169034957885742,-0.019325070083141327,0.670744776725769,-0.01916903257369995,-0.00015603657811880112,0.0,-0.028013302013278008,1.155303716659546,0.6950613842058941,6.744831085205078,1.760972499847412,6.716817855834961,2.0921363830566406,6.780989170074463,4.203559875488281,,,,,,
8789940000.0,110.7,8.300000190734863,6391222784.0,2415.757097289663,3495.0,0.0732421875,57278464.0,120343.6361451149,0.0008445675484836102,0.00421142578125,1.9381219148635864,-0.019034862518310547,0.6152322292327881,-0.019381219521164894,0.00034635700285434723,0.0,-0.04745786637067795,1.1099275350570679,0.7226502027755712,6.819562911987305,1.7782812118530273,6.772104740142822,2.1075634956359863,6.782138824462891,4.201248407363892,,,,,,
8789940000.0,105.69,8.0,6391222784.0,2372.6275394895133,3496.0,0.067138671875,57294848.0,120350.54156947136,0.0010111108422279358,0.00433349609375,1.9664695262908936,-0.018623406067490578,0.6010110378265381,-0.019664695486426353,0.0010412894189357758,0.0,-0.005010401364415884,1.0929534435272217,0.718889501007393,6.412879943847656,1.749863624572754,6.407870292663574,2.061406373977661,6.905424356460571,4.207025051116943,,,,,,
8789940000.0,92.82,8.300000190734863,6391222784.0,2411.2507436003734,3497.0,0.0701904296875,57311232.0,120357.33638334274,0.0006939001614227891,0.0035400390625,1.9539973735809326,-0.01879703626036644,0.536914050579071,-0.01953997276723385,0.0007429368561133742,0.0,0.00503686023876071,1.033528208732605,0.7653049755871585,6.443363666534424,1.810516119003296,6.448400497436523,2.133389472961426,6.794813871383667,4.1856324672698975,,,,,,
8789940000.0,132.21,7.900000095367432,6391222784.0,2412.3487618697714,3498.0,0.072021484375,57327616.0,120364.12810444832,0.0011068752501159906,0.0064697265625,1.9637588262557983,-0.019006753340363503,0.629340410232544,-0.019637588411569595,0.0006308341398835182,0.0,-0.01258232444524765,1.1208059787750244,0.7521265385420874,6.584914684295654,1.9980088472366333,6.572332382202148,2.2512080669403076,6.7917211055755615,4.193364143371582,,,,,,
8789940000.0,122.63,8.399999618530273,6391222784.0,2430.186997664994,3499.0,0.074462890625,57344000.0,120370.86997246742,0.000821433961391449,0.004638671875,1.946310043334961,-0.01932128518819809,0.5455322861671448,-0.019463099539279938,0.0001418120227754116,0.0,0.05699169635772705,1.0444245338439941,0.7672376904682905,6.528752326965332,1.8775949478149414,6.5857439041137695,2.164813756942749,6.741868019104004,4.195904970169067,,,,,,
8789940000.0,104.59,7.699999809265137,6391222784.0,2426.5490761635006,3500.0,0.079345703125,57360384.0,120377.62194800377,0.0014293571002781391,0.00927734375,1.9223283529281616,-0.01929934322834015,0.6349053978919983,-0.019223283976316452,-7.606204599142075e-05,0.0,-0.045361898839473724,1.126505732536316,0.7537403767753271,6.573756217956543,1.9603924751281738,6.528393745422363,2.2700562477111816,6.7519755363464355,4.186954736709595,,,,,,
8789940000.0,117.96,8.600000381469727,6391222784.0,2409.0636147328264,3501.0,0.079345703125,57376768.0,120384.42293071747,0.0012295092456042767,0.0062255859375,1.9543639421463013,-0.019198399037122726,0.5295078158378601,-0.019543638452887535,0.0003452356904745102,0.0,0.031301505863666534,1.0268865823745728,0.7699679110923665,6.544049263000488,1.888801097869873,6.575350761413574,2.141057252883911,6.800982713699341,4.19916844367981,,,,,,
8789940000.0,122.39,8.300000190734863,6391222784.0,2388.7144734153208,3502.0,0.0640869140625,57393152.0,120391.28185009956,0.0005733873113058507,0.00213623046875,1.9875571727752686,-0.019709087908267975,0.5845527648925781,-0.019875571131706238,0.00016647856682538986,0.0,0.008477240800857544,1.0767085552215576,0.7215407747345841,6.455578804016113,1.7857850790023804,6.464056015014648,2.040410041809082,6.858919382095337,4.202126979827881,,,,,,
8789940000.0,114.11,8.199999809265137,6391222784.0,2378.42713941704,3503.0,0.067138671875,57409536.0,120398.17043614388,0.0009404213633388281,0.005615234375,1.9893651008605957,-0.01931583695113659,0.5465232729911804,-0.019893651828169823,0.0005778111517429352,0.0,-0.011717811226844788,1.0468883514404297,0.7482946747505608,6.592063903808594,1.8535199165344238,6.58034610748291,2.086672067642212,6.888586044311523,4.1922807693481445,,,,,,
8789940000.0,101.17,8.800000190734863,6391222784.0,2392.8980784798546,3504.0,0.07568359375,57425920.0,120405.0173637867,0.0011791971046477556,0.0068359375,1.9777735471725464,-0.019981086254119873,0.5552605390548706,-0.019777735695242882,-0.0002033524215221405,0.0,0.026218343526124954,1.0519068241119385,0.7564752378515249,6.613702774047852,1.8421772718429565,6.639920711517334,2.1315996646881104,6.846927642822266,4.1841020584106445,,,,,,
8789940000.0,106.82,8.5,6391222784.0,2427.5424713128673,3505.0,0.076904296875,57442304.0,120411.76657629013,0.001194898970425129,0.00537109375,1.9707492589950562,-0.019511131569743156,0.5943990349769592,-0.019707491621375084,0.00019635679200291634,0.0,0.001337926834821701,1.0893062353134155,0.7373552665620431,6.75919771194458,1.8067328929901123,6.760535717010498,2.1255218982696533,6.7492125034332275,4.202771902084351,,,,,,
8789940000.0,113.85,8.300000190734863,6391222784.0,2395.3584047795434,3506.0,0.0750732421875,57458688.0,120418.60647130013,0.0008508253376930952,0.00445556640625,1.9819246530532837,-0.019610822200775146,0.5582537651062012,-0.019819246605038643,0.0002084244042634964,0.0,0.014644037932157516,1.0567573308944702,0.7380992756183403,6.716635704040527,1.7754485607147217,6.731280326843262,2.0649378299713135,6.839895009994507,4.179032802581787,,,,,,
8789940000.0,89.57,8.100000381469727,6391222784.0,2349.8307297213482,3507.0,0.074462890625,57475072.0,120425.57888841629,0.001255280221812427,0.00885009765625,2.0118346214294434,-0.01955997571349144,0.6235552430152893,-0.020118344575166702,0.0005583763122558594,0.0,-0.022904252633452415,1.1158998012542725,0.7327055817962147,6.733471870422363,1.9051910638809204,6.710567474365234,2.158390998840332,6.972417116165161,4.186824798583984,,,,,,
8789940000.0,76.33,8.699999809265137,6391222784.0,2360.9384546207134,3508.0,0.0909423828125,57491456.0,120432.51850175858,0.0013959307689219713,0.00994873046875,1.9957916736602783,-0.019235998392105103,0.586000919342041,-0.01995791494846344,0.0007219193503260612,0.0,0.02852356992661953,1.0825016498565674,0.7600327293077884,6.945784568786621,1.8974379301071167,6.974308490753174,2.2097983360290527,6.939613342285156,4.183324575424194,,,,,,
8789940000.0,101.54,9.0,6391222784.0,2415.9673855982214,3509.0,0.074462890625,57507840.0,120439.30005025864,0.0016225867439061403,0.01275634765625,2.0200939178466797,-0.020353548228740692,0.5293784141540527,-0.020200936123728752,-0.00015261024236679077,0.0,0.025207234546542168,1.0281327962875366,0.7463009903610247,6.646789073944092,1.8217380046844482,6.671996116638184,2.0412204265594482,6.781548500061035,4.20819878578186,,,,,,
8789940000.0,121.09,8.800000190734863,6391222784.0,2390.7430204088278,3510.0,0.0592041015625,57524224.0,120446.15314984322,0.0011088422033935785,0.00579833984375,2.0693368911743164,-0.020775310695171356,0.3876868188381195,-0.02069336734712124,-8.194334805011749e-05,0.0,0.037007443606853485,0.8827559351921082,0.8022724363881824,6.577276229858398,1.8253633975982666,6.614284038543701,1.9852133989334106,6.853099584579468,4.185524940490723,,,,,,
8789940000.0,137.08,8.600000381469727,6391222784.0,2343.3575056774507,3511.0,0.0701904296875,57540608.0,120453.14482736588,0.0008468268206343055,0.0047607421875,2.0274906158447266,-0.020176582038402557,0.4690338969230652,-0.020274903625249863,9.832344949245453e-05,0.0,0.015404906123876572,0.9674285054206848,0.7856028352601454,6.71561336517334,1.8611899614334106,6.73101806640625,2.0893406867980957,6.991677522659302,4.186528205871582,,,,,,
8789940000.0,123.92,8.800000190734863,6391222784.0,2353.6511303502475,3512.0,0.078125,57556992.0,120460.10592699051,0.0007448630640283227,0.002685546875,2.0326836109161377,-0.020163603127002716,0.4419594407081604,-0.020326834172010422,0.00016323663294315338,0.0,0.013836909085512161,0.9389536380767822,0.8000311676305402,6.702968120574951,1.8652342557907104,6.716805458068848,2.0997283458709717,6.961099624633789,4.187054395675659,,,,,,
8789940000.0,119.33,7.300000190734863,6391222784.0,2403.2347651958457,3513.0,0.062255859375,57573376.0,120466.92340493202,0.0017808731645345688,0.01361083984375,2.0369298458099365,-0.020405152812600136,0.6398810148239136,-0.02036929875612259,-3.585219383239746e-05,0.0,-0.14957451820373535,1.122552514076233,0.7359683888638295,6.749416351318359,1.8349837064743042,6.599842071533203,2.184634208679199,6.8174779415130615,4.181469202041626,,,,,,
8789940000.0,120.77,8.199999809265137,6391222784.0,2410.0027637387075,3514.0,0.0726318359375,57589760.0,120473.7217373848,0.0011650021187961102,0.00592041015625,2.0143377780914307,-0.019856203347444534,0.5823317766189575,-0.020143376663327217,0.00028717145323753357,0.0,0.03072202578186989,1.0749677419662476,0.7407543112985835,6.633634567260742,1.8090559244155884,6.664356708526611,2.1112496852874756,6.798332452774048,4.194063425064087,,,,,,
8789940000.0,118.02,8.300000190734863,6391222784.0,2362.885631269715,3515.0,0.0677490234375,57606144.0,120480.65563201904,0.0011968642938882113,0.00762939453125,2.0164623260498047,-0.019154634326696396,0.509790301322937,-0.020164623856544495,0.0010099890641868114,0.0,0.002614139812067151,1.0072036981582642,0.7660682270293611,6.647780895233154,1.8084442615509033,6.650394916534424,2.0824406147003174,6.933894634246826,4.21189284324646,,,,,,
8789940000.0,111.21,8.100000381469727,6391222784.0,2339.108456455439,3516.0,0.074462890625,57622528.0,120487.66001009941,0.0017995979869738221,0.0150146484375,2.0115160942077637,-0.019827619194984436,0.6341397166252136,-0.020115159451961517,0.00028753839433193207,0.0,-0.0001760453451424837,1.1235450506210327,0.7338982477413329,6.708489418029785,1.8827271461486816,6.70831298828125,2.1780431270599365,7.004378080368042,4.201225280761719,,,,,,
8789940000.0,111.76,7.599999904632568,6391222784.0,2365.2161320808423,3517.0,0.0738525390625,57638912.0,120494.58707261086,0.0038972434122115374,0.0361328125,2.0322625637054443,-0.019002001732587814,0.6894760727882385,-0.02032262645661831,0.0013206186704337597,0.0,-0.04576615244150162,1.1720877885818481,0.719325304823843,6.774849891662598,1.8897573947906494,6.729083061218262,2.2123732566833496,6.927062511444092,4.187004089355469,,,,,,
8789940000.0,114.25,8.399999618530273,6391222784.0,2409.157530478336,3518.0,0.062255859375,57655296.0,120501.3877902031,0.0012430003844201565,0.00689697265625,2.027400016784668,-0.019626272842288017,0.5155152678489685,-0.020274000242352486,0.0006477255374193192,0.0,0.04481057450175285,1.0113770961761475,0.7441580760616704,6.726833343505859,1.7680366039276123,6.771644115447998,1.999528408050537,6.80071759223938,4.195653915405273,,,,,,
8789940000.0,111.97,8.699999809265137,6391222784.0,2386.7734212695154,3519.0,0.0701904296875,57671680.0,120508.25228762627,0.0015341297257691622,0.00897216796875,2.0552940368652344,-0.01985584758222103,0.36948901414871216,-0.02055293694138527,0.0006970949470996857,0.0,0.05682843551039696,0.861196756362915,0.8198185252603143,6.769639015197754,1.8374667167663574,6.826467514038086,2.0288381576538086,6.864497423171997,4.225806713104248,,,,,,
,,,,,,,,,,,,,,,,,,,,,,,,,,0.023312775418162346,0.6010357141494751,0.5515930652618408,0.023312775418162346,0.6010357141494751,0.5515930652618408
,,,,,,,,,,,,,,,,,,,,,,,,,,0.02145828865468502,0.5481504201889038,0.5184189677238464,0.02145828865468502,0.5481504201889038,0.5184189677238464
,,,,,,,,,,,,,,,,,,,,,,,,,,0.020921213552355766,0.5234460830688477,0.49727848172187805,0.020921213552355766,0.5234460830688477,0.49727848172187805
,,,,,,,,,,,,,,,,,,,,,,,,,,0.020529258996248245,0.499216228723526,0.47811001539230347,0.020529258996248245,0.499216228723526,0.47811001539230347
,,,,,,,,,,,,,,,,,,,,,,,,,,0.020690733566880226,0.48134878277778625,0.46317940950393677,0.020690733566880226,0.48134878277778625,0.46317940950393677
,,,,,,,,,,,,,,,,,,,,,,,,,,0.021351704373955727,0.4653131663799286,0.4445423483848572,0.021351704373955727,0.4653131663799286,0.4445423483848572
8789940000.0,113.26,8.699999809265137,6188634112.0,18.448369203624132,3520.0,0.072021484375,57688064.0,121396.35246706009,0.000946289103012532,0.0048828125,2.0373001098632812,-0.020082443952560425,0.5547047853469849,-0.02037300169467926,0.0002905596047639847,0.0,-0.013158521614968777,1.053147792816162,0.7593254340751734,6.642462730407715,1.9160975217819214,6.6293044090271,2.146714687347412,888.1001794338226,4.253831386566162,,,,,,
8789940000.0,132.29,7.800000190734863,6391222784.0,2382.623660167045,3521.0,0.0634765625,57704448.0,121403.22892022133,0.0006658740458078682,0.00238037109375,2.0216355323791504,-0.019930889829993248,0.6419073343276978,-0.020216353237628937,0.0002854634076356888,0.0,-0.12253554910421371,1.137373685836792,0.7262833578562893,6.679883003234863,1.887110948562622,6.557347297668457,2.1739652156829834,6.876453161239624,4.201304912567139,,,,,,
8789940000.0,136.66,8.0,6391222784.0,2338.829900085052,3522.0,0.059814453125,57720832.0,121410.2341325283,0.0010540238581597805,0.0062255859375,2.025094747543335,-0.020034722983837128,0.5831373929977417,-0.020250946283340454,0.0002162219025194645,0.0,0.045361898839473724,1.07582426071167,0.7263918420396798,6.398576259613037,1.8260489702224731,6.443938255310059,2.0567290782928467,7.005212306976318,4.195836305618286,,,,,,
8789940000.0,117.98,8.100000381469727,6391222784.0,2236.3017982548186,3523.0,0.0732421875,57737216.0,121417.56051397324,0.0009231467847712338,0.0042724609375,2.0382654666900635,-0.020586857572197914,0.5132287740707397,-0.020382652059197426,-0.00020420225337147713,0.0,0.008387235924601555,1.0091679096221924,0.7814552115667245,6.595438480377197,1.940598487854004,6.603825569152832,2.1587038040161133,7.32638144493103,4.1902782917022705,,,,,,
8789940000.0,131.61,8.5,6391222784.0,2419.549941130409,3524.0,0.0677490234375,57753600.0,121424.33202123642,0.001172123709693551,0.00543212890625,2.0228641033172607,-0.019863130524754524,0.48790591955184937,-0.020228639245033264,0.00036551221273839474,0.0,0.015227903611958027,0.9835561513900757,0.7861801917113491,6.776254653930664,1.8722338676452637,6.791482448577881,2.127037763595581,6.771507263183594,4.1856465339660645,,,,,,
8789940000.0,141.0,8.399999618530273,6391222784.0,2383.468065256051,3525.0,0.0732421875,57769984.0,121431.20603823662,0.0014210811350494623,0.01123046875,2.0009710788726807,-0.019645575433969498,0.4670432209968567,-0.020009711384773254,0.00036413874477148056,0.0,0.037116020917892456,0.9619021415710449,0.7842044659353238,6.657987594604492,1.8235113620758057,6.695103645324707,2.070664167404175,6.874017000198364,4.199249029159546,,,,,,
8789940000.0,127.16,7.900000095367432,6391222784.0,2416.576120072395,3526.0,0.0555419921875,57786368.0,121437.98587846756,0.0012486461782827973,0.0107421875,2.0505003929138184,-0.02073739841580391,0.43835002183914185,-0.02050500363111496,-0.00023239292204380035,0.0,-0.05550078675150871,0.9370064735412598,0.7774382363930168,6.546087265014648,1.748903512954712,6.490586280822754,1.9861739873886108,6.7798402309417725,4.180295467376709,,,,,,
8789940000.0,108.41,8.399999618530273,6391222784.0,2388.9381011412897,3527.0,0.0445556640625,57802752.0,121444.84415578842,0.0009802032727748156,0.005126953125,2.0991904735565186,-0.021036243066191673,0.35199910402297974,-0.02099190466105938,-4.433933645486832e-05,0.0,0.0330849289894104,0.8407273888587952,0.7872755769427918,6.202069282531738,1.6370958089828491,6.235153675079346,1.8228302001953125,6.858277320861816,4.201490163803101,,,,,,
8789940000.0,204.56,7.199999809265137,6391222784.0,2391.02176792772,3528.0,0.0384521484375,57819136.0,121451.69645643234,0.0014127425383776426,0.009521484375,2.1251347064971924,-0.021591022610664368,0.4557066261768341,-0.021251346915960312,-0.0003396756947040558,0.0,-0.1518518179655075,0.9476085305213928,0.7417292709943905,6.15862512588501,1.617000937461853,6.006772994995117,1.8646235466003418,6.852300643920898,4.167705535888672,,,,,,
8789940000.0,150.72,8.199999809265137,6391222784.0,2415.107014832251,3529.0,0.05615234375,57835520.0,121458.48042082787,0.0015118371229618788,0.00830078125,2.0929818153381348,-0.020762711763381958,0.40928760170936584,-0.020929818972945213,0.00016710534691810608,0.0,-0.003043622011318803,0.9064648747444153,0.7950501902415976,6.375405788421631,1.75436532497406,6.37236213684082,2.002290964126587,6.783964395523071,4.196136474609375,,,,,,
8789940000.0,167.09,8.5,6391222784.0,2383.299764550248,3530.0,0.059814453125,57851904.0,121465.35492324829,0.0009871006477624178,0.00506591796875,2.092432737350464,-0.02077748067677021,0.4240202307701111,-0.02092432789504528,0.00014684349298477173,0.0,0.04826055467128754,0.9184932708740234,0.790231989907832,6.404853343963623,1.7821210622787476,6.4531145095825195,2.0054266452789307,6.874502420425415,4.187837839126587,,,,,,
8789940000.0,135.31,8.5,6391222784.0,2446.6965974850104,3531.0,0.064697265625,57868288.0,121472.05129909515,0.0016177573706954718,0.00811767578125,2.064382314682007,-0.02098708041012287,0.4186834394931793,-0.020643820986151695,-0.00034326035529375076,0.0,0.026204023510217667,0.9160827398300171,0.804220283132393,6.554499626159668,1.845752477645874,6.5807037353515625,2.0703842639923096,6.696375846862793,4.18909215927124,,,,,,
8789940000.0,114.56,8.0,6391222784.0,2412.808089569511,3532.0,0.0579833984375,57884672.0,121478.84172725677,0.002581733977422118,0.01910400390625,2.0707218647003174,-0.02009156532585621,0.5254907011985779,-0.02070721983909607,0.0006156482268124819,0.0,-0.047976695001125336,1.0200532674789429,0.7671158783084506,6.58842134475708,1.878466248512268,6.540444374084473,2.1137447357177734,6.790428161621094,4.200653076171875,,,,,,
8789940000.0,169.44,7.699999809265137,6391222784.0,2349.69743435158,3533.0,0.05859375,57901056.0,121485.81453990936,0.0016495530726388097,0.0091552734375,2.057241916656494,-0.021234160289168358,0.5634886622428894,-0.020572416484355927,-0.0006617428734898567,0.0,-0.0373433455824852,1.0612869262695312,0.7501870010136924,6.465365409851074,1.8531475067138672,6.428022384643555,2.12336802482605,6.972812652587891,4.198831796646118,,,,,,
8789940000.0,106.55,8.300000190734863,6391222784.0,2338.537164988048,3534.0,0.0738525390625,57917440.0,121492.82062911987,0.001998686697334051,0.01507568359375,2.024505853652954,-0.019888173788785934,0.5295875668525696,-0.020245058462023735,0.000356883741915226,0.0,0.013213344849646091,1.0285465717315674,0.7692585701328779,6.568057060241699,1.8688442707061768,6.58126974105835,2.141219139099121,7.006089210510254,4.186294794082642,,,,,,
8789940000.0,112.45,8.399999618530273,6391222784.0,2390.8124724543045,3535.0,0.07080078125,57933824.0,121499.67352962494,0.0011012081522494555,0.007080078125,2.0178205966949463,-0.019556652754545212,0.4831356406211853,-0.020178206264972687,0.000621553510427475,0.0,0.05398740619421005,0.9831429123878479,0.7832385946313725,6.578638076782227,1.8465608358383179,6.632625579833984,2.1116697788238525,6.852900505065918,4.186421632766724,,,,,,
8789940000.0,132.99,8.5,6391222784.0,2365.216864744188,3536.0,0.0677490234375,57950208.0,121506.60058999062,0.0016760311555117369,0.0120849609375,2.0088963508605957,-0.02008880488574505,0.44784173369407654,-0.020088959485292435,1.587904989719391e-07,0.0,0.019884318113327026,0.9478882551193237,0.8018797180293753,6.537350177764893,1.8837600946426392,6.557234764099121,2.129574775695801,6.92706036567688,4.194531440734863,,,,,,
8789940000.0,105.97,8.800000190734863,6391222784.0,2430.7375733873805,3537.0,0.067138671875,57966592.0,121513.34093093872,0.002193293534219265,0.01959228515625,1.9989056587219238,-0.019155846908688545,0.460470974445343,-0.019989056512713432,0.0008332077413797379,0.0,0.02930586412549019,0.9597564339637756,0.7990723438330782,6.511814117431641,1.92439603805542,6.541120529174805,2.1411218643188477,6.740340948104858,4.18774676322937,,,,,,
8789940000.0,124.17,8.5,6391222784.0,2430.6977654034795,3538.0,0.069580078125,57982976.0,121520.08138227463,0.003766567911952734,0.0345458984375,1.9786499738693237,-0.01893935166299343,0.5626935362815857,-0.019786499440670013,0.00084715336561203,0.0,0.05063672363758087,1.0619614124298096,0.7554942658462114,6.766406536102295,1.919723629951477,6.817043304443359,2.147653579711914,6.740451335906982,4.176381349563599,,,,,,
8789940000.0,155.77,7.800000190734863,6391222784.0,2406.469050443225,3539.0,0.0640869140625,57999360.0,121526.88969755173,0.0012471358058974147,0.00830078125,2.0202412605285645,-0.019818121567368507,0.5003365874290466,-0.020202413201332092,0.00038429535925388336,0.0,-0.024067804217338562,0.9992187023162842,0.7636190684571013,6.484655857086182,1.8178188800811768,6.460587978363037,2.0552003383636475,6.808315277099609,4.19317889213562,,,,,,
8789940000.0,126.5,7.900000095367432,6391222784.0,2403.8709030339937,3540.0,0.05126953125,58015744.0,121533.70537137985,0.0017475067870691419,0.01641845703125,2.059755563735962,-0.020585250109434128,0.4430433511734009,-0.020597554743289948,1.2303702533245087e-05,0.0,-0.033696699887514114,0.9418173432350159,0.7693914976416677,6.372982025146484,1.7533555030822754,6.339284896850586,1.9612319469451904,6.815673828125,4.184459447860718,,,,,,
8789940000.0,119.58,8.699999809265137,6391222784.0,2411.8375494308502,3541.0,0.062255859375,58032128.0,121540.49853205681,0.002353258430957794,0.021728515625,2.055727481842041,-0.02139861136674881,0.4881276786327362,-0.020557275041937828,-0.0008413344621658325,0.0,-0.0029339101165533066,0.9887465834617615,0.77559260663029,6.462932109832764,1.8782414197921753,6.45999813079834,2.0872106552124023,6.793160676956177,4.201756238937378,,,,,,
8789940000.0,138.58,8.0,6391222784.0,2369.7098544058767,3542.0,0.0537109375,58048512.0,121547.41245865822,0.001333999796770513,0.0087890625,2.0511136054992676,-0.019728397950530052,0.45565247535705566,-0.02051113359630108,0.0007827379740774632,0.0,-0.07476162910461426,0.9550743103027344,0.7768596340201437,6.421412944793701,1.8042523860931396,6.346651077270508,2.021845579147339,6.913926601409912,4.191534519195557,,,,,,
8789940000.0,131.88,7.900000095367432,6391222784.0,2405.093767557327,3543.0,0.0640869140625,58064896.0,121554.2246670723,0.002256009029224515,0.0203857421875,2.074904203414917,-0.020421897992491722,0.5008345246315002,-0.020749039947986603,0.0003271419554948807,0.0,-0.034783244132995605,1.001424789428711,0.7758608437808114,6.391490936279297,1.8285552263259888,6.356707572937012,2.1152379512786865,6.812208414077759,4.185498952865601,,,,,,
8789940000.0,130.67,8.5,6391222784.0,2392.608063826022,3544.0,0.0616455078125,58081280.0,121561.07242465019,0.0013192198239266872,0.0089111328125,2.0588088035583496,-0.01991502195596695,0.394300639629364,-0.020588088780641556,0.0006730630993843079,0.0,0.03757655620574951,0.8879328370094299,0.8071266149331421,6.342891216278076,1.8025197982788086,6.380467891693115,2.0218279361724854,6.847757577896118,4.198445796966553,,,,,,
8789940000.0,131.54,7.400000095367432,6391222784.0,2381.189345773641,3545.0,0.0592041015625,58097664.0,121567.9530198574,0.0013154491316527128,0.0089111328125,2.0564417839050293,-0.02063974365592003,0.6127600073814392,-0.02056441828608513,-7.53249041736126e-05,0.0,-0.10494350641965866,1.1067827939987183,0.7180725602123317,6.33213996887207,1.7963556051254272,6.227197170257568,2.084460973739624,6.8805952072143555,4.199796915054321,,,,,,
8789940000.0,116.02,8.199999809265137,6391222784.0,2414.8922088208897,3546.0,0.0567626953125,58114048.0,121574.73758769035,0.0021711387671530247,0.01959228515625,2.067995548248291,-0.020709704607725143,0.41455575823783875,-0.020679956302046776,-2.974923700094223e-05,0.0,-0.03637144714593887,0.9106022715568542,0.803458524505906,6.327374458312988,1.8226398229599,6.291003227233887,2.0540051460266113,6.784567832946777,4.193662643432617,,,,,,
8789940000.0,122.06,7.800000190734863,6391222784.0,2393.886539086034,3547.0,0.0555419921875,58130432.0,121581.58168816566,0.0009076822316274047,0.00213623046875,2.0236759185791016,-0.020009268075227737,0.5357711315155029,-0.020236758515238762,0.00022748857736587524,0.0,-0.08272001147270203,1.0305311679840088,0.7583061368052256,6.183197975158691,1.8182919025421143,6.100478172302246,2.0961790084838867,6.844100475311279,4.195910692214966,,,,,,
8789940000.0,149.86,7.599999904632568,6391222784.0,2374.854438354053,3548.0,0.0555419921875,58146816.0,121588.48063731194,0.000705870334059,0.0028076171875,2.0415072441101074,-0.02065362222492695,0.4790334105491638,-0.02041507326066494,-0.0002385508269071579,0.0,-0.04009212553501129,0.9776957035064697,0.7746085787900113,5.856329917907715,1.7431674003601074,5.816237926483154,2.0593743324279785,6.898949146270752,4.200735330581665,,,,,,
8789940000.0,142.84,8.100000381469727,6391222784.0,2394.0150539126053,3549.0,0.0555419921875,58163200.0,121595.32437038422,0.0013701801653951406,0.00836181640625,1.994739294052124,-0.019734686240553856,0.5189434289932251,-0.019947392866015434,0.0002127080224454403,0.0,0.049379076808691025,1.0188738107681274,0.7648383236537951,5.92723274230957,1.8183597326278687,5.976612091064453,2.1010541915893555,6.843733072280884,4.17599081993103,,,,,,
8789940000.0,142.01,7.599999904632568,6391222784.0,2405.049913075263,3550.0,0.0653076171875,58179584.0,121602.13670301437,0.001015011570416391,0.00592041015625,1.9951597452163696,-0.019916456192731857,0.536425769329071,-0.01995159685611725,3.5138800740242004e-05,0.0,-0.02795986458659172,1.035850167274475,0.777885474409368,6.114871025085449,1.9119665622711182,6.086911201477051,2.197901964187622,6.812332630157471,4.186854362487793,,,,,,
8789940000.0,129.34,8.699999809265137,6391222784.0,2393.359947568579,3551.0,0.0616455078125,58195968.0,121608.98230934143,0.00113265635445714,0.00384521484375,2.021305799484253,-0.019712530076503754,0.38349083065986633,-0.020213056355714798,0.0005005300045013428,0.0,0.04061396047472954,0.8752818703651428,0.8207325922639775,6.089083671569824,1.8701391220092773,6.129697322845459,2.067270517349243,6.845606327056885,4.183123588562012,,,,,,
,,,,,,,,,,,,,,,,,,,,,,,,,,0.018725872039794922,0.5114829540252686,0.4759690463542938,0.018725872039794922,0.5114829540252686,0.4759690463542938
,,,,,,,,,,,,,,,,,,,,,,,,,,0.01853601634502411,0.4676908552646637,0.44962769746780396,0.01853601634502411,0.4676908552646637,0.44962769746780396
,,,,,,,,,,,,,,,,,,,,,,,,,,0.017658472061157227,0.4449324309825897,0.4304465353488922,0.017658472061157227,0.4449324309825897,0.4304465353488922
,,,,,,,,,,,,,,,,,,,,,,,,,,0.0177106112241745,0.4260961413383484,0.41272857785224915,0.0177106112241745,0.4260961413383484,0.41272857785224915
,,,,,,,,,,,,,,,,,,,,,,,,,,0.017411066219210625,0.4110957384109497,0.39869406819343567,0.017411066219210625,0.4110957384109497,0.39869406819343567
,,,,,,,,,,,,,,,,,,,,,,,,,,0.0182600487023592,0.3984237313270569,0.38556307554244995,0.0182600487023592,0.3984237313270569,0.38556307554244995
8789940000.0,120.6,8.300000190734863,6188634112.0,18.451746942928974,3552.0,0.057373046875,58212352.0,122496.91991496086,0.0010617856169119477,0.004150390625,2.0437240600585938,-0.020345088094472885,0.47687700390815735,-0.020437240600585938,9.215343743562698e-05,0.0,-0.0203957911580801,0.9743536710739136,0.7773545328928346,6.219701766967773,1.8057420253753662,6.199306011199951,2.0649514198303223,887.9376056194305,4.2077648639678955,,,,,,
8789940000.0,159.38,7.5,6391222784.0,2382.42045763137,3553.0,0.045166015625,58228736.0,122503.7969546318,0.0006462163291871548,0.003173828125,2.0809030532836914,-0.020446820184588432,0.4377872347831726,-0.020809028297662735,0.00036221370100975037,0.0,-0.0766226053237915,0.9364351630210876,0.7776780542117089,5.977473735809326,1.7472615242004395,5.900851249694824,1.9860342741012573,6.877039670944214,4.191362380981445,,,,,,
8789940000.0,170.11,7.599999904632568,6391222784.0,2359.3152871576704,3554.0,0.0579833984375,58245120.0,122510.74134230614,0.0008315668674185872,0.0037841796875,2.0659821033477783,-0.020464546978473663,0.5360208749771118,-0.02065981738269329,0.0001952722668647766,0.0,-0.05028963088989258,1.0338668823242188,0.7713869181110913,6.142927169799805,1.8365122079849243,6.092637538909912,2.16228985786438,6.944387674331665,4.2062788009643555,,,,,,
8789940000.0,94.62,8.199999809265137,6391222784.0,2388.5605408949045,3555.0,0.0634765625,58261504.0,122517.60070371628,0.001289103995077312,0.0078125,2.092860698699951,-0.02060893177986145,0.5265464782714844,-0.020928604528307915,0.0003196699544787407,0.0,0.036885544657707214,1.0316566228866577,0.763142877191825,6.262307167053223,1.8847572803497314,6.299192428588867,2.1197853088378906,6.859361410140991,4.2042975425720215,,,,,,
8789940000.0,141.69,8.100000381469727,6391222784.0,2405.4130023013663,3556.0,0.0701904296875,58277888.0,122524.4120080471,0.0012502492172643542,0.00701904296875,2.0786314010620117,-0.020245414227247238,0.6592207551002502,-0.020786315202713013,0.0005409028381109238,0.0,0.039305996149778366,1.144824504852295,0.7551025617734873,6.384838104248047,2.0247554779052734,6.424144268035889,2.3133792877197266,6.811304330825806,4.2087860107421875,,,,,,
8789940000.0,149.03,7.699999809265137,6391222784.0,2378.7535788796645,3557.0,0.07080078125,58294272.0,122531.29964876175,0.0007806032663211226,0.00408935546875,2.036494493484497,-0.01995551772415638,0.6388261914253235,-0.020364947617053986,0.0004094282630831003,0.0,0.03576408326625824,1.1319653987884521,0.7317078628492577,6.452358722686768,1.944978952407837,6.488122463226318,2.1853909492492676,6.887640714645386,4.1745100021362305,,,,,,
8789940000.0,103.53,8.399999618530273,6391222784.0,2436.60278735724,3558.0,0.0689697265625,58310656.0,122538.02376484871,0.000867508293595165,0.00311279296875,2.0365355014801025,-0.020058700814843178,0.47526100277900696,-0.020365355536341667,0.00030665239319205284,0.0,0.07021062821149826,0.9773476123809814,0.7965991925101483,6.478745460510254,1.9631069898605347,6.548955917358398,2.1670682430267334,6.724116086959839,4.187102556228638,,,,,,
8789940000.0,115.28,8.199999809265137,6391222784.0,2362.9397427897125,3559.0,0.0732421875,58327040.0,122544.95750069618,0.0018356158398091793,0.014404296875,2.052577495574951,-0.01983637735247612,0.5568259954452515,-0.020525773987174034,0.0006893984973430634,0.0,-0.00845362339168787,1.0542904138565063,0.7865000763729401,6.657622337341309,2.057048797607422,6.649168491363525,2.281715154647827,6.9337358474731445,4.1913979053497314,,,,,,
8789940000.0,119.52,8.100000381469727,6391222784.0,2419.3453317158237,3560.0,0.067138671875,58343424.0,122551.7295806408,0.0022012440022081137,0.019287109375,2.032230854034424,-0.020022917538881302,0.5483301281929016,-0.02032230794429779,0.0002993885427713394,0.0,0.005459219217300415,1.0456327199935913,0.7699616473630383,6.478046417236328,1.9479705095291138,6.483506202697754,2.180114269256592,6.772079944610596,4.189745187759399,,,,,,
8789940000.0,117.95,8.399999618530273,6391222784.0,2414.9937085982865,3561.0,0.059814453125,58359808.0,122558.51386332512,0.000606872490607202,0.0028076171875,2.035641670227051,-0.01996319554746151,0.4416307210922241,-0.02035641297698021,0.00039321836084127426,0.0,0.025262432172894478,0.940064549446106,0.7990923959045839,6.339445114135742,1.863407850265503,6.3647074699401855,2.097294807434082,6.784282684326172,4.168814182281494,,,,,,
8789940000.0,102.99,8.399999618530273,6391222784.0,2375.551679099518,3562.0,0.0665283203125,58376192.0,122565.4107875824,0.0020077319350093603,0.01470947265625,2.0399301052093506,-0.020270194858312607,0.5560337901115417,-0.020399300381541252,0.0001291036605834961,0.0,0.017557594925165176,1.054136037826538,0.7385599144296643,6.468780040740967,1.8414361476898193,6.486337661743164,2.061628580093384,6.896924257278442,4.188493728637695,,,,,,
8789940000.0,104.96,8.800000190734863,6391222784.0,2429.1046255000524,3563.0,0.089111328125,58392576.0,122572.1556596756,0.0008524722652509809,0.0029296875,1.9603201150894165,-0.01953555829823017,0.6286444664001465,-0.019603200256824493,6.76419585943222e-05,0.0,0.029405027627944946,1.122743010520935,0.7349980021566962,6.9096832275390625,1.9259718656539917,6.939088344573975,2.1810004711151123,6.744872093200684,4.18364405632019,,,,,,
8789940000.0,100.5,8.600000381469727,6391222784.0,2449.4338558891423,3564.0,0.0921630859375,58408960.0,122578.84455227852,0.0007734055398032069,0.00250244140625,1.9402586221694946,-0.019202474504709244,0.5546223521232605,-0.01940258778631687,0.00020011235028505325,0.0,0.05897362902760506,1.0559256076812744,0.7626113431982915,7.021228790283203,1.892096996307373,7.080202102661133,2.1672213077545166,6.688892602920532,4.184560298919678,,,,,,
8789940000.0,124.45,8.399999618530273,6391222784.0,2354.7749262807974,3565.0,0.074462890625,58425344.0,122585.80232977867,0.0011512698838487267,0.0076904296875,1.940537929534912,-0.01885237731039524,0.4792187809944153,-0.01940537616610527,0.0005529993213713169,0.0,0.02425502985715866,0.9761475920677185,0.7594002166422071,6.8806562423706055,1.7923729419708252,6.904911041259766,1.9900673627853394,6.957777500152588,4.2101380825042725,,,,,,
8789940000.0,110.44,7.699999809265137,6391222784.0,2379.2400699208306,3566.0,0.06103515625,58441728.0,122592.68856215477,0.0009563297498971224,0.0054931640625,1.9622474908828735,-0.01926456391811371,0.5914658308029175,-0.019622474908828735,0.00035791005939245224,0.0,-0.10933452844619751,1.0839745998382568,0.7113377953249708,6.692610740661621,1.7589545249938965,6.583276271820068,2.0175490379333496,6.886232376098633,4.203560829162598,,,,,,
8789940000.0,96.61,8.199999809265137,6391222784.0,2373.489875807371,3567.0,0.069580078125,58458112.0,122599.59147763252,0.0014687520451843739,0.0103759765625,1.93088960647583,-0.019093498587608337,0.5639458298683167,-0.019308896735310555,0.0002153976820409298,0.0,-0.00964758638292551,1.0600186586380005,0.7221386424154115,6.6280646324157715,1.7278099060058594,6.618417739868164,2.0109424591064453,6.9029154777526855,4.201065301895142,,,,,,
8789940000.0,103.16,8.600000381469727,6391222784.0,2370.529674121094,3568.0,0.0634765625,58474496.0,122606.503013134,0.0006479122675955296,0.0023193359375,1.9469490051269531,-0.01855858415365219,0.5140121579170227,-0.0194694884121418,0.0009109079837799072,0.0,0.01289735920727253,1.013687252998352,0.7517562424902542,6.517177104949951,1.7773606777191162,6.530074119567871,2.0345335006713867,6.9115355014801025,4.231231451034546,,,,,,
8789940000.0,114.45,8.300000190734863,6391222784.0,2371.2181589766196,3569.0,0.078125,58490880.0,122613.4125418663,0.0008301427587866783,0.00274658203125,1.9700487852096558,-0.02005668729543686,0.5730277299880981,-0.019700488075613976,-0.00035620108246803284,0.0,-0.02476409077644348,1.070068120956421,0.7398898206170188,6.7531023025512695,1.818557620048523,6.728338241577148,2.098132610321045,6.909528732299805,4.20939040184021,,,,,,
8789940000.0,100.24,8.5,6391222784.0,2392.8540010533234,3570.0,0.0762939453125,58507264.0,122620.25959563255,0.0013268826296553016,0.00665283203125,2.026827335357666,-0.020718799903988838,0.581920862197876,-0.02026827447116375,-0.0004505263641476631,0.0,-0.04489114135503769,1.074526309967041,0.7530136022316857,6.699828624725342,1.8447257280349731,6.654936790466309,2.162123203277588,6.84705376625061,4.193636655807495,,,,,,
8789940000.0,111.55,8.5,6391222784.0,2334.1778285452488,3571.0,0.0640869140625,58523648.0,122627.2787694931,0.0015604543732479215,0.0091552734375,2.0967700481414795,-0.0206967331469059,0.39183780550956726,-0.020967699587345123,0.00027096550911664963,0.0,0.0008299679029732943,0.8889411091804504,0.8020699391924979,6.426372051239014,1.7379707098007202,6.427202224731445,1.9981008768081665,7.019173860549927,4.192474126815796,,,,,,
8789940000.0,156.89,7.699999809265137,6391222784.0,2396.198242700187,3572.0,0.0494384765625,58540032.0,122634.11626720428,0.0017984600272029638,0.01373291015625,2.132495164871216,-0.021077319979667664,0.5129467248916626,-0.02132495306432247,0.00024763215333223343,0.0,-0.04900302737951279,1.0118157863616943,0.7426800471797312,6.283331871032715,1.7536171674728394,6.2343292236328125,1.9946423768997192,6.837497711181641,4.1868205070495605,,,,,,
8789940000.0,126.26,7.699999809265137,6391222784.0,2411.053203072783,3573.0,0.0494384765625,58556416.0,122640.91163778305,0.0010918239131569862,0.005615234375,2.1155200004577637,-0.021197818219661713,0.44683218002319336,-0.02115519531071186,-4.2613595724105835e-05,0.0,-0.052067555487155914,0.9389587044715881,0.7789677766770253,6.312686443328857,1.7523771524429321,6.260619163513184,1.9971867799758911,6.795370578765869,4.210326671600342,,,,,,
8789940000.0,138.54,7.800000190734863,6391222784.0,2431.6147975785575,3574.0,0.048828125,58572800.0,122647.64954710007,0.0010287226177752018,0.005615234375,2.1183180809020996,-0.021553965285420418,0.42164939641952515,-0.021183179691433907,-0.0003707911819219589,0.0,-0.05655384063720703,0.9202191233634949,0.7857059696678661,6.192662239074707,1.7629077434539795,6.1361083984375,1.987863302230835,6.737909317016602,4.19997501373291,,,,,,
8789940000.0,160.16,8.600000381469727,6391222784.0,2433.256895814738,3575.0,0.0537109375,58589184.0,122654.38290929794,0.0006594786536879838,0.00177001953125,2.1077771186828613,-0.02102106437087059,0.38746777176856995,-0.021077768877148628,5.6706368923187256e-05,0.0,0.00913232285529375,0.8781793117523193,0.8041924319564716,6.123865604400635,1.7334723472595215,6.132997989654541,1.9845795631408691,6.733362197875977,4.246951341629028,,,,,,
8789940000.0,162.08,7.800000190734863,6391222784.0,2364.033472794711,3576.0,0.0537109375,58605568.0,122661.31343722343,0.0007778217550367117,0.002685546875,2.1000964641571045,-0.021131372079253197,0.49071401357650757,-0.021000966429710388,-0.00013040821067988873,0.0,-0.005262419581413269,0.9919121265411377,0.7805716127048078,6.233005523681641,1.8422924280166626,6.227743148803711,2.1175167560577393,6.930527925491333,4.377070903778076,,,,,,
8789940000.0,146.63,8.5,6391222784.0,2417.4660272903457,3577.0,0.0537109375,58621952.0,122668.09078168869,0.0013718781992793083,0.01043701171875,2.1048617362976074,-0.020862188190221786,0.3990713059902191,-0.021048616617918015,0.00018642842769622803,0.0,0.012492435984313488,0.8922779560089111,0.8097220492597764,6.240638732910156,1.845035433769226,6.25313138961792,2.045529365539551,6.777344465255737,4.199846267700195,,,,,,
8789940000.0,164.61,8.199999809265137,6391222784.0,2374.9049956811095,3578.0,0.040283203125,58638336.0,122674.98958396912,0.0009361401898786426,0.0040283203125,2.129863739013672,-0.021888554096221924,0.3351266086101532,-0.021298635751008987,-0.0005899188108742237,0.0,-0.021751055493950844,0.8151243329048157,0.8153639012638578,5.850727081298828,1.7092664241790771,5.828975677490234,1.8969913721084595,6.898802280426025,4.179779052734375,,,,,,
8789940000.0,176.67,8.199999809265137,6391222784.0,2375.697451104753,3579.0,0.0445556640625,58654720.0,122681.88608503342,0.001001003198325634,0.00616455078125,2.093332290649414,-0.020742423832416534,0.37064221501350403,-0.020933322608470917,0.0001908978447318077,0.0,0.003292324021458626,0.8605776429176331,0.8063034122099162,5.982638359069824,1.7773773670196533,5.985930919647217,1.9553710222244263,6.896501064300537,4.285084009170532,,,,,,
8789940000.0,133.38,8.5,6391222784.0,2399.662198740056,3580.0,0.050048828125,58671104.0,122688.71371269226,0.0008909412426874042,0.0042724609375,2.0673046112060547,-0.02088451012969017,0.36962592601776123,-0.02067304588854313,-0.00021146982908248901,0.0,-0.006669552531093359,0.8571158051490784,0.822552827547901,6.182917594909668,1.847370982170105,6.176247596740723,2.0347208976745605,6.827627658843994,4.183993577957153,,,,,,
8789940000.0,204.87,7.800000190734863,6391222784.0,2408.671646238309,3581.0,0.0457763671875,58687488.0,122695.515802145,0.0011807625414803624,0.00677490234375,2.055202007293701,-0.020257428288459778,0.4460534155368805,-0.020552020519971848,0.0002945931628346443,0.0,-0.07950761914253235,0.942879319190979,0.7585487132190627,6.089079856872559,1.7046259641647339,6.0095720291137695,1.9188505411148071,6.80208945274353,4.205004930496216,,,,,,
8789940000.0,154.35,7.800000190734863,6391222784.0,2372.353637352951,3582.0,0.0421142578125,58703872.0,122702.4220237732,0.0012002422008663416,0.0072021484375,2.065802812576294,-0.021004755049943924,0.3920670449733734,-0.02065802738070488,-0.0003467286005616188,0.0,-0.0501575767993927,0.8845392465591431,0.7847716426783808,5.853364944458008,1.6760720014572144,5.8032073974609375,1.9066343307495117,6.906221628189087,4.213683605194092,,,,,,
8789940000.0,164.48,8.0,6391222784.0,2387.9268368672856,3583.0,0.040283203125,58720256.0,122709.28320550919,0.0014362127985805273,0.00872802734375,2.1055614948272705,-0.020969100296497345,0.2930137813091278,-0.021055612713098526,8.65166075527668e-05,0.0,-0.04354715347290039,0.7663087844848633,0.8224710289850212,5.7785749435424805,1.6165084838867188,5.73502779006958,1.8187341690063477,6.861181735992432,4.190363168716431,,,,,,
,,,,,,,,,,,,,,,,,,,,,,,,,,0.02072647027671337,0.5222004652023315,0.48269760608673096,0.02072647027671337,0.5222004652023315,0.48269760608673096
,,,,,,,,,,,,,,,,,,,,,,,,,,0.019130125641822815,0.47461381554603577,0.4497758448123932,0.019130125641822815,0.47461381554603577,0.4497758448123932
,,,,,,,,,,,,,,,,,,,,,,,,,,0.019451357424259186,0.4502750337123871,0.42972901463508606,0.019451357424259186,0.4502750337123871,0.42972901463508606
,,,,,,,,,,,,,,,,,,,,,,,,,,0.018870679661631584,0.42996490001678467,0.4112127721309662,0.018870679661631584,0.42996490001678467,0.4112127721309662
,,,,,,,,,,,,,,,,,,,,,,,,,,0.019884584471583366,0.41824954748153687,0.39863789081573486,0.019884584471583366,0.41824954748153687,0.39863789081573486
,,,,,,,,,,,,,,,,,,,,,,,,,,0.019122647121548653,0.3992607891559601,0.3830086886882782,0.019122647121548653,0.3992607891559601,0.3830086886882782
8789940000.0,234.43,7.099999904632568,6188634112.0,18.45171427336715,3584.0,0.03662109375,58736640.0,123597.22238326073,0.0006150456611067057,0.00213623046875,2.1160881519317627,-0.020958906039595604,0.42088693380355835,-0.021160880103707314,0.00020197476260364056,0.0,-0.09618345648050308,0.9182122349739075,0.7698613209512505,6.2258195877075195,1.6668628454208374,6.129635810852051,1.9140273332595825,887.9391777515411,4.208081483840942,,,,,,
8789940000.0,185.1,8.100000381469727,6391222784.0,2396.406978005266,3585.0,0.04638671875,58753024.0,123604.0592854023,0.0011933032656088471,0.005126953125,2.108729124069214,-0.02062179706990719,0.40803447365760803,-0.021087288856506348,0.0004654915537685156,0.0,-0.04015656188130379,0.9033090472221375,0.7756677016702358,6.193594932556152,1.7365187406539917,6.153438568115234,1.9071738719940186,6.836902141571045,4.198115587234497,,,,,,
8789940000.0,162.87,8.5,6391222784.0,2332.9913058746674,3586.0,0.054931640625,58769408.0,123611.08202910423,0.000609765702392906,0.0015869140625,2.0947999954223633,-0.020668402314186096,0.354754775762558,-0.020948000252246857,0.00027959607541561127,0.0,0.009829781949520111,0.8496574759483337,0.8096940313955863,6.261934280395508,1.7647449970245361,6.271764278411865,1.9476807117462158,7.0227437019348145,4.188871622085571,,,,,,
8789940000.0,143.4,8.199999809265137,6391222784.0,2394.693383731001,3587.0,0.05859375,58785792.0,123617.92382359505,0.00063022889662534,0.00274658203125,2.080359697341919,-0.020548049360513687,0.45020315051078796,-0.020803596824407578,0.00025554560124874115,0.0,-0.026476942002773285,0.9469314217567444,0.7882005377859972,6.357067108154297,1.8199260234832764,6.33059024810791,2.05757737159729,6.841794490814209,4.192431211471558,,,,,,
8789940000.0,137.5,8.699999809265137,6391222784.0,2408.4487826604104,3588.0,0.0506591796875,58802176.0,123624.72654247284,0.00046952167758718133,0.00128173828125,2.078043222427368,-0.020476218312978745,0.37623631954193115,-0.02078043296933174,0.00030421512201428413,0.0,0.042873650789260864,0.8690325617790222,0.7883449824687235,6.405227184295654,1.7469828128814697,6.448101043701172,1.88895583152771,6.802718877792358,4.179710865020752,,,,,,
8789940000.0,163.86,8.5,6391222784.0,2385.3346045958447,3589.0,0.05615234375,58818560.0,123631.59518051147,0.0010780382435768843,0.00714111328125,2.081075429916382,-0.020751934498548508,0.40818047523498535,-0.02081075683236122,5.882431287318468e-05,0.0,0.03482048958539963,0.9019963145256042,0.8112456302209745,6.274221420288086,1.8478477001190186,6.309041976928711,2.0761382579803467,6.868638038635254,4.18028450012207,,,,,,
8789940000.0,178.49,8.199999809265137,6391222784.0,2417.221382019563,3590.0,0.0531005859375,58834944.0,123638.37321090698,0.001496864715591073,0.01226806640625,2.062638521194458,-0.020632058382034302,0.3881532549858093,-0.020626382902264595,-5.67268580198288e-06,0.0,-0.023551136255264282,0.8843454718589783,0.8010044031456895,6.263867378234863,1.7733741998672485,6.240316390991211,1.9824409484863281,6.7780303955078125,4.185302495956421,,,,,,
8789940000.0,130.28,8.899999618530273,6391222784.0,2393.307601226503,3591.0,0.050048828125,58851328.0,123645.2189669609,0.0010620593093335629,0.00701904296875,2.039285898208618,-0.02049638330936432,0.34302249550819397,-0.020392857491970062,-0.00010352581739425659,0.0,0.022552506998181343,0.8284817934036255,0.8047696573979559,6.230226516723633,1.7295398712158203,6.252779006958008,1.8750356435775757,6.8457560539245605,4.184251546859741,,,,,,
8789940000.0,186.12,7.800000190734863,6391222784.0,2384.2763388991507,3592.0,0.04638671875,58867712.0,123652.09065365791,0.001157252350822091,0.0072021484375,2.010970115661621,-0.019842231646180153,0.42427051067352295,-0.02010970190167427,0.00026747025549411774,0.0,-0.02334170788526535,0.923816978931427,0.7747133764312398,6.103811264038086,1.718143343925476,6.080470085144043,1.9463398456573486,6.871686697006226,4.194764852523804,,,,,,
8789940000.0,161.54,7.599999904632568,6391222784.0,2376.68268170564,3593.0,0.054931640625,58884096.0,123658.98429584503,0.0013872222043573856,0.010498046875,2.010244846343994,-0.019972026348114014,0.550966203212738,-0.020102446898818016,0.00013042031787335873,0.0,-0.043900858610868454,1.0476155281066895,0.752002872805255,6.291895389556885,1.8429056406021118,6.247994422912598,2.1036739349365234,6.89364218711853,4.188444137573242,,,,,,
8789940000.0,176.74,7.400000095367432,6391222784.0,2349.983809062772,3594.0,0.050048828125,58900480.0,123665.9562587738,0.0012246216647326946,0.0096435546875,2.027580738067627,-0.019259197637438774,0.5028872489929199,-0.02027580700814724,0.0010166133288294077,0.0,-0.04665197432041168,1.0019763708114624,0.7496718815784147,6.033673286437988,1.7485907077789307,5.987021446228027,2.002639055252075,6.971962928771973,4.180741548538208,,,,,,
8789940000.0,137.92,7.800000190734863,6391222784.0,2398.9022472704773,3595.0,0.047607421875,58916864.0,123672.786049366,0.0032344507053494453,0.0291748046875,2.0266828536987305,-0.01919523999094963,0.4635142385959625,-0.020266829058527946,0.0010715890675783157,0.0,-0.0033406466245651245,0.9637337327003479,0.7678711190720511,6.0858306884765625,1.7522249221801758,6.08249044418335,2.000288486480713,6.8297905921936035,4.196342468261719,,,,,,
8789940000.0,129.58,8.0,6391222784.0,2413.3655652605603,3596.0,0.0567626953125,58933248.0,123679.57490897179,0.0010112731251865625,0.006591796875,2.020562171936035,-0.02028946578502655,0.45953214168548584,-0.020205622538924217,-8.384883403778076e-05,0.0,0.02415197528898716,0.9543737173080444,0.7881768386601622,6.214376449584961,1.81889009475708,6.238527774810791,2.0736305713653564,6.788859605789185,4.188120365142822,,,,,,
8789940000.0,153.11,8.199999809265137,6391222784.0,2426.054953104975,3597.0,0.0726318359375,58949632.0,123686.3282597065,0.002303204732015729,0.02313232421875,2.026216983795166,-0.018878811970353127,0.5424214005470276,-0.02026217058300972,0.0013833586126565933,0.0,0.01185556873679161,1.0410957336425781,0.7754651490624624,6.4614105224609375,1.9296302795410156,6.473265647888184,2.1970937252044678,6.753350734710693,4.180371046066284,,,,,,
8789940000.0,156.67,7.900000095367432,6391222784.0,2422.467298064028,3598.0,0.0555419921875,58966016.0,123693.0916121006,0.0013542833039537072,0.00970458984375,2.0068788528442383,-0.019694630056619644,0.5289884209632874,-0.020068787038326263,0.00037415511906147003,0.0,0.0012828689068555832,1.0276800394058228,0.7601011359382397,6.251698970794678,1.8374415636062622,6.252981662750244,2.09818434715271,6.763352394104004,4.196069240570068,,,,,,
8789940000.0,119.94,8.800000190734863,6391222784.0,2396.2961716296736,3599.0,0.068359375,58982400.0,123699.92883038521,0.0018974774284288287,0.01385498046875,1.9855668544769287,-0.01999136433005333,0.4511933922767639,-0.019855666905641556,-0.00013569742441177368,0.0,0.09900371730327606,0.9511285424232483,0.7891583342801537,6.343465805053711,1.8636609315872192,6.442469596862793,2.0713868141174316,6.837218284606934,4.186822175979614,,,,,,
8789940000.0,96.31,8.699999809265137,6391222784.0,2330.2765086739373,3600.0,0.0634765625,58998784.0,123706.9597556591,0.0011032640468329191,0.006103515625,1.9578828811645508,-0.0192263126373291,0.43351319432258606,-0.019578827545046806,0.0003525153733789921,0.0,0.028811154887080193,0.9308066368103027,0.8064087521647595,6.4173126220703125,1.9075281620025635,6.446124076843262,2.115518569946289,7.030925273895264,4.1983323097229,,,,,,
8789940000.0,158.24,8.0,6391222784.0,2393.8717786947623,3601.0,0.0640869140625,59015168.0,123713.8038983345,0.0011113801738247275,0.00677490234375,1.9264931678771973,-0.018723033368587494,0.5290685892105103,-0.019264930859208107,0.0005418984219431877,0.0,-0.00854466762393713,1.022789478302002,0.7750265683677906,6.473453521728516,1.8717750310897827,6.464908599853516,2.1563563346862793,6.84414267539978,4.226505517959595,,,,,,
8789940000.0,99.33,7.699999809265137,6391222784.0,2381.684015084021,3602.0,0.067138671875,59031552.0,123720.68306446075,0.0011934266658499837,0.00811767578125,1.9757102727890015,-0.019087526947259903,0.6187600493431091,-0.01975710317492485,0.0006695734336972237,0.0,-0.039794549345970154,1.110959768295288,0.7404792710894419,6.533502101898193,1.8883711099624634,6.493707656860352,2.1807825565338135,6.879166126251221,4.200299024581909,,,,,,
8789940000.0,101.89,7.599999904632568,6391222784.0,2367.8637621706694,3603.0,0.081787109375,59047936.0,123727.60238146782,0.0017618774436414242,0.0157470703125,1.9218082427978516,-0.01813659258186817,0.663241982460022,-0.0192180834710598,0.0010814899578690529,0.0,-0.02754536271095276,1.1503528356552124,0.7526458639865009,6.606057167053223,1.9577635526657104,6.578512191772461,2.3129780292510986,6.919317007064819,4.215445041656494,,,,,,
8789940000.0,86.65,8.600000381469727,6391222784.0,2419.7578229337887,3604.0,0.07568359375,59064320.0,123734.37330698967,0.0016002689953893423,0.01214599609375,1.9702122211456299,-0.019381655380129814,0.5724359154701233,-0.01970212161540985,0.00032046716660261154,0.0,-0.008106379769742489,1.0715782642364502,0.7657400413092741,6.654963493347168,1.9431605339050293,6.646857261657715,2.2139856815338135,6.770925521850586,4.2143714427948,,,,,,
8789940000.0,122.48,7.599999904632568,6391222784.0,2444.622988595704,3605.0,0.054931640625,59080704.0,123741.07536292076,0.0017114286310970783,0.0106201171875,1.9916000366210938,-0.01912762224674225,0.5997204780578613,-0.019915999844670296,0.0007883794605731964,0.0,-0.07403632998466492,1.0956511497497559,0.7193382083303614,6.266695499420166,1.794303297996521,6.1926589012146,2.0681426525115967,6.702055931091309,4.189161062240601,,,,,,
8789940000.0,104.58,8.600000381469727,6391222784.0,2398.427773111612,3606.0,0.06591796875,59097088.0,123747.90650463104,0.0010126951383426785,0.00408935546875,1.9776628017425537,-0.019495386630296707,0.47859489917755127,-0.01977662555873394,0.00028123892843723297,0.0,0.05492532253265381,0.9765118956565857,0.7703809814264378,6.202274322509766,1.7947007417678833,6.257200241088867,2.0378572940826416,6.831141710281372,4.206005573272705,,,,,,
8789940000.0,108.63,8.199999809265137,6391222784.0,2394.390586405423,3607.0,0.062255859375,59113472.0,123754.74916434288,0.0008786324178799987,0.00372314453125,2.014551877975464,-0.019535034894943237,0.4712749719619751,-0.020145516842603683,0.0006104800850152969,0.0,0.032423943281173706,0.9723712801933289,0.7925607566047934,6.253556251525879,1.8822691440582275,6.285980224609375,2.1349449157714844,6.8426597118377686,4.23136568069458,,,,,,
8789940000.0,147.2,8.300000190734863,6391222784.0,2364.6530110585877,3608.0,0.078125,59129856.0,123761.67787647247,0.002355185803025961,0.0174560546875,1.9711664915084839,-0.019342537969350815,0.6182547807693481,-0.01971166580915451,0.00036912644281983376,0.0,0.007139488123357296,1.1107425689697266,0.758915422008234,6.5397443771362305,2.003685235977173,6.546884059906006,2.26218843460083,6.9287121295928955,4.259821891784668,,,,,,
8789940000.0,129.07,8.100000381469727,6391222784.0,2353.73819546095,3609.0,0.0640869140625,59146240.0,123768.63871860504,0.0010014877188950777,0.00665283203125,2.008842706680298,-0.020478347316384315,0.5328649878501892,-0.020088426768779755,-0.00038992054760456085,0.0,0.0005434576887637377,1.0330952405929565,0.7658570080544044,6.233092784881592,1.882709264755249,6.233636379241943,2.135010004043579,6.960842132568359,4.229789972305298,,,,,,
8789940000.0,126.04,9.100000381469727,6391222784.0,2401.2599000660143,3610.0,0.0604248046875,59162624.0,123775.46180343628,0.0018629293190315366,0.01544189453125,2.0261945724487305,-0.01969323866069317,0.3789188265800476,-0.020261945202946663,0.0005687050870619714,0.0,0.11871135979890823,0.8665180206298828,0.8067317959110909,6.28094482421875,1.7863142490386963,6.399656295776367,1.9710489511489868,6.823084831237793,4.190590858459473,,,,,,
8789940000.0,131.51,7.5,6391222784.0,2398.950483846723,3611.0,0.0482177734375,59179008.0,123782.29145669937,0.0012344965944066644,0.00830078125,2.0411794185638428,-0.019264161586761475,0.4827577471733093,-0.020411795005202293,0.001147627830505371,0.0,-0.08777070045471191,0.9774850010871887,0.7677385782489885,6.275123596191406,1.7842332124710083,6.187352657318115,2.0282492637634277,6.829653263092041,4.195708990097046,,,,,,
8789940000.0,154.54,7.699999809265137,6391222784.0,2433.289464010093,3612.0,0.062255859375,59195392.0,123789.02472877502,0.0017303728964179754,0.014404296875,2.0340394973754883,-0.01904703490436077,0.5552378296852112,-0.020340394228696823,0.0012933630496263504,0.0,-0.0479009672999382,1.0452316999435425,0.7604999290671948,6.481060981750488,1.8566845655441284,6.433159828186035,2.1357970237731934,6.733272075653076,4.210619926452637,,,,,,
8789940000.0,139.33,8.5,6391222784.0,2386.519035308318,3613.0,0.0592041015625,59211776.0,123795.88995790482,0.002061794511973858,0.0162353515625,2.0478675365448,-0.020741023123264313,0.4316920042037964,-0.02047867327928543,-0.00026234262622892857,0.0,0.009361019358038902,0.9278185367584229,0.8000935561873097,6.361574172973633,1.8550313711166382,6.370935440063477,2.075151205062866,6.86522912979126,4.3053364753723145,,,,,,
8789940000.0,140.3,8.399999618530273,6391222784.0,2372.5363682696116,3614.0,0.06103515625,59228160.0,123802.79564762115,0.0012986974325031042,0.00677490234375,2.0381081104278564,-0.02082846872508526,0.5264108777046204,-0.020381079986691475,-0.00044738687574863434,0.0,0.015675224363803864,1.0262707471847534,0.7405482723502633,6.386667251586914,1.8260570764541626,6.402342319488525,2.014808177947998,6.905689716339111,4.190367937088013,,,,,,
8789940000.0,103.67,8.5,6391222784.0,2400.6523150209423,3615.0,0.0592041015625,59244544.0,123809.62045931816,0.0017602982698008418,0.0128173828125,2.0329158306121826,-0.020185844972729683,0.43295156955718994,-0.020329156890511513,0.00014331378042697906,0.0,-0.005691315047442913,0.9306776523590088,0.788362062242246,6.367115020751953,1.811908483505249,6.361423969268799,2.023031711578369,6.824811697006226,4.197155714035034,,,,,,
,,,,,,,,,,,,,,,,,,,,,,,,,,0.01679256185889244,0.495676726102829,0.46390852332115173,0.01679256185889244,0.495676726102829,0.46390852332115173
,,,,,,,,,,,,,,,,,,,,,,,,,,0.016345418989658356,0.45357266068458557,0.43643370270729065,0.016345418989658356,0.45357266068458557,0.43643370270729065
,,,,,,,,,,,,,,,,,,,,,,,,,,0.016603849828243256,0.4273717701435089,0.41566285490989685,0.016603849828243256,0.4273717701435089,0.41566285490989685
,,,,,,,,,,,,,,,,,,,,,,,,,,0.016558660194277763,0.4098179340362549,0.39722123742103577,0.016558660194277763,0.4098179340362549,0.39722123742103577
,,,,,,,,,,,,,,,,,,,,,,,,,,0.01676562987267971,0.3947049677371979,0.38121291995048523,0.01676562987267971,0.3947049677371979,0.38121291995048523
,,,,,,,,,,,,,,,,,,,,,,,,,,0.01691465452313423,0.3824659287929535,0.3705945312976837,0.01691465452313423,0.3824659287929535,0.3705945312976837
8789940000.0,185.57,7.5,6188634112.0,18.440660637039233,3616.0,0.054931640625,59260928.0,124698.09188246727,0.0007215710356831551,0.00274658203125,2.0071756839752197,-0.01994321122765541,0.546721339225769,-0.020071756094694138,0.0001285504549741745,0.0,-0.040405094623565674,1.0463708639144897,0.752067550543037,6.225807189941406,1.8005435466766357,6.1854023933410645,2.101449728012085,888.4714231491089,4.388263940811157,,,,,,
8789940000.0,110.68,8.600000381469727,6391222784.0,2424.655659262437,3617.0,0.0787353515625,59277312.0,124704.8491306305,0.0011151486542075872,0.006103515625,1.9825174808502197,-0.019904641434550285,0.5167959332466125,-0.019825175404548645,-7.946603000164032e-05,0.0,0.05182771384716034,1.0167292356491089,0.7707082425900748,6.48900032043457,1.885677456855774,6.540827751159668,2.1232986450195312,6.757248163223267,4.190347671508789,,,,,,
8789940000.0,137.66,7.400000095367432,6391222784.0,2436.7850948748865,3618.0,0.06103515625,59293696.0,124711.57274365425,0.0005034335772506893,0.00177001953125,1.9762687683105469,-0.019769832491874695,0.69155353307724,-0.019762687385082245,-7.148832082748413e-06,0.0,-0.03698591887950897,1.1720000505447388,0.7197580519051979,6.360496997833252,1.9260607957839966,6.323511123657227,2.2139151096343994,6.723613023757935,4.1894848346710205,,,,,,
8789940000.0,135.14,7.800000190734863,6391222784.0,2424.7647404906825,3619.0,0.0701904296875,59310080.0,124718.32968783379,0.000935036689043045,0.00347900390625,1.9793909788131714,-0.01989561691880226,0.6165304183959961,-0.019793910905718803,-0.00010170787572860718,0.0,0.0077566178515553474,1.1121368408203125,0.7456078963261767,6.475011825561523,1.943341612815857,6.482769012451172,2.2049899101257324,6.756944179534912,4.196491718292236,,,,,,
8789940000.0,93.93,8.300000190734863,6391222784.0,2398.539865034335,3620.0,0.0787353515625,59326464.0,124725.16051030159,0.0007993045728653669,0.00250244140625,1.9870589971542358,-0.019726762548089027,0.5085387229919434,-0.019870588555932045,0.00014383229427039623,0.0,0.0620582140982151,1.0062185525894165,0.7762133629932821,6.555924892425537,1.8935458660125732,6.617982864379883,2.127037525177002,6.830822467803955,4.210667371749878,,,,,,
8789940000.0,104.11,8.399999618530273,6391222784.0,2432.0474929547236,3621.0,0.068359375,59342848.0,124731.89722084999,0.000756450870539993,0.0029296875,2.030040740966797,-0.020083999261260033,0.5013681650161743,-0.020300406962633133,0.00021640805061906576,0.0,0.07309184968471527,1.000929594039917,0.7802716172138526,6.544942855834961,1.9075195789337158,6.618034362792969,2.1353070735931396,6.736710548400879,4.190341472625732,,,,,,
8789940000.0,128.1,8.0,6391222784.0,2423.9469986831505,3622.0,0.06103515625,59359232.0,124738.65644454956,0.0008790832362137735,0.0047607421875,2.0284817218780518,-0.0201273113489151,0.5686529278755188,-0.02028481662273407,0.00015750783495604992,0.0,-0.05390416085720062,1.0624313354492188,0.7489636152705759,6.514494895935059,1.919640064239502,6.4605913162231445,2.1204724311828613,6.759223699569702,4.190092086791992,,,,,,
8789940000.0,97.06,9.0,6391222784.0,2403.7239233494456,3623.0,0.0750732421875,59375616.0,124745.47253513336,0.0013329945504665375,0.009033203125,2.016002893447876,-0.019254270941019058,0.5217964053153992,-0.020160028710961342,0.0009057573042809963,0.0,0.09140534698963165,1.0220136642456055,0.7692822321484969,6.607778549194336,1.9085248708724976,6.699183940887451,2.1277284622192383,6.8160905838012695,4.195223569869995,,,,,,
8789940000.0,111.09,8.199999809265137,6391222784.0,2417.1213102698152,3624.0,0.0616455078125,59392000.0,124752.25084614754,0.000713116314727813,0.00274658203125,2.0511789321899414,-0.01992214471101761,0.5035241842269897,-0.020511791110038757,0.0005896454676985741,0.0,-0.02620888128876686,1.0018178224563599,0.7728072036987162,6.694795608520508,1.859403371810913,6.668586730957031,2.101801633834839,6.778311014175415,4.183772325515747,,,,,,
8789940000.0,142.43,8.800000190734863,6391222784.0,2359.594126667287,3625.0,0.064697265625,59408384.0,124759.19441318512,0.00138301239348948,0.008544921875,2.047961711883545,-0.020880283787846565,0.41296011209487915,-0.02047961764037609,-0.0004006694070994854,0.0,0.032888539135456085,0.9065587520599365,0.7838585842887945,6.690760612487793,1.7754796743392944,6.723649024963379,1.9499659538269043,6.9435670375823975,4.190011978149414,,,,,,
8789940000.0,118.55,8.100000381469727,6391222784.0,2305.9030034917314,3626.0,0.0531005859375,59424768.0,124766.29965567589,0.0007303203456103802,0.00299072265625,2.0669631958007812,-0.020522337406873703,0.44677671790122986,-0.02066963165998459,0.00014729471877217293,0.0,-0.010158241726458073,0.9455057978630066,0.751705416302362,6.570868015289307,1.7048885822296143,6.5607099533081055,1.8974957466125488,7.105242490768433,4.178072929382324,,,,,,
8789940000.0,131.19,8.5,6391222784.0,2358.8356138559443,3627.0,0.064697265625,59441152.0,124773.24545550346,0.0008662552572786808,0.00372314453125,2.0861268043518066,-0.020674360916018486,0.43329501152038574,-0.020861268043518066,0.00018690526485443115,0.0,-0.019678696990013123,0.930904746055603,0.7917631879581978,6.726190567016602,1.828539252281189,6.706511497497559,2.0399839878082275,6.945799827575684,4.205113649368286,,,,,,
8789940000.0,151.52,7.699999809265137,6391222784.0,2422.3471522734194,3628.0,0.0616455078125,59457536.0,124780.00914335251,0.0020891819149255753,0.0146484375,2.0850791931152344,-0.020556781440973282,0.4743213653564453,-0.020850788801908493,0.00029400503262877464,0.0,-0.08015058934688568,0.9741686582565308,0.7777235953570074,6.685666084289551,1.7718874216079712,6.605515480041504,2.066270589828491,6.7636878490448,4.206073045730591,,,,,,
8789940000.0,146.58,8.300000190734863,6391222784.0,2417.871157167044,3629.0,0.06103515625,59473920.0,124786.78535223007,0.001142467139288783,0.0059814453125,2.0738348960876465,-0.020341750234365463,0.4997228980064392,-0.020738348364830017,0.00039659906178712845,0.0,0.026007413864135742,0.9951613545417786,0.7405496796757798,6.609748840332031,1.7223091125488281,6.635756492614746,1.9537392854690552,6.776208877563477,4.181300401687622,,,,,,
8789940000.0,124.9,8.600000381469727,6391222784.0,2423.2268747216017,3630.0,0.059814453125,59490304.0,124793.54658460617,0.000776396133005619,0.0040283203125,2.1320416927337646,-0.020923353731632233,0.3947138786315918,-0.021320417523384094,0.00039706286042928696,0.0,-0.01727568358182907,0.8884189128875732,0.7975335471973949,6.367203712463379,1.7523043155670166,6.34992790222168,1.9744269847869873,6.761232376098633,4.2018961906433105,,,,,,
8789940000.0,153.6,7.5,6391222784.0,2448.813867633048,3631.0,0.0445556640625,59506688.0,124800.23717069626,0.0008703754283487797,0.0045166015625,2.0911285877227783,-0.021057073026895523,0.5033359527587891,-0.020911285653710365,-0.00014579016715288162,0.0,-0.04829149320721626,1.0013012886047363,0.7388031196437629,6.273177146911621,1.7137649059295654,6.224885940551758,1.9592087268829346,6.690586090087891,4.177356004714966,,,,,,
8789940000.0,171.42,8.0,6391222784.0,2419.8592208712334,3632.0,0.0555419921875,59523072.0,124807.0078125,0.0011675903806462884,0.006103515625,2.0892322063446045,-0.020986594259738922,0.4616665542125702,-0.020892323926091194,-9.427033364772797e-05,0.0,-0.01955314353108406,0.9572786688804626,0.7933371637612444,6.223316669464111,1.857771396636963,6.203763484954834,2.1057512760162354,6.770641803741455,4.201608657836914,,,,,,
8789940000.0,175.48,8.100000381469727,6391222784.0,2423.0342019593936,3633.0,0.0506591796875,59539456.0,124813.76958251,0.0009456657571718097,0.00567626953125,2.0849478244781494,-0.02114337868988514,0.4233555793762207,-0.020849477499723434,-0.000293901190161705,0.0,0.018110375851392746,0.9219405055046082,0.7902838244016868,6.104236602783203,1.7703731060028076,6.122346878051758,2.013200283050537,6.761770009994507,4.200633525848389,,,,,,
8789940000.0,147.17,7.599999904632568,6391222784.0,2414.6149949646533,3634.0,0.0482177734375,59555840.0,124820.55492925644,0.001017285161651671,0.00439453125,2.0537123680114746,-0.020245995372533798,0.4962477684020996,-0.0205371230840683,0.0002911272458732128,0.0,-0.034069664776325226,0.9955502152442932,0.748876114724784,6.273153305053711,1.7240068912506104,6.239083290100098,1.986640453338623,6.785346746444702,4.18180251121521,,,,,,
8789940000.0,131.13,8.399999618530273,6391222784.0,2439.3620883256717,3635.0,0.057373046875,59572224.0,124827.27143931389,0.002211656654253602,0.0159912109375,2.0616073608398438,-0.020295538008213043,0.4205392897129059,-0.0206160731613636,0.0003205360844731331,0.0,0.037526559084653854,0.9160006046295166,0.786054414420446,6.290405750274658,1.7348475456237793,6.327932357788086,1.9803595542907715,6.716510057449341,4.181818962097168,,,,,,
8789940000.0,137.76,7.599999904632568,6391222784.0,2394.5781465134073,3636.0,0.057373046875,59588608.0,124834.11356306076,0.0014006721321493387,0.00897216796875,2.036548137664795,-0.019777465611696243,0.5723770260810852,-0.020365484058856964,0.0005880147218704224,0.0,-0.09715867042541504,1.0668846368789673,0.7561798880710487,6.445265769958496,1.9013012647628784,6.34810733795166,2.1606428623199463,6.842123746871948,4.189357042312622,,,,,,
8789940000.0,148.77,8.300000190734863,6391222784.0,2377.856476722054,3637.0,0.0592041015625,59604992.0,124841.0038022995,0.0011973688378930092,0.00701904296875,2.0198404788970947,-0.020253552123904228,0.5161120295524597,-0.020198402926325798,-5.514035001397133e-05,0.0,0.021714340895414352,1.0178006887435913,0.7667109227021198,6.334644317626953,1.826230525970459,6.356359004974365,2.107247829437256,6.890239238739014,4.194983720779419,,,,,,
8789940000.0,118.1,8.199999809265137,6391222784.0,2386.328923638004,3638.0,0.0592041015625,59621376.0,124847.86957836151,0.0009593571885488927,0.00531005859375,2.0099105834960938,-0.02057216688990593,0.5191980004310608,-0.020099103450775146,-0.0004730639047920704,0.0,0.0405721440911293,1.015970230102539,0.7323791705472922,6.179348945617676,1.7199759483337402,6.219921112060547,1.9639085531234741,6.865776062011719,4.187656402587891,,,,,,
8789940000.0,109.25,8.699999809265137,6391222784.0,2406.306333182471,3639.0,0.067138671875,59637760.0,124854.67835402489,0.0014000146184116602,0.00823974609375,2.0344295501708984,-0.020346760749816895,0.41208216547966003,-0.020344294607639313,-2.464279532432556e-06,0.0,0.07809486240148544,0.9102991819381714,0.8098872249439542,6.467100143432617,1.8650299310684204,6.545194625854492,2.0877485275268555,6.8087756633758545,4.201846122741699,,,,,,
8789940000.0,138.46,7.800000190734863,6391222784.0,2404.5496138257618,3640.0,0.062255859375,59654144.0,124861.4921040535,0.002052163705229759,0.01739501953125,2.0359747409820557,-0.020275704562664032,0.5271993279457092,-0.020359745249152184,8.403882384300232e-05,0.0,-0.0323609821498394,1.02487313747406,0.7695209259101037,6.48205041885376,1.8723357915878296,6.449689865112305,2.134786367416382,6.8137500286102295,4.205070734024048,,,,,,
8789940000.0,125.18,8.0,6391222784.0,2387.160284687011,3641.0,0.059814453125,59670528.0,124868.35548901558,0.0014248493826016784,0.01043701171875,2.0424742698669434,-0.02070212922990322,0.49558302760124207,-0.02042474038898945,-0.00027738558128476143,0.0,-0.0024149520322680473,0.9946664571762085,0.7571632185366484,6.423232078552246,1.78121018409729,6.420816898345947,2.0184597969055176,6.863384962081909,4.200037717819214,,,,,,
8789940000.0,139.53,8.199999809265137,6391222784.0,2416.3015781115164,3642.0,0.059814453125,59686912.0,124875.13609957695,0.0005748129915446043,0.00360107421875,2.04976487159729,-0.019586240872740746,0.46523451805114746,-0.020497649908065796,0.0009114043787121773,0.0,-0.02608358860015869,0.9637202620506287,0.7695099197327234,6.476978778839111,1.7795947790145874,6.450895309448242,2.0073585510253906,6.78061056137085,4.1867828369140625,,,,,,
8789940000.0,121.62,7.900000095367432,6391222784.0,2432.746602306482,3643.0,0.0555419921875,59703296.0,124881.87087416649,0.0015758420340716839,0.01123046875,2.040738582611084,-0.020417409017682076,0.5099506974220276,-0.020407386124134064,-1.0021030902862549e-05,0.0,-0.017565563321113586,1.0110046863555908,0.729696927449146,6.386773109436035,1.7191615104675293,6.369207382202148,1.9445888996124268,6.734774589538574,4.179954528808594,,,,,,
8789940000.0,144.89,7.699999809265137,6391222784.0,2406.896888620769,3644.0,0.0579833984375,59719680.0,124888.67797923088,0.0010576609056442976,0.005859375,2.0521037578582764,-0.020517736673355103,0.5287967920303345,-0.02052103728055954,3.298744559288025e-06,0.0,-0.04524090141057968,1.0270771980285645,0.742528949625314,6.329640865325928,1.7403944730758667,6.28439998626709,2.0241332054138184,6.80710506439209,4.198785781860352,,,,,,
8789940000.0,169.9,8.0,6391222784.0,2407.021829878724,3645.0,0.048828125,59736064.0,124895.48473095894,0.0004944308311678469,0.00201416015625,2.0612733364105225,-0.020212659612298012,0.4255785346031189,-0.02061273343861103,0.00040007149800658226,0.0,0.02440536953508854,0.9187382459640503,0.7832660314442645,6.141851425170898,1.7101807594299316,6.166256904602051,1.9734599590301514,6.806751728057861,4.175556182861328,,,,,,
8789940000.0,118.5,9.0,6391222784.0,2347.0949009897186,3646.0,0.0714111328125,59752448.0,124902.46527528763,0.0006636212347075343,0.00299072265625,2.033595085144043,-0.02016029879450798,0.4393441379070282,-0.020335951820015907,0.00017565302550792694,0.0,0.09883229434490204,0.9357731342315674,0.7913430408857294,6.321988582611084,1.835721731185913,6.420820713043213,2.0485854148864746,6.980544328689575,4.200811147689819,,,,,,
8789940000.0,144.94,7.900000095367432,6391222784.0,2323.16266035252,3647.0,0.0616455078125,59768832.0,124909.51773023605,0.0007582666003145278,0.00335693359375,1.987339973449707,-0.019852235913276672,0.4916899502277374,-0.019873401150107384,2.1161511540412903e-05,0.0,-0.011834506876766682,0.9890667796134949,0.7744177730020934,6.286169528961182,1.8481706380844116,6.2743353843688965,2.0824429988861084,7.052454948425293,4.19683575630188,,,,,,
,,,,,,,,,,,,,,,,,,,,,,,,,,0.018934020772576332,0.5201495885848999,0.47986942529678345,0.018934020772576332,0.5201495885848999,0.47986942529678345
,,,,,,,,,,,,,,,,,,,,,,,,,,0.01728716865181923,0.47043555974960327,0.44950631260871887,0.01728716865181923,0.47043555974960327,0.44950631260871887
,,,,,,,,,,,,,,,,,,,,,,,,,,0.017315180972218513,0.4460656940937042,0.4286486506462097,0.017315180972218513,0.4460656940937042,0.4286486506462097
,,,,,,,,,,,,,,,,,,,,,,,,,,0.017524100840091705,0.4285306930541992,0.4106067717075348,0.017524100840091705,0.4285306930541992,0.4106067717075348
,,,,,,,,,,,,,,,,,,,,,,,,,,0.017555197700858116,0.4145803451538086,0.3981130123138428,0.017555197700858116,0.4145803451538086,0.3981130123138428
,,,,,,,,,,,,,,,,,,,,,,,,,,0.017452677711844444,0.39825478196144104,0.38332754373550415,0.017452677711844444,0.39825478196144104,0.38332754373550415
8789940000.0,157.25,7.800000190734863,6188634112.0,18.526637437778085,3648.0,0.05615234375,59785216.0,125793.86601281166,0.0006942363688722253,0.00445556640625,2.024972438812256,-0.02033638395369053,0.5368855595588684,-0.02024972252547741,-8.666142821311951e-05,0.0,0.007876130752265453,1.0386651754379272,0.7499288104079886,6.2661542892456055,1.821461796760559,6.2740302085876465,2.0770342350006104,884.3482825756073,4.221325874328613,,,,,,
8789940000.0,127.77,8.5,6391222784.0,2401.371249894948,3649.0,0.0701904296875,59801600.0,125800.68878126144,0.0005262717604637146,0.00152587890625,1.9957795143127441,-0.0194891095161438,0.6055612564086914,-0.01995779573917389,0.00046868622303009033,0.0,0.031317342072725296,1.101193904876709,0.73263237883497,6.614657878875732,1.9275468587875366,6.645975589752197,2.1296567916870117,6.822768449783325,4.196067571640015,,,,,,
8789940000.0,112.79,7.900000095367432,6391222784.0,2413.2024225197047,3650.0,0.07568359375,59817984.0,125807.478099823,0.0006376162637025118,0.00274658203125,1.9841561317443848,-0.019501283764839172,0.6045796871185303,-0.01984156109392643,0.0003402791917324066,0.0,0.0265431459993124,1.097216010093689,0.759224424478341,6.5189619064331055,1.950536847114563,6.545505046844482,2.2360730171203613,6.789318561553955,4.190731048583984,,,,,,
8789940000.0,118.76,7.900000095367432,6391222784.0,2420.706012315823,3651.0,0.0714111328125,59834368.0,125814.24637317657,0.0008765085367485881,0.0050048828125,1.9971978664398193,-0.019565580412745476,0.7023916840553284,-0.019971977919340134,0.00040639378130435944,0.0,-0.03926369547843933,1.1833826303482056,0.6913292885842948,6.822451114654541,1.894774317741394,6.783187389373779,2.1299893856048584,6.76827335357666,4.183173418045044,,,,,,
8789940000.0,77.05,8.800000190734863,6391222784.0,2289.36504336834,3652.0,0.0775146484375,59850752.0,125821.40294265747,0.0009122584015130997,0.0047607421875,2.0560455322265625,-0.02046242542564869,0.4821045994758606,-0.020560454577207565,9.802274871617556e-05,0.0,0.07002115249633789,0.9710988998413086,0.7855868374072895,6.672650337219238,1.8662333488464355,6.742671012878418,2.0971884727478027,7.156569480895996,4.193071126937866,,,,,,
8789940000.0,124.51,8.100000381469727,6391222784.0,2295.2465268183328,3653.0,0.05859375,59867136.0,125828.54117369652,0.0009912451496347785,0.00592041015625,2.0540060997009277,-0.020869411528110504,0.48473024368286133,-0.020540060475468636,-0.0003293510526418686,0.0,0.025709625333547592,0.9830797910690308,0.7679818646797556,6.441535949707031,1.7965707778930664,6.467245101928711,2.0409278869628906,7.138231039047241,4.186855792999268,,,,,,
8789940000.0,152.51,8.0,6391222784.0,2316.744572043922,3654.0,0.0653076171875,59883520.0,125835.61316609383,0.0008738192263990641,0.00238037109375,2.02519154548645,-0.021124759688973427,0.5474913120269775,-0.020251914858818054,-0.0008728466928005219,0.0,0.007219339720904827,1.04982328414917,0.754164480136214,6.629220008850098,1.851158857345581,6.636439323425293,2.1173558235168457,7.07199239730835,4.186770677566528,,,,,,
8789940000.0,120.48,8.300000190734863,6391222784.0,2318.1011832559634,3655.0,0.0830078125,59899904.0,125842.68101978302,0.000903391046449542,0.00372314453125,1.9887421131134033,-0.01961016282439232,0.5766805410385132,-0.019887423142790794,0.00027726031839847565,0.0,0.018847811967134476,1.0722459554672241,0.7757495806034016,6.805976390838623,1.9972223043441772,6.824824333190918,2.264268398284912,7.067853689193726,4.1853554248809814,,,,,,
8789940000.0,123.21,7.5,6391222784.0,2387.3426497843107,3656.0,0.0762939453125,59916288.0,125849.54388046265,0.000628798094112426,0.00238037109375,1.9640456438064575,-0.019553115591406822,0.6487378478050232,-0.01964045688509941,8.734036237001419e-05,0.0,-0.07318107783794403,1.1389981508255005,0.7257292353483897,6.855287075042725,1.838121771812439,6.782105922698975,2.1748697757720947,6.862860679626465,4.187488555908203,,,,,,
8789940000.0,91.83,8.100000381469727,6391222784.0,2403.5286228966734,3657.0,0.0848388671875,59932672.0,125856.3605248928,0.0009739575325511396,0.00640869140625,1.943259835243225,-0.019578756764531136,0.6931374669075012,-0.01943259686231613,-0.00014615990221500397,0.0,0.012201875448226929,1.1741927862167358,0.7112397043377181,6.972381591796875,1.8723362684249878,6.984582901000977,2.185096502304077,6.8166444301605225,4.18192720413208,,,,,,
8789940000.0,109.46,8.100000381469727,6391222784.0,2370.7541627889777,3658.0,0.0732421875,59949056.0,125863.27140593529,0.0012496823910623789,0.00738525390625,1.9773244857788086,-0.019213303923606873,0.5219159722328186,-0.019773244857788086,0.0005599372088909149,0.0,0.018662776798009872,1.0233434438705444,0.7621394575348475,6.6941328048706055,1.8301067352294922,6.712795257568359,2.098264694213867,6.910881042480469,4.175378322601318,,,,,,
8789940000.0,95.71,8.100000381469727,6391222784.0,2369.185513051167,3659.0,0.087890625,59965440.0,125870.18686270714,0.0014880381058901548,0.01068115234375,1.9769785404205322,-0.019078852608799934,0.5715004205703735,-0.019769785925745964,0.0006909342482686043,0.0,-0.03335687890648842,1.0669429302215576,0.7824182249556471,6.8707380294799805,2.0003087520599365,6.837381362915039,2.287335157394409,6.915456771850586,4.177797555923462,,,,,,
8789940000.0,87.67,8.800000190734863,6391222784.0,2404.2113460607297,3660.0,0.0872802734375,59981824.0,125877.00157141685,0.0013538904022425413,0.00994873046875,1.9592280387878418,-0.0194808691740036,0.4668234884738922,-0.019592279568314552,0.00011140992864966393,0.0,0.05197066068649292,0.9678422212600708,0.8129319259517442,6.859574317932129,2.0028467178344727,6.911545753479004,2.2377169132232666,6.814708709716797,4.195770263671875,,,,,,
8789940000.0,119.31,8.5,6391222784.0,2358.1017827893083,3661.0,0.0787353515625,59998208.0,125883.94953274727,0.0014391978038474917,0.00994873046875,1.9637525081634521,-0.01937798783183098,0.4886002838611603,-0.01963752508163452,0.0002595391124486923,0.0,0.057880986481904984,0.9887507557868958,0.7801081362530511,6.892030715942383,1.919964075088501,6.949912071228027,2.1085426807403564,6.947961330413818,4.20154333114624,,,,,,
8789940000.0,118.7,8.800000190734863,6391222784.0,2415.195205843186,3662.0,0.0787353515625,60014592.0,125890.73324942589,0.0007242675055749714,0.0045166015625,1.9631766080856323,-0.01911499910056591,0.5181357264518738,-0.0196317657828331,0.000516768079251051,0.0,0.01598736271262169,1.0216797590255737,0.7477498443991168,7.088345527648926,1.8512492179870605,7.10433292388916,2.034224510192871,6.783716678619385,4.181815147399902,,,,,,
8789940000.0,84.73,9.0,6391222784.0,2365.175917700062,3663.0,0.087890625,60030976.0,125897.66042971611,0.0010056569008156657,0.00665283203125,1.970862627029419,-0.019753362983465195,0.4673532247543335,-0.019708624109625816,-4.47386410087347e-05,0.0,0.05221884697675705,0.9692297577857971,0.7823775287038673,7.190855503082275,1.8640302419662476,7.243074417114258,2.0776612758636475,6.927180290222168,4.1714863777160645,,,,,,
8789940000.0,118.38,8.699999809265137,6391222784.0,2407.354479655931,3664.0,0.0750732421875,60047360.0,125904.46624088287,0.0012736970093101263,0.00970458984375,1.959767460823059,-0.018928898498415947,0.4854806661605835,-0.019597673788666725,0.000668773427605629,0.0,0.051305435597896576,0.9853529334068298,0.7607403232036106,7.024242401123047,1.7891203165054321,7.075547695159912,2.0144522190093994,6.805811166763306,4.184053897857666,,,,,,
8789940000.0,105.0,8.399999618530273,6391222784.0,2408.434433010018,3665.0,0.0927734375,60063744.0,125911.26900029182,0.0013029089896008372,0.0091552734375,1.9248616695404053,-0.01882682368159294,0.5951628684997559,-0.019248617812991142,0.00042179226875305176,0.0,-0.02051405981183052,1.09442937374115,0.7318044280395526,7.353252410888672,1.802331805229187,7.332738399505615,2.1133031845092773,6.802759408950806,4.171352863311768,,,,,,
8789940000.0,88.35,8.399999618530273,6391222784.0,2436.812918610999,3666.0,0.084228515625,60080128.0,125917.9925365448,0.0011229550000280142,0.00579833984375,1.936104655265808,-0.018818888813257217,0.652351975440979,-0.019361045211553574,0.0005421554669737816,0.0,0.020305350422859192,1.1387145519256592,0.7078278564846958,7.280699253082275,1.8190513849258423,7.301004409790039,2.1066641807556152,6.723536252975464,4.184558153152466,,,,,,
8789940000.0,113.79,8.600000381469727,6391222784.0,2367.232999644637,3667.0,0.091552734375,60096512.0,125924.91369724274,0.0011786965187638998,0.0078125,1.9560405015945435,-0.019116628915071487,0.5503760576248169,-0.019560402259230614,0.0004437752068042755,0.0,0.03442682698369026,1.046545147895813,0.7680754440794166,7.2244486808776855,1.9261869192123413,7.258875846862793,2.1731245517730713,6.921160697937012,4.216902017593384,,,,,,
8789940000.0,85.97,8.100000381469727,6391222784.0,2428.312613989244,3668.0,0.0872802734375,60112896.0,125931.66076922417,0.0011707395315170288,0.0084228515625,1.9892208576202393,-0.01952149160206318,0.6757707595825195,-0.01989220827817917,0.00037072040140628815,0.0,-0.054788652807474136,1.1616984605789185,0.6968717689480146,7.365455150604248,1.8253809213638306,7.310666084289551,2.109987735748291,6.747071981430054,4.186244964599609,,,,,,
8789940000.0,107.34,8.300000190734863,6391222784.0,2369.246774996864,3669.0,0.0750732421875,60129280.0,125938.57604718208,0.0009626804385334253,0.00537109375,2.017270803451538,-0.02024487778544426,0.5221166014671326,-0.020172707736492157,-7.217377424240112e-05,0.0,-0.05394832417368889,1.0223309993743896,0.7350895004890561,7.104678153991699,1.739365577697754,7.0507307052612305,1.9862873554229736,6.91527795791626,4.239262580871582,,,,,,
8789940000.0,107.58,8.100000381469727,6391222784.0,2414.4213987947264,3670.0,0.078125,60145664.0,125945.36193799973,0.0017491900362074375,0.01318359375,2.0341765880584717,-0.019615108147263527,0.5767505168914795,-0.020341765135526657,0.0007266593165695667,0.0,-0.0433322936296463,1.0749595165252686,0.7299527679343036,7.051157474517822,1.7523285150527954,7.007824897766113,2.0685782432556152,6.785890817642212,4.1805150508880615,,,,,,
8789940000.0,103.51,7.900000095367432,6391222784.0,2429.706253843514,3671.0,0.068359375,60162048.0,125952.10513997078,0.0012016317341476679,0.007568359375,2.0121490955352783,-0.020286809653043747,0.5494900941848755,-0.020121492445468903,-0.00016531627625226974,0.0,-0.04318033903837204,1.0507439374923706,0.7276948893877513,6.862055778503418,1.698521614074707,6.818875312805176,2.013580083847046,6.743201971054077,4.201468467712402,,,,,,
8789940000.0,100.58,8.899999618530273,6391222784.0,2393.2970155407725,3672.0,0.0738525390625,60178432.0,125958.95092630386,0.0012754418421536684,0.0062255859375,2.0010831356048584,-0.019817424938082695,0.4853574335575104,-0.02001083269715309,0.00019341148436069489,0.0,0.06479725241661072,0.9777740240097046,0.7603516035236052,6.830695152282715,1.7541708946228027,6.8954925537109375,1.997334361076355,6.8457863330841064,4.296841621398926,,,,,,
8789940000.0,110.2,8.5,6391222784.0,2395.2699866969483,3673.0,0.0823974609375,60194816.0,125965.79107379913,0.0014216783456504345,0.007080078125,1.97273588180542,-0.019636940211057663,0.5286695957183838,-0.019727356731891632,9.041652083396912e-05,0.0,0.0403984896838665,1.0312025547027588,0.74500629817149,6.791254043579102,1.7858991622924805,6.831652641296387,2.04211163520813,6.840147495269775,4.204800844192505,,,,,,
8789940000.0,94.78,9.0,6391222784.0,2423.1025524258202,3674.0,0.0836181640625,60211200.0,125972.55265307426,0.0010724905878305435,0.0050048828125,1.949897289276123,-0.018596261739730835,0.4852045178413391,-0.019498975947499275,0.0009027151390910149,0.0,0.06856878846883774,0.988972544670105,0.7676761735606027,6.989645004272461,1.8630470037460327,7.058213233947754,2.0518100261688232,6.761579275131226,4.1871984004974365,,,,,,
8789940000.0,121.98,7.900000095367432,6391222784.0,2408.6293496384856,3675.0,0.0616455078125,60227584.0,125979.35486197472,0.0013710337225347757,0.00970458984375,1.9706544876098633,-0.01909526437520981,0.5400733351707458,-0.019706545397639275,0.0006112796254456043,0.0,-0.028871215879917145,1.0388329029083252,0.7324710129050944,6.782243251800537,1.7387187480926514,6.7533721923828125,2.00844669342041,6.80220890045166,4.204313039779663,,,,,,
8789940000.0,112.53,8.100000381469727,6391222784.0,2431.120845668571,3676.0,0.0689697265625,60243968.0,125986.09414029121,0.00174736010376364,0.01434326171875,1.9762277603149414,-0.019133884459733963,0.5617094039916992,-0.019762277603149414,0.0006283894181251526,0.0,-0.05259181186556816,1.0553969144821167,0.7048072159896939,6.858367919921875,1.6584631204605103,6.805776596069336,1.9425098896026611,6.739278316497803,4.190317153930664,,,,,,
8789940000.0,135.81,8.300000190734863,6391222784.0,2420.996140961953,3677.0,0.0732421875,60260352.0,125992.86160254478,0.0018443760927766562,0.0157470703125,2.007753610610962,-0.01898297853767872,0.5628159046173096,-0.02007753774523735,0.0010945601388812065,0.0,-0.04176853224635124,1.0586485862731934,0.704827431942175,6.870594024658203,1.6483865976333618,6.8288254737854,1.9485608339309692,6.767462253570557,4.231229543685913,,,,,,
8789940000.0,128.04,7.800000190734863,6391222784.0,2404.780760711574,3678.0,0.0616455078125,60276736.0,125999.67469763756,0.0033540104050189257,0.029541015625,2.02984356880188,-0.0200896505266428,0.5882505774497986,-0.020298436284065247,0.00020878715440630913,0.0,-0.042511530220508575,1.0841165781021118,0.7187345007722872,6.745388507843018,1.7106947898864746,6.702876567840576,2.044173002243042,6.8130950927734375,4.202220916748047,,,,,,
8789940000.0,113.42,9.0,6391222784.0,2440.092182214632,3679.0,0.0714111328125,60293120.0,126006.3891980648,0.0013326066546142101,0.0096435546875,2.068183183670044,-0.021115588024258614,0.37786343693733215,-0.0206818338483572,-0.00043375417590141296,0.0,0.05282391980290413,0.8657981753349304,0.7998973816929874,6.6687774658203125,1.6996816396713257,6.721601486206055,1.935487985610962,6.714500427246094,4.18643856048584,,,,,,
,,,,,,,,,,,,,,,,,,,,,,,,,,0.024149993434548378,0.5788000822067261,0.5380827784538269,0.024149993434548378,0.5788000822067261,0.5380827784538269
,,,,,,,,,,,,,,,,,,,,,,,,,,0.022567663341760635,0.5277400612831116,0.5040168762207031,0.022567663341760635,0.5277400612831116,0.5040168762207031
,,,,,,,,,,,,,,,,,,,,,,,,,,0.021954376250505447,0.499936580657959,0.4792816638946533,0.021954376250505447,0.499936580657959,0.4792816638946533
,,,,,,,,,,,,,,,,,,,,,,,,,,0.021773751825094223,0.4775846600532532,0.45895546674728394,0.021773751825094223,0.4775846600532532,0.45895546674728394
,,,,,,,,,,,,,,,,,,,,,,,,,,0.021739598363637924,0.46124908328056335,0.4410432279109955,0.021739598363637924,0.46124908328056335,0.4410432279109955
,,,,,,,,,,,,,,,,,,,,,,,,,,0.021767091006040573,0.44523143768310547,0.42557579278945923,0.021767091006040573,0.44523143768310547,0.42557579278945923
8789940000.0,148.12,8.199999809265137,6188634112.0,18.439034502209097,3680.0,0.0604248046875,60309504.0,126894.93897533417,0.0005542761646211147,0.00146484375,2.0873677730560303,-0.020812945440411568,0.5402084589004517,-0.020873676985502243,6.0735270380973816e-05,0.0,-0.055732227861881256,1.038866639137268,0.7501377644613607,6.71939754486084,1.8096733093261719,6.663665771484375,2.0783073902130127,888.5497772693634,4.231622934341431,,,,,,
8789940000.0,120.48,8.0,6391222784.0,2380.830727640003,3681.0,0.069580078125,60325888.0,126901.82060694695,0.0006409347988665104,0.00299072265625,2.03300142288208,-0.020297031849622726,0.5533063411712646,-0.020330015569925308,3.298558294773102e-05,0.0,0.013317686505615711,1.0491572618484497,0.7427477847136381,6.668581008911133,1.8276433944702148,6.681899070739746,2.0685276985168457,6.88163161277771,4.194160223007202,,,,,,
8789940000.0,123.61,8.0,6391222784.0,2408.3756012310846,3682.0,0.068359375,60342272.0,126908.62353253365,0.0008524096920154989,0.00360107421875,2.0305168628692627,-0.020651578903198242,0.5993662476539612,-0.020305169746279716,-0.00034640543162822723,0.0,-0.03465881198644638,1.0939042568206787,0.7308086220360549,6.679224967956543,1.8176853656768799,6.644566059112549,2.108379364013672,6.8029255867004395,4.206592082977295,,,,,,
8789940000.0,81.66,8.600000381469727,6391222784.0,2433.3152262424987,3683.0,0.0823974609375,60358656.0,126915.35673332214,0.0009268136927857995,0.00396728515625,1.9943029880523682,-0.01989455334842205,0.49705299735069275,-0.019943030551075935,4.847627133131027e-05,0.0,0.033832840621471405,0.9953081011772156,0.7863766531021256,6.759131908416748,1.893475890159607,6.792964935302734,2.153442144393921,6.733200788497925,4.207555532455444,,,,,,
8789940000.0,122.1,8.300000190734863,6391222784.0,2426.79252803537,3684.0,0.0701904296875,60375040.0,126922.1080315113,0.0006463534664362669,0.00244140625,2.001725196838379,-0.019671209156513214,0.5828030705451965,-0.02001725137233734,0.00034604035317897797,0.0,0.021521300077438354,1.0813637971878052,0.7412923574740751,6.730230331420898,1.8668471574783325,6.751751899719238,2.1260201930999756,6.751298189163208,4.175556182861328,,,,,,
8789940000.0,116.79,8.5,6391222784.0,2458.0794196770826,3685.0,0.08056640625,60391424.0,126928.77339792252,0.0007627528393641114,0.00311279296875,1.994272232055664,-0.02006589248776436,0.5304632782936096,-0.019942721351981163,-0.0001231706701219082,0.0,0.015344370156526566,1.0255333185195923,0.7772396743503889,6.8759331703186035,1.9252121448516846,6.891277313232422,2.1728553771972656,6.6653664112091064,4.208326101303101,,,,,,
8789940000.0,124.09,8.199999809265137,6391222784.0,2437.126714105411,3686.0,0.0634765625,60407808.0,126935.49606847763,0.0009649902349337935,0.00408935546875,1.9604768753051758,-0.018971828743815422,0.5954532623291016,-0.019604764878749847,0.0006329379975795746,0.0,-0.024457069113850594,1.090509057044983,0.7110937071155854,6.795160293579102,1.7748243808746338,6.770703315734863,2.028852939605713,6.722670555114746,4.1885154247283936,,,,,,
8789940000.0,115.12,8.699999809265137,6391222784.0,2384.9036371515012,3687.0,0.0799560546875,60424192.0,126942.36594772339,0.0011893990449607372,0.01007080078125,1.9694035053253174,-0.01886598765850067,0.44743579626083374,-0.01969403214752674,0.0008280482143163681,0.0,0.0903119146823883,0.9424143433570862,0.7858920597811262,6.947751045227051,1.8268897533416748,7.03806209564209,2.036691665649414,6.869879245758057,4.257143259048462,,,,,,
8789940000.0,81.62,8.399999618530273,6391222784.0,2418.5853770834547,3688.0,0.0836181640625,60440576.0,126949.14015555382,0.0007057769689708948,0.00238037109375,1.9576488733291626,-0.019427312538027763,0.6410871744155884,-0.019576488062739372,0.00014917738735675812,0.0,-0.03913550823926926,1.1336201429367065,0.7013501267096827,7.133779525756836,1.770115613937378,7.094644069671631,2.074371099472046,6.774207830429077,4.190935850143433,,,,,,
8789940000.0,113.2,8.699999809265137,6391222784.0,2443.119421383004,3689.0,0.078125,60456960.0,126955.84633612633,0.001548377564176917,0.010986328125,1.9572170972824097,-0.01900637149810791,0.5544083118438721,-0.019572172313928604,0.0005657989531755447,0.0,-0.006875923834741116,1.0472849607467651,0.7424609479417933,7.013585090637207,1.805513620376587,7.006709575653076,2.063685178756714,6.706180572509766,4.196013927459717,,,,,,
8789940000.0,99.65,8.600000381469727,6391222784.0,2444.8618175067527,3690.0,0.0799560546875,60473344.0,126962.54773736,0.0011118152178823948,0.0069580078125,1.951413631439209,-0.01986849494278431,0.4995863139629364,-0.019514136016368866,-0.00035436078906059265,0.0,0.030643833801150322,1.0011413097381592,0.7380591811624249,7.060202598571777,1.7762354612350464,7.090846061706543,1.9561108350753784,6.701401233673096,4.191194772720337,,,,,,
8789940000.0,116.92,8.300000190734863,6391222784.0,2400.0897154220033,3691.0,0.068359375,60489728.0,126969.37414884567,0.0011432345490902662,0.00726318359375,1.9601013660430908,-0.019932176917791367,0.5293519496917725,-0.019601013511419296,-0.00033116317354142666,0.0,-0.014222998172044754,1.0283061265945435,0.7278123808750616,6.998169898986816,1.734771728515625,6.983947277069092,1.9710079431533813,6.826411485671997,4.195537805557251,,,,,,
8789940000.0,110.38,8.300000190734863,6391222784.0,2393.335274485117,3692.0,0.0732421875,60506112.0,126976.21982574463,0.0008186460472643375,0.0032958984375,1.9996347427368164,-0.019461430609226227,0.4877181649208069,-0.01999634876847267,0.000534918624907732,0.0,-0.034544020891189575,0.9892076253890991,0.7594873767050032,6.996488571166992,1.7481416463851929,6.961944580078125,2.0170581340789795,6.845676898956299,4.292746067047119,,,,,,
8789940000.0,144.02,8.800000190734863,6391222784.0,2413.339460939723,3693.0,0.0701904296875,60522496.0,126983.00875878334,0.0014438503421843052,0.01007080078125,2.0022990703582764,-0.020308639854192734,0.4482472538948059,-0.020022990182042122,-0.00028565037064254284,0.0,0.04611918330192566,0.9484664797782898,0.7675942140014429,6.9563751220703125,1.7291960716247559,7.002494812011719,1.9674272537231445,6.788933038711548,4.211129188537598,,,,,,
8789940000.0,112.43,8.199999809265137,6391222784.0,2418.3431434751765,3694.0,0.0726318359375,60538880.0,126989.78364515305,0.001026423298753798,0.00567626953125,2.015880584716797,-0.019671181216835976,0.49355632066726685,-0.020158806815743446,0.00048762280493974686,0.0,-0.0026503349654376507,0.9952627420425415,0.754731958320559,6.990021705627441,1.759209156036377,6.987371444702148,2.0096354484558105,6.7748863697052,4.240861177444458,,,,,,
8789940000.0,128.83,8.100000381469727,6391222784.0,2411.0306169889063,3695.0,0.068359375,60555264.0,126996.57907938957,0.0010187316220253706,0.0078125,1.9849865436553955,-0.020504051819443703,0.5165255069732666,-0.0198498647660017,-0.0006541870534420013,0.0,-0.04358076676726341,1.0141608715057373,0.7488839196021133,6.933840751647949,1.7239681482315063,6.890260696411133,2.023811101913452,6.795434236526489,4.194841146469116,,,,,,
8789940000.0,110.44,8.699999809265137,6391222784.0,2394.1274844269915,3696.0,0.0732421875,60571648.0,127003.42249107361,0.000991985434666276,0.00604248046875,1.9856219291687012,-0.020658941939473152,0.4179498851299286,-0.019856218248605728,-0.0008027227595448494,0.0,0.01620190218091011,0.9143099188804626,0.7710170028206155,7.00528621673584,1.6727313995361328,7.021488666534424,1.910698652267456,6.843411684036255,4.1917195320129395,,,,,,
8789940000.0,144.5,8.699999809265137,6391222784.0,2376.138982506166,3697.0,0.067138671875,60588032.0,127010.31771063805,0.0020410316064953804,0.01800537109375,2.0231199264526367,-0.019475657492876053,0.37963560223579407,-0.02023119479417801,0.0007555410265922546,0.0,-0.0058529991656541824,0.8680972456932068,0.7963020545838586,6.95808219909668,1.7203458547592163,6.9522294998168945,1.9234254360198975,6.895219564437866,4.18506121635437,,,,,,
8789940000.0,126.72,8.699999809265137,6391222784.0,2409.058378638781,3698.0,0.059814453125,60604416.0,127017.1187081337,0.0008427994907833636,0.00421142578125,2.073929786682129,-0.02052907831966877,0.42873960733413696,-0.020739296451210976,0.00021021999418735504,0.0,-0.0044165365397930145,0.9244230389595032,0.7435751419186409,6.818414688110352,1.6470915079116821,6.813998222351074,1.8255383968353271,6.800997495651245,4.2452712059021,,,,,,
8789940000.0,151.14,8.100000381469727,6391222784.0,2343.827706341801,3699.0,0.048828125,60620800.0,127024.10898303986,0.0014880658127367496,0.00897216796875,2.053745985031128,-0.0206939447671175,0.4553009271621704,-0.02053746022284031,-0.00015648570843040943,0.0,-0.0271550752222538,0.950347900390625,0.7422404901941438,6.668361186981201,1.633905053138733,6.641205787658691,1.8718668222427368,6.990274906158447,4.215061187744141,,,,,,
8789940000.0,147.4,8.100000381469727,6391222784.0,2414.2924650208624,3700.0,0.0616455078125,60637184.0,127030.89523625374,0.0036579135339707136,0.03692626953125,2.039623260498047,-0.0189120601862669,0.4443190395832062,-0.02039623260498047,0.001484172884374857,0.0,-0.051563359797000885,0.9431636929512024,0.770863456344205,6.612032890319824,1.688777208328247,6.560469627380371,1.9703330993652344,6.786253213882446,4.18854546546936,,,,,,
8789940000.0,98.99,8.5,6391222784.0,2408.02511793964,3701.0,0.079345703125,60653568.0,127037.6991519928,0.002462555654346943,0.02313232421875,2.0098941326141357,-0.019805975258350372,0.5228688716888428,-0.020098939538002014,0.0002929661422967911,0.0,0.06473741680383682,1.018613576889038,0.7628553039989155,6.825428009033203,1.8248107433319092,6.890165328979492,2.0917153358459473,6.803915739059448,4.191566228866577,,,,,,
8789940000.0,109.45,8.699999809265137,6391222784.0,2311.1845616000624,3702.0,0.076904296875,60669952.0,127044.78815746307,0.001007449347525835,0.00579833984375,2.0022783279418945,-0.019474273547530174,0.4729393720626831,-0.020022785291075706,0.0005485080182552338,0.0,0.012870673090219498,0.9665632247924805,0.7668383084851124,6.856009006500244,1.7247122526168823,6.868879795074463,2.0017127990722656,7.089005470275879,4.297174453735352,,,,,,
8789940000.0,121.7,8.399999618530273,6391222784.0,2386.1204488885082,3703.0,0.0604248046875,60686336.0,127051.65453338623,0.001509273424744606,0.01019287109375,2.0144267082214355,-0.019555840641260147,0.45885589718818665,-0.02014426700770855,0.0005884245038032532,0.0,-0.021282467991113663,0.9518858790397644,0.7621594670980696,6.740534782409668,1.696453332901001,6.719252109527588,1.9518282413482666,6.866375923156738,4.204561233520508,,,,,,
8789940000.0,122.13,8.800000190734863,6391222784.0,2364.808841534233,3704.0,0.0665283203125,60702720.0,127058.58278894424,0.0008006040006875992,0.0037841796875,2.0129075050354004,-0.0200736615806818,0.42885029315948486,-0.020129073411226273,5.54155558347702e-05,0.0,0.07680687308311462,0.9246947765350342,0.7826446528076898,6.74122428894043,1.7690218687057495,6.818031311035156,1.9834136962890625,6.928255558013916,4.188952684402466,,,,,,
8789940000.0,133.52,8.5,6391222784.0,2377.046217954729,3705.0,0.064697265625,60719104.0,127065.4753768444,0.001043151831254363,0.00555419921875,1.9946684837341309,-0.019765272736549377,0.484220415353775,-0.019946683198213577,0.00018141139298677444,0.0,0.001947108656167984,0.9852396845817566,0.7649591149398892,6.757218360900879,1.822425127029419,6.759165287017822,2.0322177410125732,6.892587900161743,4.203165054321289,,,,,,
8789940000.0,124.51,8.899999618530273,6391222784.0,2385.0676943730437,3706.0,0.07568359375,60735488.0,127072.34478354454,0.0010548607679083943,0.00457763671875,1.9775439500808716,-0.019782118499279022,0.46035236120224,-0.01977544091641903,-6.680842489004135e-06,0.0,0.061729852110147476,0.957276463508606,0.7815576309312616,7.031780242919922,1.8391553163528442,7.093510150909424,2.0481839179992676,6.869406700134277,4.280454397201538,,,,,,
8789940000.0,120.21,8.699999809265137,6391222784.0,2395.3386165963652,3707.0,0.0811767578125,60751872.0,127079.18473505974,0.0010472654830664396,0.00445556640625,1.9441449642181396,-0.018783753737807274,0.5165115594863892,-0.019441448152065277,0.0006576944142580032,0.0,0.007983633317053318,1.0169991254806519,0.7260384039790886,7.190247058868408,1.7420462369918823,7.198230743408203,1.9430137872695923,6.839951515197754,4.211869955062866,,,,,,
8789940000.0,101.19,8.199999809265137,6391222784.0,2392.6257242996635,3708.0,0.0665283203125,60768256.0,127086.0324420929,0.0012989258393645287,0.00897216796875,1.9573527574539185,-0.018583670258522034,0.5490117073059082,-0.019573530182242393,0.0009898580610752106,0.0,-0.10158929973840714,1.0458582639694214,0.7452712055335493,6.939593315124512,1.7615833282470703,6.838004112243652,2.0722103118896484,6.847707033157349,4.1889488697052,,,,,,
8789940000.0,97.08,8.199999809265137,6391222784.0,2343.9493834056398,3709.0,0.0689697265625,60784640.0,127093.02235412598,0.0020109154284000397,0.01470947265625,1.9732900857925415,-0.019569028168916702,0.5183733701705933,-0.019732899963855743,0.00016387086361646652,0.0,-0.050693709403276443,1.0186148881912231,0.7530159328135698,6.920749664306641,1.761643648147583,6.87005615234375,2.049630641937256,6.989912033081055,4.2153472900390625,,,,,,
8789940000.0,128.78,8.300000190734863,6391222784.0,2484.9907418202247,3710.0,0.0616455078125,60801024.0,127099.61553764343,0.0008478517993353307,0.00421142578125,2.005476474761963,-0.019810115918517113,0.4444287419319153,-0.020054765045642853,0.00024464912712574005,0.0,-0.010420622304081917,0.9423261284828186,0.757833224639903,6.695303916931152,1.673954725265503,6.684883117675781,1.914891004562378,6.593183517456055,4.195859670639038,,,,,,
8789940000.0,144.08,8.100000381469727,6391222784.0,2373.5587389454427,3711.0,0.0634765625,60817408.0,127106.51825284958,0.0018802525009959936,0.0142822265625,1.9250849485397339,-0.019588567316532135,0.5719290375709534,-0.01925085112452507,-0.00033771758899092674,0.0,-0.01677125319838524,1.0693565607070923,0.7412861429967211,6.774897575378418,1.8078526258468628,6.758126258850098,2.1023879051208496,6.90271520614624,4.343362808227539,,,,,,
,,,,,,,,,,,,,,,,,,,,,,,,,,0.020609993487596512,0.5278685092926025,0.4792577922344208,0.020609993487596512,0.5278685092926025,0.4792577922344208
,,,,,,,,,,,,,,,,,,,,,,,,,,0.019416287541389465,0.48091426491737366,0.45522400736808777,0.019416287541389465,0.48091426491737366,0.45522400736808777
,,,,,,,,,,,,,,,,,,,,,,,,,,0.018704073503613472,0.45614320039749146,0.43235620856285095,0.018704073503613472,0.45614320039749146,0.43235620856285095
,,,,,,,,,,,,,,,,,,,,,,,,,,0.018695460632443428,0.43627193570137024,0.41631707549095154,0.018695460632443428,0.43627193570137024,0.41631707549095154
,,,,,,,,,,,,,,,,,,,,,,,,,,0.018534259870648384,0.42205309867858887,0.4010295569896698,0.018534259870648384,0.42205309867858887,0.4010295569896698
,,,,,,,,,,,,,,,,,,,,,,,,,,0.01851320080459118,0.405771404504776,0.38730308413505554,0.01851320080459118,0.405771404504776,0.38730308413505554
8789940000.0,143.94,7.699999809265137,6188634112.0,18.465588339017714,3712.0,0.06591796875,60833792.0,127993.79028010368,0.00146052788477391,0.01019287109375,1.9324058294296265,-0.01929309591650963,0.6004611849784851,-0.019324056804180145,3.095925785601139e-05,0.0,-0.02055744268000126,1.0961134433746338,0.731228172978375,6.7195820808410645,1.852425456047058,6.699024677276611,2.114286184310913,887.2720272541046,4.235203742980957,,,,,,
8789940000.0,92.45,8.899999618530273,6391222784.0,2401.5970020348377,3713.0,0.0714111328125,60850176.0,128000.61240720749,0.0008479014504700899,0.0048828125,1.9263062477111816,-0.019456855952739716,0.44964879751205444,-0.01926306262612343,-0.00019379169680178165,0.0,0.0521792434155941,0.9484760165214539,0.780946029112977,6.7688798904418945,1.814963459968567,6.821058750152588,2.0265185832977295,6.822127103805542,4.215821266174316,,,,,,
8789940000.0,115.1,8.199999809265137,6391222784.0,2411.4590633634994,3714.0,0.0701904296875,60866560.0,128007.40663409233,0.000904541346244514,0.0059814453125,1.9492464065551758,-0.018874362111091614,0.48356908559799194,-0.019492462277412415,0.00061810202896595,0.0,-0.005070265382528305,0.984711229801178,0.7753599394521573,6.784116744995117,1.8403234481811523,6.779046058654785,2.0776138305664062,6.794226884841919,4.178390741348267,,,,,,
8789940000.0,157.74,8.100000381469727,6391222784.0,2415.0926706088644,3715.0,0.0665283203125,60882944.0,128014.1906387806,0.0004257207619957626,0.001220703125,1.9583828449249268,-0.01890391856431961,0.5030178427696228,-0.01958383060991764,0.0006799092516303062,0.0,-0.016696564853191376,1.0001739263534546,0.7538639727606067,6.85791015625,1.7473472356796265,6.841213226318359,2.0159876346588135,6.7840046882629395,4.198398113250732,,,,,,
8789940000.0,105.82,9.199999809265137,6391222784.0,2452.631559005779,3716.0,0.081787109375,60899328.0,128020.87081050873,0.0009809799958020449,0.0037841796875,1.9808812141418457,-0.019361179322004318,0.42842569947242737,-0.0198088139295578,0.00044763367623090744,0.0,0.023845955729484558,0.9268174171447754,0.7891264380456191,6.962301254272461,1.8498938083648682,6.986146926879883,2.0182881355285645,6.680171728134155,4.187154531478882,,,,,,
8789940000.0,124.72,8.0,6391222784.0,2433.776971045873,3717.0,0.05859375,60915712.0,128027.60273385048,0.0008298975299112499,0.003173828125,2.0055904388427734,-0.019691940397024155,0.5180782079696655,-0.020055904984474182,0.00036396225914359093,0.0,-0.07540769875049591,1.0152450799942017,0.7348117918278666,6.782896518707275,1.7270152568817139,6.707489013671875,1.9714877605438232,6.731923341751099,4.189219951629639,,,,,,
8789940000.0,153.57,8.699999809265137,6391222784.0,2434.103521241629,3718.0,0.0579833984375,60932096.0,128034.33375406265,0.0009901735465973616,0.00384521484375,2.0313773155212402,-0.020169664174318314,0.3659178614616394,-0.020313771441578865,0.00014410912990570068,0.0,0.04913740232586861,0.8530783653259277,0.7905334145998552,6.760049819946289,1.653661847114563,6.809186935424805,1.863937258720398,6.731020212173462,4.178597688674927,,,,,,
8789940000.0,118.68,8.300000190734863,6391222784.0,2417.4327757553006,3719.0,0.0567626953125,60948480.0,128041.11119174957,0.001290193642489612,0.00823974609375,2.028252601623535,-0.02102862112224102,0.3941552937030792,-0.020282525569200516,-0.0007460948545485735,0.0,-0.036375291645526886,0.8822690844535828,0.7917982172305257,6.666688919067383,1.7249886989593506,6.630313873291016,1.9335658550262451,6.777437686920166,4.209744453430176,,,,,,
8789940000.0,142.35,7.900000095367432,6391222784.0,2402.189362547702,3720.0,0.057373046875,60964864.0,128047.93163657188,0.0014003758551552892,0.00927734375,2.018946886062622,-0.019910965114831924,0.5032923221588135,-0.020189469680190086,0.0002785036340355873,0.0,-0.09742859750986099,1.0017001628875732,0.7521128764851317,6.704832553863525,1.7412937879562378,6.607403755187988,2.0119192600250244,6.820444822311401,4.187167644500732,,,,,,
8789940000.0,168.27,7.800000190734863,6391222784.0,2421.178167796817,3721.0,0.0482177734375,60981248.0,128054.6985900402,0.0015394759830087423,0.010498046875,2.0163822174072266,-0.020239319652318954,0.5369515419006348,-0.020163822919130325,-7.549743168056011e-05,0.0,-0.03370039910078049,1.0288974046707153,0.6874196924369538,6.430267810821533,1.5939968824386597,6.396567344665527,1.8403112888336182,6.766953468322754,4.196318626403809,,,,,,
8789940000.0,139.58,8.399999618530273,6391222784.0,2390.5436697072814,3722.0,0.059814453125,60997632.0,128061.55226111412,0.0007106816628947854,0.0028076171875,1.9882454872131348,-0.01971430331468582,0.4514473080635071,-0.019882453605532646,0.00016814842820167542,0.0,0.022542648017406464,0.9482673406600952,0.7518385507377692,6.456585884094238,1.6471049785614014,6.479128360748291,1.9035463333129883,6.853671073913574,4.1849589347839355,,,,,,
8789940000.0,138.75,8.5,6391222784.0,2414.066440026538,3723.0,0.067138671875,61014016.0,128068.33914971352,0.0012406989699229598,0.01092529296875,1.9807698726654053,-0.019289378076791763,0.4246620535850525,-0.01980769634246826,0.0005183201283216476,0.0,0.027616888284683228,0.9209256172180176,0.7807312852762984,6.597447872161865,1.7011855840682983,6.625064373016357,1.9666907787322998,6.786888599395752,4.206649541854858,,,,,,
8789940000.0,180.93,7.5,6391222784.0,2407.178741423353,3724.0,0.0421142578125,61030400.0,128075.1454577446,0.0009439970017410815,0.00555419921875,2.0110626220703125,-0.020360857248306274,0.4799538552761078,-0.02011062577366829,-0.00025023240596055984,0.0,-0.06330470740795135,0.9758228063583374,0.7129022619163043,6.320042133331299,1.5303664207458496,6.25673770904541,1.821192979812622,6.806308031082153,4.174508333206177,,,,,,
8789940000.0,107.96,8.800000190734863,6391222784.0,2400.503799999902,3725.0,0.0579833984375,61046784.0,128081.97069168091,0.0014826197875663638,0.01214599609375,2.0280377864837646,-0.019601400941610336,0.3428612947463989,-0.020280376076698303,0.0006789769977331161,0.0,0.03038531169295311,0.8269764184951782,0.8137687007726411,6.460103511810303,1.7054600715637207,6.4904890060424805,1.9163153171539307,6.8252339363098145,4.20276141166687,,,,,,
8789940000.0,139.7,8.0,6391222784.0,2358.839986157156,3726.0,0.0555419921875,61063168.0,128088.91647863388,0.0009461221634410322,0.0050048828125,2.010505199432373,-0.020048994570970535,0.46333804726600647,-0.02010505087673664,5.60590997338295e-05,0.0,-0.03961602598428726,0.9640683531761169,0.7479775122533299,6.327736854553223,1.7052865028381348,6.288120269775391,1.9203834533691406,6.945786952972412,4.205140829086304,,,,,,
8789940000.0,156.3,7.800000190734863,6391222784.0,2367.0058345484767,3727.0,0.0592041015625,61079552.0,128095.83830356598,0.0014826094266027212,0.01104736328125,1.9824769496917725,-0.020054977387189865,0.5444626212120056,-0.019824767485260963,-0.0002302117645740509,0.0,-0.07819665223360062,1.0440006256103516,0.7459977155890763,6.510692596435547,1.7805196046829224,6.432496070861816,2.071486234664917,6.921824932098389,4.18571138381958,,,,,,
8789940000.0,126.39,8.0,6391222784.0,2378.2190552999664,3728.0,0.06591796875,61095936.0,128102.72749233246,0.001405353657901287,0.00830078125,1.9500014781951904,-0.018939103931188583,0.500697910785675,-0.019500013440847397,0.0005609076470136642,0.0,-0.01680733822286129,1.0020883083343506,0.7715431475253283,6.422505855560303,1.8248571157455444,6.405698776245117,2.0965445041656494,6.889188766479492,4.204147100448608,,,,,,
8789940000.0,129.42,8.0,6391222784.0,2356.220969127373,3729.0,0.0628662109375,61112320.0,128109.68099975586,0.0019074482843279839,0.01617431640625,1.9697165489196777,-0.01914214715361595,0.5104726552963257,-0.019697166979312897,0.0005550198256969452,0.0,-0.017371386289596558,1.010598063468933,0.7555226751609508,6.456521987915039,1.7945643663406372,6.439150810241699,2.043898582458496,6.953507423400879,4.199427366256714,,,,,,
8789940000.0,136.12,7.599999904632568,6391222784.0,2388.965424294371,3730.0,0.04638671875,61128704.0,128116.53919863701,0.0012344315182417631,0.00958251953125,2.0371415615081787,-0.02020588144659996,0.47189152240753174,-0.020371414721012115,0.00016553141176700592,0.0,-0.10052530467510223,0.967975378036499,0.7424680490011698,6.212226867675781,1.651877999305725,6.111701965332031,1.9074307680130005,6.858198881149292,4.199351072311401,,,,,,
8789940000.0,160.43,7.800000190734863,6391222784.0,2369.496021254183,3731.0,0.0482177734375,61145088.0,128123.45374917984,0.0022186841815710068,0.0177001953125,2.05875825881958,-0.020133011043071747,0.45485061407089233,-0.020587582141160965,0.00045457202941179276,0.0,-0.04343334957957268,0.954481840133667,0.7586139536830544,6.076501369476318,1.6581645011901855,6.033068656921387,1.9427261352539062,6.914550542831421,4.24226450920105,,,,,,
8789940000.0,167.67,7.5,6391222784.0,2393.4320525692515,3732.0,0.042724609375,61161472.0,128130.29914927483,0.001981862122192979,0.0179443359375,2.09346342086792,-0.020513534545898438,0.4293115437030792,-0.020934633910655975,0.00042110122740268707,0.0,-0.05160154774785042,0.9277512431144714,0.7537471793469996,6.023231029510498,1.6002997159957886,5.971629619598389,1.8695646524429321,6.845400094985962,4.199506521224976,,,,,,
8789940000.0,138.44,8.300000190734863,6391222784.0,2394.2814679774783,3733.0,0.0543212890625,61177856.0,128137.14212083817,0.0012179508339613676,0.0091552734375,2.104297637939453,-0.020791996270418167,0.43823277950286865,-0.021042974665760994,0.0002509765326976776,0.0,0.008423255756497383,0.9327937364578247,0.7806814788303991,6.181024074554443,1.7551612854003906,6.189447402954102,1.9918102025985718,6.842971563339233,4.186472415924072,,,,,,
8789940000.0,159.0,8.300000190734863,6391222784.0,2391.272454965737,3734.0,0.059814453125,61194240.0,128143.99370312691,0.0017306397203356028,0.01263427734375,2.0668578147888184,-0.020468756556510925,0.4786059856414795,-0.020668575540184975,0.0001998264342546463,0.0,0.05501433089375496,0.9799303412437439,0.7659716260359751,6.207862854003906,1.7800203561782837,6.262877464294434,2.025634527206421,6.851582288742065,4.25956654548645,,,,,,
8789940000.0,178.32,7.900000095367432,6391222784.0,2395.7310180187746,3735.0,0.054931640625,61210624.0,128150.8325343132,0.0020667025819420815,0.0185546875,2.080345630645752,-0.020586499944329262,0.48413413763046265,-0.020803457126021385,0.0002169627696275711,0.0,-0.010865893214941025,0.9851882457733154,0.7890334959085474,6.282505035400391,1.8910497426986694,6.271638870239258,2.144925117492676,6.838831186294556,4.210633754730225,,,,,,
8789940000.0,127.78,9.0,6391222784.0,2395.3498048116644,3736.0,0.048828125,61227008.0,128157.67245388031,0.0013760384172201157,0.01031494140625,2.104299545288086,-0.02072937786579132,0.31712186336517334,-0.021042995154857635,0.0003136158920824528,0.0,0.03186266869306564,0.8007869124412537,0.8292345248392752,6.055816173553467,1.7886276245117188,6.087678909301758,1.937836766242981,6.839919567108154,4.240151643753052,,,,,,
8789940000.0,158.9,8.300000190734863,6391222784.0,2418.692550722185,3737.0,0.0439453125,61243392.0,128164.44636154175,0.0020034336484968662,0.01776123046875,2.102083683013916,-0.021265778690576553,0.37776678800582886,-0.021020838990807533,-0.0002449415624141693,0.0,-0.0040528737008571625,0.8685739636421204,0.7924240928242559,6.036258220672607,1.7149986028671265,6.032205104827881,1.9064189195632935,6.773907661437988,4.21760892868042,,,,,,
8789940000.0,131.37,8.199999809265137,6391222784.0,2408.129838715047,3738.0,0.0531005859375,61259776.0,128171.24998140335,0.002766141202300787,0.02374267578125,2.109671115875244,-0.020097434520721436,0.39885377883911133,-0.021096711978316307,0.0009992767591029406,0.0,-0.013221193104982376,0.8931851983070374,0.8116627045400401,6.170184135437012,1.8360977172851562,6.1569623947143555,2.0581321716308594,6.803619861602783,4.368450403213501,,,,,,
8789940000.0,191.39,7.699999809265137,6391222784.0,2450.0249830293833,3739.0,0.057373046875,61276160.0,128177.93726015091,0.006284642964601517,0.0523681640625,2.0649893283843994,-0.018806861713528633,0.5485485792160034,-0.02064989134669304,0.0018430287018418312,0.0,-0.03252545744180679,1.0473195314407349,0.748663840852906,6.262903213500977,1.8375749588012695,6.230378150939941,2.089064121246338,6.687278747558594,4.210693597793579,,,,,,
8789940000.0,134.92,8.699999809265137,6391222784.0,2478.2990925865256,3740.0,0.067138671875,61292544.0,128184.54824590683,0.001969147939234972,0.01666259765625,2.0880935192108154,-0.019939042627811432,0.41449013352394104,-0.020880933851003647,0.0009418952977284789,0.0,0.028661921620368958,0.9085971117019653,0.8230890213408648,6.3417158126831055,1.9312682151794434,6.370378494262695,2.1601994037628174,6.61098575592041,4.195209980010986,,,,,,
8789940000.0,134.3,7.5,6391222784.0,2420.29294206281,3741.0,0.057373046875,61308928.0,128191.31767439842,0.0025118733756244183,0.0194091796875,2.0684986114501953,-0.020132647827267647,0.555123507976532,-0.0206849854439497,0.0005523394793272018,0.0,-0.07586164772510529,1.0497854948043823,0.75501464760885,6.252524375915527,1.8758137226104736,6.176662445068359,2.1209499835968018,6.769428491592407,4.244101047515869,,,,,,
8789940000.0,130.82,7.699999809265137,6391222784.0,2335.9641254093235,3742.0,0.059814453125,61325312.0,128198.3314807415,0.0015976300928741693,0.01312255859375,2.0365102291107178,-0.019824616611003876,0.5412435531616211,-0.02036510407924652,0.0005404851399362087,0.0,-0.011887130327522755,1.0379737615585327,0.7681756906099864,6.185824394226074,1.8536581993103027,6.17393684387207,2.155792236328125,7.013806343078613,4.326072692871094,,,,,,
8789940000.0,134.15,8.100000381469727,6391222784.0,2407.632728106194,3743.0,0.0628662109375,61341696.0,128205.13650536537,0.001692171674221754,0.0126953125,2.0386996269226074,-0.01963682286441326,0.5133177042007446,-0.020386995747685432,0.0007501738145947456,0.0,0.05221046507358551,1.01127028465271,0.7836187751762168,6.3381829261779785,1.9252156019210815,6.390393257141113,2.17399001121521,6.80502462387085,4.197758913040161,,,,,,
,,,,,,,,,,,,,,,,,,,,,,,,,,0.025199044495821,0.5153753757476807,0.4778124690055847,0.025199044495821,0.5153753757476807,0.4778124690055847
,,,,,,,,,,,,,,,,,,,,,,,,,,0.023575816303491592,0.46656760573387146,0.44270071387290955,0.023575816303491592,0.46656760573387146,0.44270071387290955
,,,,,,,,,,,,,,,,,,,,,,,,,,0.021938705816864967,0.4426307678222656,0.42383307218551636,0.021938705816864967,0.4426307678222656,0.42383307218551636
,,,,,,,,,,,,,,,,,,,,,,,,,,0.021969549357891083,0.42322757840156555,0.403593510389328,0.021969549357891083,0.42322757840156555,0.403593510389328
,,,,,,,,,,,,,,,,,,,,,,,,,,0.021738113835453987,0.40785789489746094,0.3903513550758362,0.021738113835453987,0.40785789489746094,0.3903513550758362
,,,,,,,,,,,,,,,,,,,,,,,,,,0.02147362194955349,0.3943319618701935,0.37934237718582153,0.02147362194955349,0.3943319618701935,0.37934237718582153
8789940000.0,130.19,7.900000095367432,6188634112.0,18.514840018884527,3744.0,0.06591796875,61358080.0,129090.04828333855,0.0006578635075129569,0.003173828125,2.0997507572174072,-0.020955082029104233,0.5306253433227539,-0.020997507497668266,4.242360591888428e-05,0.0,-0.006082714535295963,1.0278714895248413,0.7636617821538392,6.322388648986816,1.8544890880584717,6.316306114196777,2.1143250465393066,884.911777973175,4.367225646972656,,,,,,
8789940000.0,103.67,8.300000190734863,6391222784.0,2413.6367276259757,3745.0,0.072021484375,61374464.0,129096.8363802433,0.0007596381474286318,0.00482177734375,2.0466628074645996,-0.021059533581137657,0.6102457642555237,-0.020466629415750504,-0.0005929060280323029,0.0,0.08000833541154861,1.1021190881729126,0.7474997294023731,6.655577659606934,1.9475289583206177,6.735586166381836,2.1932995319366455,6.788096904754639,4.175896883010864,,,,,,
8789940000.0,126.18,8.0,6391222784.0,2422.7402534730204,3746.0,0.0726318359375,61390848.0,129103.59897065163,0.0005605191108770669,0.00250244140625,2.079106330871582,-0.020613687112927437,0.5659119486808777,-0.020791061222553253,0.00017737189773470163,0.0,-0.00942452996969223,1.062799334526062,0.7499653187384383,6.6551899909973145,1.8711806535720825,6.64576530456543,2.125450611114502,6.762590408325195,4.199368476867676,,,,,,
8789940000.0,135.76,8.100000381469727,6391222784.0,2398.451295641249,3747.0,0.0457763671875,61407232.0,129110.43004536629,0.0007477107574231923,0.0032958984375,2.092219114303589,-0.02072405070066452,0.44862231612205505,-0.020922189578413963,0.00019814074039459229,0.0,0.008729996159672737,0.9470962882041931,0.7627971002044442,6.338541507720947,1.7296221256256104,6.34727144241333,1.9446171522140503,6.8310747146606445,4.17593240737915,,,,,,
8789940000.0,124.15,8.600000381469727,6391222784.0,2408.5629106737056,3748.0,0.0701904296875,61423616.0,129117.23244190216,0.0009283729596063495,0.00439453125,2.055187225341797,-0.019909577444195747,0.4486498236656189,-0.02055187337100506,0.0006422940641641617,0.0,0.0480838418006897,0.9440656304359436,0.802624118102228,6.607863426208496,1.8897345066070557,6.655947685241699,2.124983549118042,6.802396535873413,4.178115129470825,,,,,,
8789940000.0,129.07,7.599999904632568,6391222784.0,2410.3489194630774,3749.0,0.0634765625,61440000.0,129124.02979803085,0.0006102955085225403,0.00244140625,2.0474257469177246,-0.020716611295938492,0.6382295489311218,-0.020474258810281754,-0.00024235248565673828,0.0,-0.09287959337234497,1.1304469108581543,0.7334275694825564,6.589967727661133,1.8807250261306763,6.497088432312012,2.189487934112549,6.797356128692627,4.196113586425781,,,,,,
8789940000.0,136.43,7.400000095367432,6391222784.0,2424.291527368209,3750.0,0.06591796875,61456384.0,129130.78806114197,0.0008198480354622006,0.00323486328125,2.046191453933716,-0.01997268944978714,0.6387361288070679,-0.0204619150608778,0.0004892274737358093,0.0,-0.06967476010322571,1.127197504043579,0.7369440989622897,6.604982376098633,1.892633080482483,6.535307884216309,2.1977386474609375,6.758263111114502,4.195724010467529,,,,,,
8789940000.0,119.81,7.900000095367432,6391222784.0,2396.1844564202665,3751.0,0.06103515625,61472768.0,129137.62559819221,0.0012418469414114952,0.0079345703125,2.0669519901275635,-0.0208258256316185,0.5189790725708008,-0.020669518038630486,-0.00015630945563316345,0.0,0.003508016699925065,1.0206406116485596,0.7541417796903451,6.277079105377197,1.7738338708877563,6.280587196350098,2.058403253555298,6.837537050247192,4.190292119979858,,,,,,
8789940000.0,129.73,8.0,6391222784.0,2388.747022638104,3752.0,0.05126953125,61489152.0,129144.48442411423,0.0011947709135711193,0.005126953125,2.105954885482788,-0.020746402442455292,0.4116939604282379,-0.021059550344944,0.0003131525591015816,0.0,-0.028257757425308228,0.9051236510276794,0.7821424040453833,6.140656471252441,1.7017793655395508,6.112398624420166,1.939196228981018,6.858825922012329,4.180513858795166,,,,,,
8789940000.0,116.84,8.300000190734863,6391222784.0,2421.56901233519,3753.0,0.054931640625,61505536.0,129151.25028538704,0.0011341515928506851,0.00634765625,2.1032803058624268,-0.02096792310476303,0.4187495708465576,-0.021032802760601044,6.487802602350712e-05,0.0,0.02546032890677452,0.9165982007980347,0.7926078906639333,6.2314348220825195,1.7980073690414429,6.256895542144775,2.0127182006835938,6.76586127281189,4.190800666809082,,,,,,
8789940000.0,152.87,7.5,6391222784.0,2400.60451314989,3754.0,0.05126953125,61521920.0,129158.07523298264,0.004369180649518967,0.03253173828125,2.0314536094665527,-0.017846092581748962,0.5579543709754944,-0.02031453512609005,0.0024684472009539604,0.0,-0.038421083241701126,1.055525779724121,0.7225347396551645,6.310780048370361,1.7289975881576538,6.2723588943481445,2.0038468837738037,6.8249475955963135,4.193053960800171,,,,,,
8789940000.0,134.76,8.600000381469727,6391222784.0,2406.4248929882156,3755.0,0.06103515625,61538304.0,129164.88367319107,0.000784854288212955,0.00274658203125,2.0309393405914307,-0.0203871950507164,0.47995439171791077,-0.020309394225478172,-7.780361920595169e-05,0.0,0.05697660148143768,0.9829044938087463,0.7552967296975757,6.35312557220459,1.800146222114563,6.410102367401123,1.98697030544281,6.808440208435059,4.206064224243164,,,,,,
8789940000.0,128.17,8.5,6391222784.0,2413.572809532533,3756.0,0.0726318359375,61554688.0,129171.67194986343,0.0007794986013323069,0.00372314453125,2.02314829826355,-0.020208708941936493,0.5851024985313416,-0.02023148164153099,2.276897430419922e-05,0.0,0.02266697771847248,1.0753121376037598,0.7375586615901157,6.54848575592041,1.822135329246521,6.571152687072754,2.099029064178467,6.788276672363281,4.2065558433532715,,,,,,
8789940000.0,104.51,8.699999809265137,6391222784.0,2386.2468882888347,3757.0,0.0689697265625,61571072.0,129178.53796195984,0.0016071340069174767,0.01025390625,2.052950382232666,-0.020740387961268425,0.4121731221675873,-0.020529503002762794,-0.0002108858898282051,0.0,-0.01169078890234232,0.9064134955406189,0.8046514839543053,6.605581283569336,1.8477742671966553,6.59389066696167,2.050790548324585,6.866012096405029,4.210393667221069,,,,,,
8789940000.0,132.8,7.699999809265137,6391222784.0,2411.032055041558,3758.0,0.050048828125,61587456.0,129185.33339214325,0.0012000403366982937,0.00714111328125,2.064371347427368,-0.02079436555504799,0.4663456678390503,-0.02064371481537819,-0.00015065353363752365,0.0,-0.040075648576021194,0.965540885925293,0.7632499499695865,6.236615180969238,1.7047479152679443,6.196539878845215,1.9843841791152954,6.7954301834106445,4.187113046646118,,,,,,
8789940000.0,154.25,8.100000381469727,6391222784.0,2408.5750669574595,3759.0,0.0531005859375,61603840.0,129192.13575434685,0.0017368707340210676,0.0126953125,2.0470480918884277,-0.020235802978277206,0.5232641696929932,-0.020470481365919113,0.00023467931896448135,0.0,0.002882475033402443,1.0245048999786377,0.7242605676399686,6.307112693786621,1.6807109117507935,6.309995174407959,1.9510338306427002,6.8023622035980225,4.196831464767456,,,,,,
8789940000.0,122.58,8.300000190734863,6391222784.0,2402.9316526484095,3760.0,0.0653076171875,61620224.0,129198.95409226418,0.0011369225103408098,0.00909423828125,2.0309948921203613,-0.020547127351164818,0.5321892499923706,-0.020309949293732643,-0.00023717619478702545,0.0,0.00949162058532238,1.028156042098999,0.7593217088088644,6.331647872924805,1.8059481382369995,6.341139316558838,2.0957553386688232,6.818337917327881,4.191224813461304,,,,,,
8789940000.0,141.81,8.0,6391222784.0,2358.926220965583,3761.0,0.06103515625,61636608.0,129205.89962530136,0.0016501178033649921,0.01416015625,2.053009510040283,-0.02062932215631008,0.5089927911758423,-0.0205300934612751,-9.92300920188427e-05,0.0,0.02715412527322769,1.0084854364395142,0.7633023212807115,6.301081657409668,1.8203346729278564,6.328235626220703,2.0728726387023926,6.945533037185669,4.196897029876709,,,,,,
8789940000.0,140.88,7.400000095367432,6391222784.0,2370.1893829538144,3762.0,0.054931640625,61652992.0,129212.81215310097,0.0008350947755388916,0.0052490234375,2.034985065460205,-0.019646424800157547,0.5467231273651123,-0.02034984901547432,0.0007034256123006344,0.0,-0.07304900139570236,1.0450639724731445,0.7260816223553568,6.232200622558594,1.746174931526184,6.159151554107666,1.9967896938323975,6.912527799606323,4.170262098312378,,,,,,
8789940000.0,138.1,8.0,6391222784.0,2389.16185380624,3763.0,0.0537109375,61669376.0,129219.66978812218,0.001043974538333714,0.00604248046875,2.049623966217041,-0.020529454573988914,0.45152905583381653,-0.020496239885687828,-3.321375697851181e-05,0.0,-0.012615393847227097,0.9489955306053162,0.774158047331338,6.221564769744873,1.7034497261047363,6.208949089050293,1.9969247579574585,6.857635021209717,4.191584348678589,,,,,,
8789940000.0,136.85,8.399999618530273,6391222784.0,2404.8614664314373,3764.0,0.0634765625,61685760.0,129226.48265457153,0.0014875056222081184,0.01025390625,2.0066490173339844,-0.019874947145581245,0.467440128326416,-0.020066488534212112,0.00019154150504618883,0.0,0.028693633154034615,0.9696252346038818,0.7775652349439383,6.450666904449463,1.7792271375656128,6.479360580444336,2.0559029579162598,6.812866449356079,4.176736831665039,,,,,,
8789940000.0,121.4,8.199999809265137,6391222784.0,2400.685693596461,3765.0,0.0628662109375,61702144.0,129233.30737137794,0.001269252155907452,0.00762939453125,1.9672656059265137,-0.019207317382097244,0.5597158670425415,-0.019672654569149017,0.0004653364885598421,0.0,0.048968251794576645,1.0571959018707275,0.7349636706141677,6.347750186920166,1.8156663179397583,6.396718502044678,2.0535385608673096,6.824716806411743,4.195406436920166,,,,,,
8789940000.0,110.58,8.899999618530273,6391222784.0,2414.354639917625,3766.0,0.0750732421875,61718528.0,129240.09344983101,0.0019330730428919196,0.01812744140625,1.9450616836547852,-0.019256949424743652,0.5252020955085754,-0.019450614228844643,0.00019367225468158722,0.0,0.038603343069553375,1.023393988609314,0.7835360861130082,6.524480819702148,1.938129186630249,6.563084602355957,2.199632406234741,6.786078453063965,4.1826746463775635,,,,,,
8789940000.0,121.87,7.800000190734863,6391222784.0,2433.8997188137314,3767.0,0.067138671875,61734912.0,129246.8250336647,0.0008866578573361039,0.0045166015625,1.9462296962738037,-0.019583120942115784,0.5842472910881042,-0.01946229673922062,-0.00012082559987902641,0.0,-0.009946983307600021,1.0776395797729492,0.7474568156297686,6.421538829803467,1.8706239461898804,6.41159200668335,2.144399642944336,6.731583833694458,4.191668748855591,,,,,,
8789940000.0,104.86,8.0,6391222784.0,2397.910812531566,3768.0,0.0738525390625,61751296.0,129253.65764808655,0.0007927485276013613,0.00372314453125,1.9630783796310425,-0.019117170944809914,0.5918658971786499,-0.019630784168839455,0.0005136143881827593,0.0,0.013496330007910728,1.0875600576400757,0.7586766807604772,6.600279808044434,1.9188284873962402,6.613776206970215,2.2138776779174805,6.832614421844482,4.202114820480347,,,,,,
8789940000.0,112.33,8.199999809265137,6391222784.0,2421.8538853270943,3769.0,0.0732421875,61767680.0,129260.42271351814,0.0018509221263229847,0.01629638671875,1.983818769454956,-0.019254807382822037,0.5439810156822205,-0.019838187843561172,0.0005833785980939865,0.0,-0.022775139659643173,1.0388391017913818,0.7631874353454959,6.558285713195801,1.8884572982788086,6.535511016845703,2.1347453594207764,6.765065431594849,4.1941893100738525,,,,,,
8789940000.0,118.01,8.300000190734863,6391222784.0,2431.103902429067,3770.0,0.0726318359375,61784064.0,129267.1620388031,0.0006322635454125702,0.003173828125,1.953354001045227,-0.01965937577188015,0.613222599029541,-0.019533541053533554,-0.00012583425268530846,0.0,0.021362246945500374,1.1067990064620972,0.7405954639877723,6.691873550415039,1.87484872341156,6.713234901428223,2.173100233078003,6.739325284957886,4.17732310295105,,,,,,
8789940000.0,97.94,8.699999809265137,6391222784.0,2443.991004252157,3771.0,0.0836181640625,61800448.0,129273.86582779884,0.0010698644910007715,0.00579833984375,1.9853373765945435,-0.020091313868761063,0.4932706952095032,-0.019853373989462852,-0.0002379380166530609,0.0,0.10432891547679901,0.9902088642120361,0.7945559247926997,6.690422058105469,1.9731429815292358,6.7947516441345215,2.1846413612365723,6.703788995742798,4.1866135597229,,,,,,
8789940000.0,95.69,8.600000381469727,6391222784.0,2383.9019873020175,3772.0,0.0750732421875,61816832.0,129280.73859357834,0.0008700357866473496,0.00543212890625,1.9759082794189453,-0.019416604191064835,0.5208893418312073,-0.019759083166718483,0.00034248456358909607,0.0,0.03228005766868591,1.0178053379058838,0.7907353810060858,6.778944969177246,2.0120580196380615,6.811224937438965,2.224932909011841,6.872765779495239,4.1952550411224365,,,,,,
8789940000.0,84.74,9.0,6391222784.0,2417.237622141868,3773.0,0.0799560546875,61833216.0,129287.5165784359,0.0013298254925757647,0.01092529296875,1.967732310295105,-0.01961643062531948,0.47747889161109924,-0.01967732235789299,6.089650560170412e-05,0.0,0.02300109714269638,0.9745275974273682,0.794317219483789,6.934617519378662,1.9719990491867065,6.957618236541748,2.1487948894500732,6.777984857559204,4.193789958953857,,,,,,
8789940000.0,101.19,7.5,6391222784.0,2413.7103986997336,3774.0,0.0616455078125,61849600.0,129294.3044681549,0.0013271109201014042,0.00897216796875,1.9759601354599,-0.020116694271564484,0.5735500454902649,-0.01975960098206997,-0.00035709189251065254,0.0,-0.05110537260770798,1.0680760145187378,0.7445769711748436,6.571779251098633,1.8101924657821655,6.520673751831055,2.1133525371551514,6.787889719009399,4.190450191497803,,,,,,
8789940000.0,131.52,8.600000381469727,6391222784.0,2452.987180224432,3775.0,0.068359375,61865984.0,129300.98367142677,0.000868121103849262,0.004638671875,2.02907395362854,-0.020315101370215416,0.4685744047164917,-0.020290737971663475,-2.4363398551940918e-05,0.0,0.011280224658548832,0.9641515016555786,0.7811780972248396,6.743988513946533,1.8046540021896362,6.7552690505981445,2.0611047744750977,6.679203271865845,4.194494962692261,,,,,,
,,,,,,,,,,,,,,,,,,,,,,,,,,0.020523589104413986,0.54423588514328,0.5072883367538452,0.020523589104413986,0.54423588514328,0.5072883367538452
,,,,,,,,,,,,,,,,,,,,,,,,,,0.01943562924861908,0.494724303483963,0.4737565815448761,0.01943562924861908,0.494724303483963,0.4737565815448761
,,,,,,,,,,,,,,,,,,,,,,,,,,0.019197171553969383,0.4682063162326813,0.45189833641052246,0.019197171553969383,0.4682063162326813,0.45189833641052246
,,,,,,,,,,,,,,,,,,,,,,,,,,0.01951420307159424,0.44573691487312317,0.4313870370388031,0.01951420307159424,0.44573691487312317,0.4313870370388031
,,,,,,,,,,,,,,,,,,,,,,,,,,0.0192028246819973,0.43135854601860046,0.41688457131385803,0.0192028246819973,0.43135854601860046,0.41688457131385803
,,,,,,,,,,,,,,,,,,,,,,,,,,0.019523553550243378,0.416178822517395,0.4036083519458771,0.019523553550243378,0.416178822517395,0.4036083519458771
8789940000.0,111.58,8.699999809265137,6188634112.0,18.484198708411515,3776.0,0.0732421875,61882368.0,130187.36237025261,0.0009449830977246165,0.00335693359375,2.0311360359191895,-0.02095884643495083,0.5156654715538025,-0.02031135931611061,-0.0006474871188402176,0.0,0.0370289646089077,1.0162758827209473,0.7572660503369941,6.759746551513672,1.8328896760940552,6.7967753410339355,2.0627474784851074,886.3786988258362,4.333852052688599,,,,,,
8789940000.0,130.71,7.800000190734863,6391222784.0,2387.4652373451045,3777.0,0.0482177734375,61898752.0,130194.22487854958,0.0010091504082083702,0.00335693359375,2.074693441390991,-0.02038697339594364,0.48502621054649353,-0.020746933296322823,0.0003599589690566063,0.0,-0.08259940892457962,0.9841249585151672,0.7514741500085448,6.414938449859619,1.7937830686569214,6.332339286804199,1.9740798473358154,6.862508296966553,4.197986841201782,,,,,,
8789940000.0,125.65,8.399999618530273,6391222784.0,2399.2490745695573,3778.0,0.054931640625,61915136.0,130201.05368185043,0.0011301785707473755,0.0064697265625,2.048146963119507,-0.020481126382946968,0.3896169364452362,-0.020481469109654427,3.4086406230926514e-07,0.0,-0.014321777038276196,0.8815491199493408,0.8029509105884229,6.41963005065918,1.775935173034668,6.405308723449707,1.9859085083007812,6.828803300857544,4.1870644092559814,,,,,,
8789940000.0,183.5,8.399999618530273,6391222784.0,2364.708261394199,3779.0,0.054931640625,61931520.0,130207.98223209381,0.0010076757753267884,0.00335693359375,2.0022785663604736,-0.020110968500375748,0.4713503420352936,-0.020022785291075706,-8.818507194519043e-05,0.0,0.05762267857789993,0.9674716591835022,0.74605065838137,6.408648490905762,1.6995830535888672,6.466270923614502,1.9198371171951294,6.9285502433776855,4.183359622955322,,,,,,
8789940000.0,133.37,8.399999618530273,6391222784.0,2441.9010648716994,3780.0,0.0732421875,61947904.0,130214.69175863266,0.0009284086991101503,0.0045166015625,1.959421992301941,-0.0194628294557333,0.517065703868866,-0.0195942185819149,0.00013138912618160248,0.0,0.03949403390288353,1.0110551118850708,0.7579678456993932,6.757580757141113,1.7954975366592407,6.797074794769287,2.0551257133483887,6.709526538848877,4.168242931365967,,,,,,
8789940000.0,107.99,8.600000381469727,6391222784.0,2438.470094484339,3781.0,0.078125,61964288.0,130221.41072559357,0.0019407493527978659,0.01800537109375,1.9456839561462402,-0.01911865919828415,0.4774143695831299,-0.019456837326288223,0.0003381776623427868,0.0,0.03953882306814194,0.9797627329826355,0.7775126238526805,6.778672218322754,1.8448237180709839,6.818210601806641,2.077151298522949,6.718966960906982,4.188340187072754,,,,,,
8789940000.0,82.46,8.5,6391222784.0,2434.780607519235,3782.0,0.079345703125,61980672.0,130228.13987398148,0.0006238881032913923,0.0025634765625,1.941847562789917,-0.019353730604052544,0.6572976112365723,-0.019418474286794662,6.474461406469345e-05,0.0,-0.021253494545817375,1.144139289855957,0.730875618714115,6.8772735595703125,1.9162070751190186,6.856019973754883,2.205476760864258,6.7291483879089355,4.201815128326416,,,,,,
8789940000.0,73.68,7.599999904632568,6391222784.0,2459.4492615547574,3783.0,0.078125,61997056.0,130234.80152797699,0.0012344014830887318,0.0068359375,1.930981159210205,-0.018412623554468155,0.6618196964263916,-0.019309809431433678,0.000897187739610672,0.0,-0.08185715973377228,1.1523829698562622,0.7390662704839118,6.837888717651367,1.9214071035385132,6.7560319900512695,2.255962371826172,6.661653995513916,4.194237947463989,,,,,,
8789940000.0,100.77,8.100000381469727,6391222784.0,2431.325215220976,3784.0,0.0994873046875,62013440.0,130241.54023981094,0.0007987235439941287,0.00299072265625,1.92130446434021,-0.019309626892209053,0.7132143974304199,-0.01921304501593113,-9.658373892307281e-05,0.0,0.0017292164266109467,1.1955925226211548,0.7292172755801732,7.039839744567871,1.9157942533493042,7.041568756103516,2.297590970993042,6.738711833953857,4.191921234130859,,,,,,
8789940000.0,103.37,8.300000190734863,6391222784.0,2435.117868150049,3785.0,0.0762939453125,62029824.0,130248.26845622063,0.0007929945131763816,0.00445556640625,1.9769997596740723,-0.0198921337723732,0.6145076155662537,-0.019769996404647827,-0.000122136902064085,0.0,0.02991604618728161,1.1066341400146484,0.7361221620851809,6.735324859619141,1.8949445486068726,6.765240669250488,2.154282808303833,6.7282164096832275,4.202831029891968,,,,,,
8789940000.0,87.91,8.300000190734863,6391222784.0,2413.9521290538423,3786.0,0.081787109375,62046208.0,130255.05566620827,0.0007707104086875916,0.0048828125,1.971081018447876,-0.01904740184545517,0.5590727925300598,-0.019710808992385864,0.0006634095916524529,0.0,0.019284691661596298,1.0572302341461182,0.7634320831804156,6.888943672180176,1.919435739517212,6.908227920532227,2.1736602783203125,6.787209987640381,4.181682348251343,,,,,,
8789940000.0,90.03,8.699999809265137,6391222784.0,2458.3149931097255,3787.0,0.076904296875,62062592.0,130261.7203938961,0.002390957437455654,0.02227783203125,1.9886445999145508,-0.020248932763934135,0.49047455191612244,-0.0198864433914423,-0.00036249193362891674,0.0,0.011707722209393978,0.9941384792327881,0.7812912094909021,6.630532264709473,1.8935489654541016,6.642239570617676,2.1257572174072266,6.664727687835693,4.184596061706543,,,,,,
8789940000.0,141.12,7.900000095367432,6391222784.0,2450.557494877843,3788.0,0.0787353515625,62078976.0,130268.40621948242,0.0009655372705310583,0.00518798828125,1.9541479349136353,-0.01922043412923813,0.594885528087616,-0.019541479647159576,0.00032104458659887314,0.0,-0.07286383211612701,1.0885143280029297,0.7641534654982165,6.731810569763184,1.9327389001846313,6.658946990966797,2.241400718688965,6.68582558631897,4.2175962924957275,,,,,,
8789940000.0,111.22,7.599999904632568,6391222784.0,2422.4950519844533,3789.0,0.0689697265625,62095360.0,130275.16949439049,0.0007858647732064128,0.00360107421875,1.9515876770019531,-0.019268158823251724,0.6599899530410767,-0.019515875726938248,0.00024771573953330517,0.0,-0.012463022954761982,1.152066946029663,0.730079049085349,6.686739921569824,1.9191548824310303,6.674276351928711,2.217477560043335,6.763274908065796,4.205148696899414,,,,,,
8789940000.0,122.46,7.699999809265137,6391222784.0,2430.7281156489253,3790.0,0.0653076171875,62111744.0,130281.90986156464,0.0011819268111139536,0.0054931640625,1.9802905321121216,-0.019421370700001717,0.6183987259864807,-0.01980290375649929,0.00038153305649757385,0.0,-0.03884616121649742,1.108455777168274,0.7269435485892458,6.637693881988525,1.8612691164016724,6.598847389221191,2.1212515830993652,6.74036717414856,4.197330713272095,,,,,,
8789940000.0,121.29,8.399999618530273,6391222784.0,2392.3816663211405,3791.0,0.0787353515625,62128128.0,130288.75826716423,0.001108974451199174,0.007080078125,1.9829972982406616,-0.019503086805343628,0.5357541441917419,-0.019829971715807915,0.0003268849104642868,0.0,0.056291937828063965,1.0273839235305786,0.7535368506357646,6.725004196166992,1.7942333221435547,6.781296730041504,2.0694594383239746,6.848405599594116,4.19063663482666,,,,,,
8789940000.0,94.72,8.699999809265137,6391222784.0,2438.718973470354,3792.0,0.0726318359375,62144512.0,130295.4765484333,0.0010965310502797365,0.00714111328125,2.004866123199463,-0.020478833466768265,0.4997043013572693,-0.020048659294843674,-0.00043017324060201645,0.0,0.04142890125513077,0.9984723329544067,0.7665686204263631,6.5951128005981445,1.8283138275146484,6.636541843414307,2.066600799560547,6.718281269073486,4.184367895126343,,,,,,
8789940000.0,138.25,7.800000190734863,6391222784.0,2423.689927283811,3793.0,0.0689697265625,62160896.0,130302.23648905754,0.0010748115601018071,0.0050048828125,2.0106303691864014,-0.020024888217449188,0.6046623587608337,-0.020106302574276924,8.14143568277359e-05,0.0,-0.11175037920475006,1.094884991645813,0.7470007788703458,6.795158386230469,1.8996756076812744,6.683407783508301,2.1767516136169434,6.7599406242370605,4.200190544128418,,,,,,
8789940000.0,127.23,8.0,6391222784.0,2437.6266549835636,3794.0,0.0592041015625,62177280.0,130308.95778083801,0.0015176472952589393,0.01031494140625,2.049861192703247,-0.02040756866335869,0.5004768967628479,-0.0204986110329628,9.104236960411072e-05,0.0,-0.020985044538974762,0.9970746636390686,0.7530931532970394,6.409320831298828,1.738470196723938,6.388335704803467,2.006600856781006,6.721291780471802,4.181694030761719,,,,,,
8789940000.0,135.29,8.699999809265137,6391222784.0,2414.5149692284026,3795.0,0.0689697265625,62193664.0,130315.74340867996,0.0008400045917369425,0.00396728515625,2.0370090007781982,-0.020392892882227898,0.4469694495201111,-0.020370088517665863,-2.2804364562034607e-05,0.0,0.07102209329605103,0.9452931880950928,0.7828255627891433,6.615164279937744,1.7904647588729858,6.686186790466309,2.02843976020813,6.785627841949463,4.183240175247192,,,,,,
8789940000.0,149.16,7.800000190734863,6391222784.0,2428.0479242081474,3796.0,0.0543212890625,62210048.0,130322.49121618271,0.0006351235206238925,0.00311279296875,2.053140640258789,-0.020372619852423668,0.5061416625976562,-0.02053140662610531,0.00015878770500421524,0.0,-0.05150975286960602,1.0066919326782227,0.7469459357509227,6.599674224853516,1.7613869905471802,6.548164367675781,2.001197099685669,6.747807502746582,4.202724933624268,,,,,,
8789940000.0,121.3,8.399999618530273,6391222784.0,2394.5797318886575,3797.0,0.0701904296875,62226432.0,130329.33333539963,0.0010670520132407546,0.0064697265625,2.052502155303955,-0.020007021725177765,0.5010327100753784,-0.020525019615888596,0.0005179997533559799,0.0,-0.0016447249799966812,1.001267433166504,0.7652731211232529,6.898954391479492,1.829008936882019,6.897310256958008,2.066659450531006,6.842119216918945,4.206509351730347,,,,,,
8789940000.0,126.18,8.5,6391222784.0,2414.271090489094,3798.0,0.06591796875,62242816.0,130336.11964869499,0.0005519758560694754,0.0028076171875,2.065593719482422,-0.0207538902759552,0.4615711569786072,-0.020655935630202293,-9.795557707548141e-05,0.0,0.019028885290026665,0.9598085284233093,0.7763198688732474,6.668938159942627,1.7629204988479614,6.687966823577881,2.0294151306152344,6.78631329536438,4.189604043960571,,,,,,
8789940000.0,125.78,8.300000190734863,6391222784.0,2378.712408814609,3799.0,0.0579833984375,62259200.0,130343.00740861893,0.0011361599899828434,0.0069580078125,2.0872092247009277,-0.02057189866900444,0.43327608704566956,-0.020872093737125397,0.0003001932054758072,0.0,-0.011626021936535835,0.9315536022186279,0.7919847209703029,6.5909600257873535,1.8107457160949707,6.579334259033203,2.042491912841797,6.8877599239349365,4.195224285125732,,,,,,
8789940000.0,118.05,8.100000381469727,6391222784.0,2387.7903461026303,3800.0,0.0726318359375,62275584.0,130349.86898255348,0.000622857129201293,0.00152587890625,2.079787015914917,-0.020905936136841774,0.5435641407966614,-0.020797869190573692,-0.00010806694626808167,0.0,-0.043202921748161316,1.0440459251403809,0.7609292675706673,6.826925754547119,1.9101779460906982,6.783722877502441,2.1352882385253906,6.861573934555054,4.2205564975738525,,,,,,
8789940000.0,145.06,7.699999809265137,6391222784.0,2436.3515760091996,3801.0,0.0665283203125,62291968.0,130356.59379196167,0.0009699265938252211,0.003662109375,2.0492734909057617,-0.02052074484527111,0.5146355032920837,-0.020492734387516975,-2.8012320399284363e-05,0.0,-0.04037979990243912,1.0141372680664062,0.756737004865981,6.70687198638916,1.7733708620071411,6.666492462158203,2.0561697483062744,6.724809408187866,4.1999828815460205,,,,,,
8789940000.0,126.66,8.100000381469727,6391222784.0,2433.860669199195,3802.0,0.0653076171875,62308352.0,130363.32548379898,0.000870176765602082,0.0037841796875,2.0584521293640137,-0.020620599389076233,0.5224036574363708,-0.020584523677825928,-3.6079902201890945e-05,0.0,-0.02900991030037403,1.020217776298523,0.7616946074321805,6.693511962890625,1.808165192604065,6.664502143859863,2.089901924133301,6.731691837310791,4.177401304244995,,,,,,
8789940000.0,112.82,8.600000381469727,6391222784.0,2405.9626010712427,3803.0,0.0738525390625,62324736.0,130370.13523221016,0.0007393594132736325,0.00299072265625,2.071712017059326,-0.020615650340914726,0.45871007442474365,-0.020717119798064232,0.00010146945714950562,0.0,0.0493503212928772,0.9574182033538818,0.7715741187950107,6.665105819702148,1.7568424940109253,6.714456081390381,2.003222942352295,6.809748411178589,4.20826530456543,,,,,,
8789940000.0,130.74,8.399999618530273,6391222784.0,2409.6483424582393,3804.0,0.0567626953125,62341120.0,130376.93456459045,0.0011726341908797622,0.0076904296875,2.123167037963867,-0.02101762965321541,0.46551212668418884,-0.021231668069958687,0.00021403655409812927,0.0,0.01313514169305563,0.9678639769554138,0.7527134209782217,6.506034851074219,1.741864800453186,6.519169807434082,1.9463192224502563,6.7993323802948,4.199573516845703,,,,,,
8789940000.0,126.97,8.699999809265137,6391222784.0,2442.6628944915506,3805.0,0.0604248046875,62357504.0,130383.64199852943,0.0010998965008184314,0.00665283203125,2.103957414627075,-0.02088269218802452,0.47536545991897583,-0.021039573475718498,0.00015688268467783928,0.0,0.01260266825556755,0.9733206033706665,0.7644173194761812,6.696981430053711,1.7740788459777832,6.709583282470703,2.0053212642669678,6.7074339389801025,4.190842628479004,,,,,,
8789940000.0,173.55,7.900000095367432,6391222784.0,2392.368923364515,3806.0,0.045166015625,62373888.0,130390.49044060707,0.0015726981218904257,0.01446533203125,2.130017042160034,-0.02147786319255829,0.40298283100128174,-0.021300170570611954,-0.00017769448459148407,0.0,-0.03878392279148102,0.8954731822013855,0.7584067867728002,6.368122100830078,1.5642105340957642,6.329338550567627,1.8218401670455933,6.848442077636719,4.206805229187012,,,,,,
8789940000.0,144.24,7.900000095367432,6391222784.0,2433.6170037746497,3807.0,0.050048828125,62390272.0,130397.2228064537,0.002081379061564803,0.02130126953125,2.1283743381500244,-0.020694207400083542,0.4017220735549927,-0.021283745765686035,0.0005895402282476425,0.0,-0.047965601086616516,0.8972117304801941,0.7883475118838136,6.437103748321533,1.7294926643371582,6.389138221740723,1.9502185583114624,6.732365846633911,4.180147647857666,,,,,,
,,,,,,,,,,,,,,,,,,,,,,,,,,0.019593114033341408,0.5453112721443176,0.5090087652206421,0.019593114033341408,0.5453112721443176,0.5090087652206421
,,,,,,,,,,,,,,,,,,,,,,,,,,0.017967112362384796,0.49770602583885193,0.4722113311290741,0.017967112362384796,0.49770602583885193,0.4722113311290741
,,,,,,,,,,,,,,,,,,,,,,,,,,0.017596811056137085,0.4722733199596405,0.4513912498950958,0.017596811056137085,0.4722733199596405,0.4513912498950958
,,,,,,,,,,,,,,,,,,,,,,,,,,0.017826823517680168,0.453664630651474,0.434696227312088,0.017826823517680168,0.453664630651474,0.434696227312088
,,,,,,,,,,,,,,,,,,,,,,,,,,0.017509108409285545,0.43586963415145874,0.42059361934661865,0.017509108409285545,0.43586963415145874,0.42059361934661865
,,,,,,,,,,,,,,,,,,,,,,,,,,0.01784871146082878,0.4216594398021698,0.40621843934059143,0.01784871146082878,0.4216594398021698,0.40621843934059143
8789940000.0,141.89,7.699999809265137,6188634112.0,18.496390452654378,3808.0,0.0537109375,62406656.0,131283.0172560215,0.0008785809623077512,0.0037841796875,2.1014206409454346,-0.02128913626074791,0.5431933999061584,-0.02101420797407627,-0.00027493108063936234,0.0,-0.07563427835702896,1.0407551527023315,0.7246092955691521,6.477723121643066,1.708716869354248,6.402088642120361,1.9832336902618408,885.7944495677948,4.195964813232422,,,,,,
8789940000.0,151.11,7.400000095367432,6391222784.0,2403.7724381115704,3809.0,0.0555419921875,62423040.0,131289.83320903778,0.0010428022360429168,0.00726318359375,2.11588191986084,-0.020972594618797302,0.5567301511764526,-0.021158818155527115,0.00018622446805238724,0.0,-0.0860183984041214,1.059874415397644,0.7524894645912988,6.320535182952881,1.8237742185592651,6.2345170974731445,2.130383253097534,6.815953016281128,4.219258785247803,,,,,,
8789940000.0,114.34,8.399999618530273,6391222784.0,2408.256173963209,3810.0,0.062255859375,62439424.0,131296.63647198677,0.0006102261831983924,0.0015869140625,2.1067862510681152,-0.021332349628210068,0.4832170009613037,-0.021067863330245018,-0.00026448629796504974,0.0,0.004386171232908964,0.978739321231842,0.7841392500350358,6.38430118560791,1.9074627161026,6.3886871337890625,2.1065895557403564,6.803262948989868,4.187001943588257,,,,,,
8789940000.0,141.25,7.599999904632568,6391222784.0,2440.6939784012566,3811.0,0.057373046875,62455808.0,131303.3493168354,0.0010140648810192943,0.0032958984375,2.0465235710144043,-0.020365547388792038,0.5445109605789185,-0.02046523615717888,9.968644008040428e-05,0.0,-0.010226002894341946,1.0443663597106934,0.7670950310512086,6.294289588928223,1.8673887252807617,6.284063339233398,2.1640303134918213,6.7128448486328125,4.188948631286621,,,,,,
8789940000.0,112.62,8.399999618530273,6391222784.0,2458.8354547450786,3812.0,0.0634765625,62472192.0,131310.0126338005,0.0005248137749731541,0.0018310546875,2.062221050262451,-0.02116663008928299,0.48016902804374695,-0.020622212439775467,-0.0005444195121526718,0.0,0.00869562104344368,0.9779363870620728,0.7827030482869051,6.377930641174316,1.874705195426941,6.38662576675415,2.0978951454162598,6.663316965103149,4.204145193099976,,,,,,
8789940000.0,139.3,8.699999809265137,6391222784.0,2464.413103045707,3813.0,0.0628662109375,62488576.0,131316.6608698368,0.0011775140883401036,0.00592041015625,2.0740320682525635,-0.020472796633839607,0.382201224565506,-0.020740322768688202,0.00026752613484859467,0.0,0.04726186394691467,0.8732853531837463,0.8221568031838777,6.415406227111816,1.8631340265274048,6.462667942047119,2.0707974433898926,6.648236036300659,4.189128875732422,,,,,,
8789940000.0,148.37,7.900000095367432,6391222784.0,2425.441434443528,3814.0,0.054931640625,62504960.0,131323.41592884064,0.0008273237617686391,0.003662109375,2.1016530990600586,-0.020844096317887306,0.4640657603740692,-0.02101653255522251,0.00017243530601263046,0.0,-0.03454376384615898,0.9622697234153748,0.7824917656905821,6.30246639251709,1.8139480352401733,6.267922401428223,2.0632829666137695,6.755059003829956,4.214720964431763,,,,,,
8789940000.0,147.99,8.600000381469727,6391222784.0,2414.4310693829225,3815.0,0.067138671875,62521344.0,131330.20179247856,0.000979566015303135,0.005126953125,2.065642833709717,-0.021009383723139763,0.42352986335754395,-0.02065642550587654,-0.0003529544919729233,0.0,0.061658188700675964,0.9193815588951111,0.8157964799814399,6.478318214416504,1.947901964187622,6.539976119995117,2.1421332359313965,6.785863637924194,4.187956094741821,,,,,,
8789940000.0,95.41,8.899999618530273,6391222784.0,2392.741523486702,3816.0,0.064697265625,62537728.0,131337.0491681099,0.0009000694844871759,0.00445556640625,2.0905349254608154,-0.02052120305597782,0.38316014409065247,-0.020905347540974617,0.00038414669688791037,0.0,0.03818841278553009,0.8749858736991882,0.8239407577251185,6.3851318359375,1.9260300397872925,6.423320770263672,2.0853161811828613,6.8473756313323975,4.3598926067352295,,,,,,
8789940000.0,175.36,7.5,6391222784.0,2420.1762507479466,3817.0,0.04638671875,62554112.0,131343.81892299652,0.00096777273574844,0.0054931640625,2.081331968307495,-0.020456092432141304,0.5332326292991638,-0.020813319832086563,0.0003572273999452591,0.0,-0.07382181286811829,1.0284196138381958,0.740317649698667,6.233848571777344,1.7922662496566772,6.160027503967285,2.018131971359253,6.769754886627197,4.20637059211731,,,,,,
8789940000.0,146.28,8.5,6391222784.0,2421.5760096105446,3818.0,0.059814453125,62570496.0,131350.584764719,0.0021290709264576435,0.01788330078125,2.0356814861297607,-0.020129017531871796,0.488759845495224,-0.020356815308332443,0.00022779684513807297,0.0,0.027255047112703323,0.9882166385650635,0.752853219930802,6.388299942016602,1.7525798082351685,6.415555477142334,1.9878103733062744,6.765841722488403,4.177419185638428,,,,,,
8789940000.0,120.22,7.900000095367432,6391222784.0,2410.990352211113,3819.0,0.059814453125,62586880.0,131357.38031244278,0.0013282110448926687,0.0089111328125,2.003218650817871,-0.020264320075511932,0.5762597322463989,-0.020032186061143875,-0.00023213448002934456,0.0,-0.012650690041482449,1.0717684030532837,0.732371115003467,6.385650634765625,1.7457764148712158,6.373000144958496,2.0717368125915527,6.795547723770142,4.228869676589966,,,,,,
8789940000.0,121.83,7.400000095367432,6391222784.0,2428.060706926495,3820.0,0.0714111328125,62603264.0,131364.12808442116,0.0009532945696264505,0.00482177734375,1.9700185060501099,-0.019767187535762787,0.6330999732017517,-0.0197001826018095,-6.700307130813599e-05,0.0,-0.041780736297369,1.1246486902236938,0.7320241576339865,6.52517557144165,1.8737503290176392,6.483395099639893,2.172546625137329,6.747771978378296,4.169999599456787,,,,,,
8789940000.0,106.79,8.600000381469727,6391222784.0,2419.262288226246,3821.0,0.078125,62619648.0,131370.90039682388,0.0009349004831165075,0.004638671875,1.9868897199630737,-0.019585443660616875,0.5278522372245789,-0.019868897274136543,0.0002834545448422432,0.0,0.09815935790538788,1.0242071151733398,0.7684953125589005,6.604211330413818,1.8813177347183228,6.702371120452881,2.1286678314208984,6.77231240272522,4.182811498641968,,,,,,
8789940000.0,121.63,8.0,6391222784.0,2413.1775081153896,3822.0,0.0750732421875,62636032.0,131377.6897854805,0.0006130851688794792,0.00250244140625,1.9905188083648682,-0.019801758229732513,0.6548351049423218,-0.01990518718957901,0.00010342709720134735,0.0,-0.020142413675785065,1.145105242729187,0.7362526471071604,6.674027442932129,1.9478480815887451,6.6538848876953125,2.2297251224517822,6.789388656616211,4.2447192668914795,,,,,,
8789940000.0,99.18,7.900000095367432,6391222784.0,2379.2891665763,3823.0,0.0799560546875,62652416.0,131384.57587575912,0.0009858598932623863,0.006103515625,1.9911067485809326,-0.019770856946706772,0.5806235074996948,-0.019911067560315132,0.00014020875096321106,0.0,0.03623231500387192,1.0741335153579712,0.7595142145369247,6.676660537719727,1.9292978048324585,6.712892532348633,2.1903488636016846,6.886090278625488,4.200584888458252,,,,,,
8789940000.0,98.92,9.100000381469727,6391222784.0,2398.7209587361353,3824.0,0.0836181640625,62668800.0,131391.40618252754,0.0007674338994547725,0.0045166015625,2.0051114559173584,-0.019587449729442596,0.4632214605808258,-0.02005111612379551,0.00046366453170776367,0.0,0.10325610637664795,0.9583638906478882,0.7999915655051848,6.866927146911621,1.944268822669983,6.970183372497559,2.142920732498169,6.830306768417358,4.220810174942017,,,,,,
8789940000.0,92.28,8.300000190734863,6391222784.0,2415.3953783489787,3825.0,0.078125,62685184.0,131398.18933701515,0.0009523977059870958,0.00408935546875,1.9855124950408936,-0.01940149813890457,0.600752055644989,-0.01985512301325798,0.0004536253400146961,0.0,-0.011744321323931217,1.0949989557266235,0.7482607207888539,6.902144908905029,1.9588528871536255,6.8904008865356445,2.1824212074279785,6.783154487609863,4.212770700454712,,,,,,
8789940000.0,136.15,7.900000095367432,6391222784.0,2443.625821285174,3826.0,0.0689697265625,62701568.0,131404.89412784576,0.0013340589357540011,0.00897216796875,2.0234665870666504,-0.02039002999663353,0.5522720813751221,-0.020234666764736176,-0.00015536509454250336,0.0,-0.01028374582529068,1.0500648021697998,0.7512007275090709,6.822399616241455,1.870909333229065,6.812115669250488,2.105191230773926,6.704790830612183,4.189254522323608,,,,,,
8789940000.0,118.86,8.100000381469727,6391222784.0,2411.6269638090716,3827.0,0.0689697265625,62717952.0,131411.68788170815,0.0014123411383479834,0.0093994140625,1.9973969459533691,-0.01896030828356743,0.554859459400177,-0.01997396908700466,0.001013660803437233,0.0,-0.01493971236050129,1.0530836582183838,0.7280019500522965,6.768125534057617,1.7581578493118286,6.753185749053955,2.019202470779419,6.7937538623809814,4.211505889892578,,,,,,
8789940000.0,120.76,8.899999618530273,6391222784.0,2436.0777904549477,3828.0,0.0714111328125,62734336.0,131418.41344690323,0.0010557925561442971,0.00775146484375,1.9913105964660645,-0.019083932042121887,0.48401957750320435,-0.01991310529410839,0.0008291732519865036,0.0,0.08252734690904617,0.9843866229057312,0.7581668609931298,6.818045616149902,1.7705061435699463,6.900572776794434,2.001741409301758,6.725565195083618,4.200014352798462,,,,,,
8789940000.0,116.39,8.100000381469727,6391222784.0,2458.674815561312,3829.0,0.081787109375,62750720.0,131425.07719922066,0.0013048136606812477,0.00885009765625,1.974619746208191,-0.019577300176024437,0.6603521704673767,-0.019746195524930954,0.00016889721155166626,0.0,-0.051750414073467255,1.1468262672424316,0.7207570259667331,7.040300369262695,1.8431615829467773,6.988549709320068,2.170232057571411,6.663752317428589,4.19815731048584,,,,,,
8789940000.0,104.64,7.599999904632568,6391222784.0,2361.38214398706,3830.0,0.076904296875,62767104.0,131432.01550865173,0.0012355743674561381,0.00726318359375,2.005951404571533,-0.019727475941181183,0.5636162757873535,-0.02005951479077339,0.00033203931525349617,0.0,-0.09206217527389526,1.0671968460083008,0.7557499539359938,6.884696006774902,1.8099522590637207,6.792634010314941,2.1593704223632812,6.93830943107605,4.325683116912842,,,,,,
8789940000.0,114.5,7.800000190734863,6391222784.0,2434.5148508839443,3831.0,0.059814453125,62783488.0,131438.74539160728,0.0017534742364659905,0.01507568359375,2.052201986312866,-0.021134860813617706,0.5293089747428894,-0.020522020757198334,-0.000612843781709671,0.0,-0.030319776386022568,1.0259310007095337,0.743326469637825,6.674941539764404,1.7377400398254395,6.644621849060059,2.025012493133545,6.7298829555511475,4.207431793212891,,,,,,
8789940000.0,107.83,8.600000381469727,6391222784.0,2424.999276976302,3832.0,0.052490234375,62799872.0,131445.5016822815,0.0009864794556051493,0.00396728515625,2.0799050331115723,-0.020435573533177376,0.36994144320487976,-0.020799050107598305,0.0003634747117757797,0.0,-0.0016046676319092512,0.8577103018760681,0.7850030661788368,6.460763931274414,1.654937505722046,6.459158897399902,1.8497977256774902,6.756290674209595,4.213357925415039,,,,,,
8789940000.0,128.74,8.399999618530273,6391222784.0,2449.6344176541566,3833.0,0.0445556640625,62816256.0,131452.19002723694,0.0009011473739519715,0.00408935546875,2.128840208053589,-0.020607655867934227,0.3385380506515503,-0.021288402378559113,0.000680744182318449,0.0,-0.02540266141295433,0.8248679041862488,0.811087282945498,6.303704261779785,1.6998893022537231,6.278301239013672,1.8978136777877808,6.688344955444336,4.2038609981536865,,,,,,
8789940000.0,154.15,8.0,6391222784.0,2405.7998680650985,3834.0,0.04638671875,62832640.0,131459.0002362728,0.001279524527490139,0.00897216796875,2.079210042953491,-0.020588727667927742,0.38164815306663513,-0.020792098715901375,0.0002033710479736328,0.0,-0.045761894434690475,0.8703345060348511,0.7766111897060025,6.224229335784912,1.6391466856002808,6.178467750549316,1.8414322137832642,6.810209035873413,4.307297229766846,,,,,,
8789940000.0,179.14,7.699999809265137,6391222784.0,2423.8851837196917,3835.0,0.05126953125,62849024.0,131465.759632349,0.0011827395064756274,0.0069580078125,2.0790586471557617,-0.020467836409807205,0.5097270607948303,-0.0207905862480402,0.00032274704426527023,0.0,-0.048288047313690186,1.0089561939239502,0.7314685661832573,6.184525489807129,1.6723154783248901,6.136237144470215,1.9470385313034058,6.759396076202393,4.203053712844849,,,,,,
8789940000.0,150.2,8.300000190734863,6391222784.0,2419.1900663187703,3836.0,0.06103515625,62865408.0,131472.5321469307,0.0026011632289737463,0.022705078125,2.1136114597320557,-0.01972595788538456,0.4272705316543579,-0.02113611437380314,0.0014101527631282806,0.0,0.016239378601312637,0.924917459487915,0.8097179849719272,6.338964462280273,1.845293402671814,6.355203628540039,2.1203322410583496,6.772514581680298,4.193465948104858,,,,,,
8789940000.0,154.72,7.5,6391222784.0,2439.2245895872215,3837.0,0.0506591796875,62881792.0,131479.24903559685,0.004672767594456673,0.0489501953125,2.0806586742401123,-0.018884290009737015,0.4744320511817932,-0.020806584507226944,0.0019222935661673546,0.0,-0.08737479150295258,0.968088686466217,0.7646069629231604,6.1763763427734375,1.7507950067520142,6.089001655578613,1.9953464269638062,6.716888666152954,4.198444128036499,,,,,,
8789940000.0,121.85,8.300000190734863,6391222784.0,2415.5253639300336,3838.0,0.0579833984375,62898176.0,131486.0318250656,0.0014323361683636904,0.0086669921875,2.0655343532562256,-0.0210774764418602,0.4195319414138794,-0.020655343309044838,-0.0004221322014927864,0.0,-0.043175503611564636,0.9146119356155396,0.7934584770436572,6.249037265777588,1.782333493232727,6.205861568450928,2.012486457824707,6.782789468765259,4.2178473472595215,,,,,,
8789940000.0,135.29,8.399999618530273,6391222784.0,2382.612838345214,3839.0,0.05615234375,62914560.0,131492.9083094597,0.0018798724049702287,0.0167236328125,2.0549283027648926,-0.0196097269654274,0.41642895340919495,-0.020549282431602478,0.0009395526722073555,0.0,0.029025109484791756,0.9103739261627197,0.7960420552856686,6.339415073394775,1.7903159856796265,6.3684401512146,2.0158092975616455,6.876484394073486,4.210418701171875,,,,,,
,,,,,,,,,,,,,,,,,,,,,,,,,,0.026075784116983414,0.5323182344436646,0.49237126111984253,0.026075784116983414,0.5323182344436646,0.49237126111984253
,,,,,,,,,,,,,,,,,,,,,,,,,,0.02290653996169567,0.48361697793006897,0.4612704813480377,0.02290653996169567,0.48361697793006897,0.4612704813480377
,,,,,,,,,,,,,,,,,,,,,,,,,,0.021461905911564827,0.4591768980026245,0.4428565800189972,0.021461905911564827,0.4591768980026245,0.4428565800189972
,,,,,,,,,,,,,,,,,,,,,,,,,,0.021203476935625076,0.4415348768234253,0.42268165946006775,0.021203476935625076,0.4415348768234253,0.42268165946006775
,,,,,,,,,,,,,,,,,,,,,,,,,,0.021441422402858734,0.4242236018180847,0.4066849648952484,0.021441422402858734,0.4242236018180847,0.4066849648952484
,,,,,,,,,,,,,,,,,,,,,,,,,,0.021000828593969345,0.40957534313201904,0.3972989022731781,0.021000828593969345,0.40957534313201904,0.3972989022731781
8789940000.0,161.15,7.5,6188634112.0,18.481429676776244,3840.0,0.059814453125,62930944.0,132379.41981244087,0.0015049148350954056,0.01025390625,2.031918525695801,-0.019546013325452805,0.5983930826187134,-0.02031918615102768,0.0007731723599135876,0.0,-0.0496656708419323,1.09283447265625,0.7125911055386315,6.505691051483154,1.7737704515457153,6.456025123596191,2.038468599319458,886.5115029811859,4.233035564422607,,,,,,
8789940000.0,137.56,8.100000381469727,6391222784.0,2336.4214337971375,3841.0,0.067138671875,62947328.0,132386.43224596977,0.0012082501780241728,0.00762939453125,1.9994733333587646,-0.019694985821843147,0.5224441885948181,-0.01999473199248314,0.00029974663630127907,0.0,0.028890365734696388,1.0211594104766846,0.7518825024291927,6.552076816558838,1.7599247694015503,6.580966949462891,2.050050735473633,7.0124335289001465,4.304813861846924,,,,,,
8789940000.0,129.54,8.300000190734863,6391222784.0,2427.5495031522173,3842.0,0.0823974609375,62963712.0,132393.18143892288,0.0007103126845322549,0.0023193359375,1.991349697113037,-0.01947145164012909,0.6373840570449829,-0.01991349644958973,0.00044204131700098515,0.0,0.003692359197884798,1.1257774829864502,0.7451841660226695,6.69907283782959,1.9213699102401733,6.702765464782715,2.230178117752075,6.749192953109741,4.201900005340576,,,,,,
8789940000.0,92.83,8.199999809265137,6391222784.0,2401.258305832974,3843.0,0.0750732421875,62980096.0,132400.00452828407,0.0011402869131416082,0.0089111328125,1.9674837589263916,-0.019947007298469543,0.5432801246643066,-0.019674837589263916,-0.00027217110618948936,0.0,0.0355663076043129,1.0365078449249268,0.7627357173031696,6.5895771980285645,1.8591333627700806,6.625143051147461,2.127925157546997,6.823089361190796,4.187063694000244,,,,,,
8789940000.0,104.91,8.300000190734863,6391222784.0,2399.465128054968,3844.0,0.0653076171875,62996480.0,132406.83271670341,0.0008773681474849582,0.00439453125,1.9648984670639038,-0.01988428644835949,0.47040843963623047,-0.01964898407459259,-0.00023530330508947372,0.0,-0.004681498743593693,0.9631271958351135,0.7856444223079535,6.495749473571777,1.8376017808914185,6.491068363189697,2.0802550315856934,6.828188419342041,4.206725835800171,,,,,,
8789940000.0,93.81,8.600000381469727,6391222784.0,2380.7300996799745,3845.0,0.067138671875,63012864.0,132413.71463918686,0.0008161875302903354,0.00439453125,1.9649807214736938,-0.019475864246487617,0.4916512072086334,-0.0196498055011034,0.0001739412546157837,0.0,-0.012880951166152954,0.9926124215126038,0.7688001041584278,6.537346839904785,1.8603962659835815,6.524466514587402,2.0643630027770996,6.881922483444214,4.183948278427124,,,,,,
8789940000.0,134.0,8.600000381469727,6391222784.0,2418.916292468637,3846.0,0.072021484375,63029248.0,132420.48792028427,0.0009743304108269513,0.005615234375,1.9463376998901367,-0.018766187131404877,0.4531760811805725,-0.019463375210762024,0.0006971913389861584,0.0,-0.013713127002120018,0.9534587264060974,0.7848921183142687,6.638608932495117,1.7971779108047485,6.6248955726623535,2.055765390396118,6.773281097412109,4.205047607421875,,,,,,
8789940000.0,127.63,8.0,6391222784.0,2493.1778753014096,3847.0,0.057373046875,63045632.0,132427.05945301056,0.0012632423313334584,0.00885009765625,1.968011498451233,-0.019036568701267242,0.51365065574646,-0.019680112600326538,0.0006435401737689972,0.0,-0.0702316090464592,1.0108814239501953,0.7402696812339801,6.392468452453613,1.7028002738952637,6.322237014770508,1.9835306406021118,6.571532726287842,4.190981149673462,,,,,,
8789940000.0,137.67,8.199999809265137,6391222784.0,2441.7650149971423,3848.0,0.0494384765625,63062016.0,132433.76935338974,0.0009919240837916732,0.005615234375,2.0051321983337402,-0.019490070641040802,0.4351738691329956,-0.020051322877407074,0.0005612494423985481,0.0,-0.0005102851428091526,0.9326474070549011,0.7461443992902461,6.265733242034912,1.619792103767395,6.265223026275635,1.851075530052185,6.709900379180908,4.191859006881714,,,,,,
8789940000.0,145.93,7.900000095367432,6391222784.0,2424.532730065105,3849.0,0.0482177734375,63078400.0,132440.52694416046,0.000948267406783998,0.005859375,2.0054662227630615,-0.0198524110019207,0.46256187558174133,-0.020054662600159645,0.00020225252956151962,0.0,-0.04953235387802124,0.9603712558746338,0.7331572862310758,6.194194793701172,1.612931489944458,6.144661903381348,1.8591364622116089,6.7575907707214355,4.193498373031616,,,,,,
8789940000.0,169.0,8.300000190734863,6391222784.0,2411.9110260587,3850.0,0.0579833984375,63094784.0,132447.3198978901,0.0008680300088599324,0.00372314453125,2.0289125442504883,-0.019684981554746628,0.44941946864128113,-0.02028912678360939,0.0006041452288627625,0.0,0.00837678276002407,0.9443607330322266,0.7732428874385764,6.447559833526611,1.749484658241272,6.455936431884766,1.9831593036651611,6.792953729629517,4.187214136123657,,,,,,
8789940000.0,145.8,8.199999809265137,6391222784.0,2434.805107318962,3851.0,0.0567626953125,63111168.0,132454.04897856712,0.0009193983278237283,0.00494384765625,2.046722412109375,-0.020241210237145424,0.46817007660865784,-0.020467225462198257,0.00022601615637540817,0.0,0.04553351178765297,0.9683037996292114,0.7665286824589237,6.206046104431152,1.7628147602081299,6.251579284667969,2.003986358642578,6.729080677032471,4.215991258621216,,,,,,
8789940000.0,161.95,8.5,6391222784.0,2420.016191412061,3852.0,0.0518798828125,63127552.0,132460.81918120384,0.0009637949988245964,0.00543212890625,2.0422425270080566,-0.0209459587931633,0.42114853858947754,-0.020422423258423805,-0.0005235341377556324,0.0,0.03417722135782242,0.9153878688812256,0.7595992021563405,6.312051773071289,1.6667380332946777,6.34622859954834,1.8669683933258057,6.77020263671875,4.188366651535034,,,,,,
8789940000.0,136.76,8.199999809265137,6391222784.0,2450.966974323857,3853.0,0.06103515625,63143936.0,132467.50388979912,0.0015654562739655375,0.0118408203125,2.0305843353271484,-0.020158963277935982,0.5195409655570984,-0.020305844023823738,0.00014687934890389442,0.0,0.014741868712008,1.0175663232803345,0.7514818353369239,6.501611709594727,1.7950711250305176,6.516353607177734,2.0411908626556396,6.684708595275879,4.198850393295288,,,,,,
8789940000.0,156.87,8.199999809265137,6391222784.0,2415.077817302681,3854.0,0.0732421875,63160320.0,132474.28793621063,0.0006909227231517434,0.0028076171875,1.9718824625015259,-0.01937197335064411,0.5305616855621338,-0.019718823954463005,0.0003468526992946863,0.0,0.0365111380815506,1.0288587808609009,0.7650676892901522,6.732419013977051,1.874765157699585,6.768929958343506,2.1226789951324463,6.784046411514282,4.23240852355957,,,,,,
8789940000.0,130.11,7.699999809265137,6391222784.0,2383.940194561113,3855.0,0.086669921875,63176704.0,132481.16059184074,0.000929717964027077,0.00567626953125,1.930420160293579,-0.018036874011158943,0.6663349866867065,-0.019304201006889343,0.0012673260644078255,0.0,0.0009531499817967415,1.155023217201233,0.7361048682097975,6.780484676361084,1.9211114645004272,6.781437873840332,2.2484073638916016,6.872655630111694,4.3146140575408936,,,,,,
8789940000.0,97.57,8.5,6391222784.0,2386.1849926224586,3856.0,0.08056640625,63193088.0,132488.02678203583,0.0007121923845261335,0.00396728515625,1.9486372470855713,-0.01906869001686573,0.5802587270736694,-0.01948637142777443,0.00041768141090869904,0.0,0.08282455801963806,1.0757945775985718,0.7319853113102723,6.935361385345459,1.8967591524124146,7.018186092376709,2.078022003173828,6.866190195083618,4.221446752548218,,,,,,
8789940000.0,100.78,8.399999618530273,6391222784.0,2449.224859550747,3857.0,0.08544921875,63209472.0,132494.71624541283,0.0015535743441432714,0.01239013671875,1.9321184158325195,-0.018950197845697403,0.6755730509757996,-0.019321182742714882,0.0003709867596626282,0.0,-0.043334413319826126,1.1619125604629517,0.7219449149518062,6.957340717315674,1.881065845489502,6.914006233215332,2.2034740447998047,6.689463376998901,4.211211442947388,,,,,,
8789940000.0,105.61,7.800000190734863,6391222784.0,2360.1144738419225,3858.0,0.0689697265625,63225856.0,132501.6582815647,0.0010918232146650553,0.00592041015625,1.946578860282898,-0.01857522316277027,0.5841536521911621,-0.019465789198875427,0.0008905641734600067,0.0,0.011522313579916954,1.0771262645721436,0.7228712200396615,6.668575763702393,1.7694294452667236,6.680098056793213,2.0460939407348633,6.942036151885986,4.1990065574646,,,,,,
8789940000.0,112.44,8.300000190734863,6391222784.0,2428.4917091396796,3859.0,0.074462890625,63242240.0,132508.40485596657,0.0018735474441200495,0.01629638671875,1.9937423467636108,-0.019278954714536667,0.5873858332633972,-0.0199374221265316,0.0006584674119949341,0.0,-0.011818253435194492,1.0820523500442505,0.7320238785823125,6.748046875,1.7673437595367432,6.7362284660339355,2.0902597904205322,6.746574401855469,4.1982502937316895,,,,,,
8789940000.0,97.28,8.100000381469727,6391222784.0,2437.3497300025847,3860.0,0.0677490234375,63258624.0,132515.12691140175,0.002015522215515375,0.01837158203125,1.953299641609192,-0.019325800240039825,0.6371663212776184,-0.01953299529850483,0.00020719459280371666,0.0,0.005224669352173805,1.128840446472168,0.6889142633842138,6.60263204574585,1.7113878726959229,6.607856750488281,2.0239152908325195,6.722055435180664,4.284610271453857,,,,,,
8789940000.0,128.57,8.300000190734863,6391222784.0,2418.2242573809713,3861.0,0.074462890625,63275008.0,132521.9021308422,0.0007322661112993956,0.0032958984375,1.983607530593872,-0.019124679267406464,0.5963547825813293,-0.019836075603961945,0.0007113944739103317,0.0,0.021250324323773384,1.0911651849746704,0.719674951362652,6.769520282745361,1.7962074279785156,6.790771007537842,2.060912847518921,6.775219440460205,4.195509433746338,,,,,,
8789940000.0,108.44,9.0,6391222784.0,2337.601906833677,3862.0,0.0653076171875,63291392.0,132528.91102313995,0.0016584477853029966,0.0152587890625,2.0239107608795166,-0.019039593636989594,0.42606037855148315,-0.020239107310771942,0.0011995118111371994,0.0,0.08466833829879761,0.9222612380981445,0.77681137674953,6.766643047332764,1.7709989547729492,6.851311206817627,1.9521700143814087,7.008892297744751,4.196761131286621,,,,,,
8789940000.0,104.28,8.199999809265137,6391222784.0,2422.666200979107,3863.0,0.064697265625,63307776.0,132535.6738202572,0.0012561732437461615,0.00592041015625,2.0647852420806885,-0.020170390605926514,0.45374661684036255,-0.02064785361289978,0.000477462075650692,0.0,-0.03816893324255943,0.9504992365837097,0.7716360451645969,6.739998817443848,1.7498466968536377,6.7018303871154785,1.9890164136886597,6.762797117233276,4.217810869216919,,,,,,
8789940000.0,129.04,7.699999809265137,6391222784.0,2388.0957087379566,3864.0,0.0518798828125,63324160.0,132542.53451681137,0.0013390324311330914,0.010009765625,2.0449576377868652,-0.02003401331603527,0.47395068407058716,-0.020449573174118996,0.00041556358337402344,0.0,-0.09380507469177246,0.9726338386535645,0.7370871848699245,6.618858814239502,1.621661901473999,6.525053977966309,1.8968966007232666,6.86069655418396,4.2034218311309814,,,,,,
8789940000.0,119.11,8.0,6391222784.0,2403.204005072086,3865.0,0.0592041015625,63340544.0,132549.35208201408,0.0012376403901726007,0.0084228515625,2.0338480472564697,-0.020487705245614052,0.5028266906738281,-0.020338481292128563,-0.0001492236042395234,0.0,-0.025045569986104965,1.0030971765518188,0.7424831655042305,6.56327486038208,1.6714048385620117,6.538228988647461,1.9766970872879028,6.817565202713013,4.188829183578491,,,,,,
8789940000.0,168.42,8.100000381469727,6391222784.0,2402.0452751930484,3866.0,0.0592041015625,63356928.0,132556.17293596268,0.0010415042052045465,0.00634765625,2.0308775901794434,-0.020010298117995262,0.47070109844207764,-0.02030877396464348,0.00029847631230950356,0.0,-0.019912969321012497,0.970087468624115,0.7587340619721542,6.555848121643066,1.710659384727478,6.535935401916504,1.9749819040298462,6.82085394859314,4.20349645614624,,,,,,
8789940000.0,148.89,7.800000190734863,6391222784.0,2396.9978676253427,3867.0,0.06591796875,63373312.0,132563.0081527233,0.0010498447809368372,0.00628662109375,1.9869025945663452,-0.020467855036258698,0.5309110879898071,-0.01986902579665184,-0.0005988269113004208,0.0,-0.009520357474684715,1.0307817459106445,0.7409843729920031,6.5112433433532715,1.7257579565048218,6.501723289489746,2.025367259979248,6.835216760635376,4.177879810333252,,,,,,
8789940000.0,121.54,8.399999618530273,6391222784.0,2343.3034882445368,3868.0,0.052490234375,63389696.0,132569.99999141693,0.0014398801140487194,0.00933837890625,2.017108917236328,-0.020245492458343506,0.4172181487083435,-0.020171089097857475,-7.440440822392702e-05,0.0,-0.0006769034080207348,0.913116991519928,0.7674155134303682,6.496105194091797,1.6806033849716187,6.495428085327148,1.8933738470077515,6.991838693618774,4.424454927444458,,,,,,
8789940000.0,151.41,8.0,6391222784.0,2483.644908790952,3869.0,0.0543212890625,63406080.0,132576.5967476368,0.001006499631330371,0.00592041015625,2.0341644287109375,-0.01963900774717331,0.47639089822769165,-0.020341642200946808,0.0007026307284832001,0.0,-0.015684878453612328,0.97483229637146,0.7550366356119348,6.491945266723633,1.7032902240753174,6.476260185241699,1.969604253768921,6.596756219863892,4.17932653427124,,,,,,
8789940000.0,114.86,8.199999809265137,6391222784.0,2408.3708745557956,3870.0,0.062255859375,63422464.0,132583.39968657494,0.0013761611189693213,0.01153564453125,2.0305919647216797,-0.02024993672966957,0.421035498380661,-0.020305918529629707,5.5987387895584106e-05,0.0,-0.0010207309387624264,0.9165973663330078,0.7952123075478713,6.492669105529785,1.7690657377243042,6.4916486740112305,2.0254745483398438,6.802938938140869,4.193212509155273,,,,,,
8789940000.0,151.56,7.699999809265137,6391222784.0,2386.391738354462,3871.0,0.0677490234375,63438848.0,132590.26528191566,0.001780202379450202,0.01214599609375,2.025002956390381,-0.02003490924835205,0.6132720708847046,-0.020250027999281883,0.00021511735394597054,0.0,-0.09018736332654953,1.1032001972198486,0.722985883404683,6.479397773742676,1.7813186645507812,6.3892107009887695,2.0960586071014404,6.86559534072876,4.269081354141235,,,,,,
,,,,,,,,,,,,,,,,,,,,,,,,,,0.02195057086646557,0.5494905710220337,0.5061873197555542,0.02195057086646557,0.5494905710220337,0.5061873197555542
,,,,,,,,,,,,,,,,,,,,,,,,,,0.020053669810295105,0.4999130964279175,0.4746604263782501,0.020053669810295105,0.4999130964279175,0.4746604263782501
,,,,,,,,,,,,,,,,,,,,,,,,,,0.019254304468631744,0.4738933742046356,0.4522815942764282,0.019254304468631744,0.4738933742046356,0.4522815942764282
,,,,,,,,,,,,,,,,,,,,,,,,,,0.01938408799469471,0.45624884963035583,0.43554043769836426,0.01938408799469471,0.45624884963035583,0.43554043769836426
,,,,,,,,,,,,,,,,,,,,,,,,,,0.01929454691708088,0.4375592768192291,0.419624000787735,0.01929454691708088,0.4375592768192291,0.419624000787735
,,,,,,,,,,,,,,,,,,,,,,,,,,0.019302036613225937,0.4235614836215973,0.40894949436187744,0.019302036613225937,0.4235614836215973,0.40894949436187744
8789940000.0,111.68,8.300000190734863,6188634112.0,18.483699966836433,3872.0,0.076904296875,63455232.0,133476.66789770126,0.0006459942669607699,0.001220703125,2.0748260021209717,-0.02068246714770794,0.569403886795044,-0.020748257637023926,6.579002365469933e-05,0.0,-0.02690168283879757,1.0675909519195557,0.7581286387921181,6.876694679260254,1.923601746559143,6.849793434143066,2.170764446258545,886.4026157855988,4.1843180656433105,,,,,,
8789940000.0,142.81,7.800000190734863,6391222784.0,2411.6101219332277,3873.0,0.0567626953125,63471616.0,133483.46169900894,0.0012220402713865042,0.00750732421875,2.061938524246216,-0.02057119458913803,0.5426595211029053,-0.020619384944438934,4.818663001060486e-05,0.0,-0.043367259204387665,1.042158842086792,0.7324955149367334,6.6201629638671875,1.7555177211761475,6.576796054840088,2.014970064163208,6.793801307678223,4.191789627075195,,,,,,
8789940000.0,126.03,8.399999618530273,6391222784.0,2415.581488743487,3874.0,0.068359375,63488000.0,133490.24433088303,0.0008015117491595447,0.0029296875,2.068253517150879,-0.020314427092671394,0.4407024085521698,-0.02068253420293331,0.00036811036989092827,0.0,0.005945609416812658,0.9313029050827026,0.7842993330528039,6.646099090576172,1.7652583122253418,6.652044773101807,2.005234479904175,6.782631874084473,4.171345949172974,,,,,,
8789940000.0,105.61,8.600000381469727,6391222784.0,2428.1706953394632,3875.0,0.0531005859375,63504384.0,133496.9917972088,0.0008237708825618029,0.0029296875,2.1139864921569824,-0.020930657163262367,0.3943523168563843,-0.02113986387848854,0.00020920485258102417,0.0,-0.008512633852660656,0.8907192945480347,0.7754617764982625,6.491167068481445,1.681484341621399,6.482654571533203,1.879731297492981,6.747466325759888,4.202967166900635,,,,,,
8789940000.0,156.99,8.399999618530273,6391222784.0,2402.7058175503053,3876.0,0.067138671875,63520768.0,133503.81077599525,0.001201103674247861,0.0062255859375,2.0615243911743164,-0.020441889762878418,0.5439146161079407,-0.020615246146917343,0.00017335638403892517,0.0,0.027245674282312393,1.0430105924606323,0.7461392288862914,6.61965274810791,1.8571757078170776,6.64689826965332,2.0700981616973877,6.818978786468506,4.198446273803711,,,,,,
8789940000.0,117.99,8.199999809265137,6391222784.0,2402.7745381721684,3877.0,0.0665283203125,63537152.0,133510.62955975533,0.0007261526770889759,0.002685546875,2.049832344055176,-0.020273961126804352,0.6086491942405701,-0.020498324185609818,0.00022436119616031647,0.0,-0.04315546900033951,1.1029537916183472,0.734475428675043,6.73353385925293,1.8605983257293701,6.690378665924072,2.1404502391815186,6.818783760070801,4.194355487823486,,,,,,
8789940000.0,120.8,8.300000190734863,6391222784.0,2427.7309729993776,3878.0,0.05859375,63553536.0,133517.37824821472,0.0009888401255011559,0.00360107421875,2.0993106365203857,-0.02097802236676216,0.41619783639907837,-0.020993104204535484,1.5081837773323059e-05,0.0,0.0023128949105739594,0.9112575054168701,0.7679506395528943,6.455933570861816,1.6621384620666504,6.45824670791626,1.89169442653656,6.748688459396362,4.177645683288574,,,,,,
8789940000.0,127.58,8.0,6391222784.0,2412.962706274857,3879.0,0.0579833984375,63569920.0,133524.16824126244,0.0008920613909140229,0.00311279296875,2.098069190979004,-0.021341614425182343,0.44564640522003174,-0.02098069153726101,-0.000360928475856781,0.0,-0.06190585345029831,0.9440301656723022,0.7640258933210793,6.428521156311035,1.6822731494903564,6.366615295410156,1.9433619976043701,6.789993047714233,4.186355352401733,,,,,,
8789940000.0,160.93,8.399999618530273,6391222784.0,2422.5209277507947,3880.0,0.0567626953125,63586304.0,133530.93144392967,0.0009388093603774905,0.0054931640625,2.067141532897949,-0.02008270099759102,0.42377176880836487,-0.020671414211392403,0.0005887113511562347,0.0,-0.0011927918531000614,0.9203176498413086,0.7770249259976242,6.495260238647461,1.706374168395996,6.494067668914795,1.9489907026290894,6.763202667236328,4.188524484634399,,,,,,
8789940000.0,128.66,8.300000190734863,6391222784.0,2433.18176827662,3881.0,0.059814453125,63602688.0,133537.66501402855,0.000953152310103178,0.00592041015625,2.0614564418792725,-0.02054237201809883,0.4986637532711029,-0.020614566281437874,7.21961259841919e-05,0.0,0.008609483018517494,0.9945240020751953,0.7362380446845539,6.4922871589660645,1.7265346050262451,6.500896453857422,1.936463475227356,6.733570098876953,4.1916985511779785,,,,,,
8789940000.0,156.73,7.699999809265137,6391222784.0,2409.356449961542,3882.0,0.05859375,63619072.0,133544.46517014503,0.0010706561151891947,0.00762939453125,2.0559442043304443,-0.02011806145310402,0.49403566122055054,-0.020559439435601234,0.0004413807764649391,0.0,-0.032295629382133484,0.992742121219635,0.7592019568925685,6.429178714752197,1.7239869832992554,6.396883010864258,2.0230660438537598,6.800156116485596,4.205170154571533,,,,,,
8789940000.0,111.74,8.600000381469727,6391222784.0,2408.3154219117228,3883.0,0.06591796875,63635456.0,133551.26826572418,0.0009833911899477243,0.0059814453125,2.0403366088867188,-0.020035158842802048,0.464444637298584,-0.020403364673256874,0.0003682055976241827,0.0,0.026987876743078232,0.9642844200134277,0.7650442687800467,6.530147552490234,1.7492393255233765,6.557135581970215,1.9893542528152466,6.803095579147339,4.205482006072998,,,,,,
8789940000.0,156.32,8.300000190734863,6391222784.0,2431.9486857751153,3884.0,0.0567626953125,63651840.0,133558.0052499771,0.0009309175657108426,0.0050048828125,2.0463459491729736,-0.020173899829387665,0.4288542866706848,-0.020463459193706512,0.0002895565703511238,0.0,0.010838566347956657,0.9270715713500977,0.7704023586987808,6.495486259460449,1.6994056701660156,6.5063252449035645,1.9347715377807617,6.7369842529296875,4.186926603317261,,,,,,
8789940000.0,116.83,8.0,6391222784.0,2462.625617385696,3885.0,0.0640869140625,63668224.0,133564.65831160545,0.0014578151749446988,0.01007080078125,2.0533339977264404,-0.020189572125673294,0.583480954170227,-0.02053333818912506,0.0003437679260969162,0.0,-0.023729074746370316,1.080139398574829,0.721654785539138,6.625336170196533,1.7915740013122559,6.601606845855713,2.047330617904663,6.653061628341675,4.206020355224609,,,,,,
8789940000.0,121.48,8.300000190734863,6391222784.0,2387.84651700815,3886.0,0.06103515625,63684608.0,133571.51972413063,0.001283318386413157,0.0079345703125,2.087766647338867,-0.020410895347595215,0.4327109456062317,-0.020877666771411896,0.0004667714238166809,0.0,-0.0355570912361145,0.9288930296897888,0.7907415268464546,6.381961822509766,1.7797555923461914,6.346404075622559,2.030597686767578,6.861412525177002,4.291483640670776,,,,,,
8789940000.0,133.25,8.600000381469727,6391222784.0,2430.2478452958644,3887.0,0.054931640625,63700992.0,133578.26142334938,0.0008019374799914658,0.00396728515625,2.0838444232940674,-0.020746629685163498,0.375198632478714,-0.02083844318985939,9.181583300232887e-05,0.0,0.026047680526971817,0.8669891357421875,0.8032921635027649,6.30926513671875,1.7810207605361938,6.335312843322754,1.9548019170761108,6.74169921875,4.188974142074585,,,,,,
8789940000.0,164.13,8.600000381469727,6391222784.0,2443.16823652324,3888.0,0.04150390625,63717376.0,133584.96746993065,0.0009253425523638725,0.0057373046875,2.0977702140808105,-0.02118370495736599,0.3315106928348541,-0.020977703854441643,-0.00020600110292434692,0.0,0.005017212592065334,0.8160209059715271,0.7884251696522798,6.151248931884766,1.6277297735214233,6.156266689300537,1.7740646600723267,6.7060465812683105,4.2037811279296875,,,,,,
8789940000.0,175.12,7.900000095367432,6391222784.0,2423.3043796799584,3889.0,0.047607421875,63733760.0,133591.7284860611,0.0014041654067113996,0.01019287109375,2.0383317470550537,-0.020174197852611542,0.4353540539741516,-0.0203833170235157,0.000209122896194458,0.0,-0.060488611459732056,0.9342909455299377,0.7533095384166565,6.254768371582031,1.644303321838379,6.194279670715332,1.8810741901397705,6.761016130447388,4.188160181045532,,,,,,
8789940000.0,189.55,8.199999809265137,6391222784.0,2463.8499065131787,3890.0,0.0494384765625,63750144.0,133598.37824177742,0.0013766781194135547,0.01043701171875,2.039454936981201,-0.01937909796833992,0.34054458141326904,-0.020394548773765564,0.0010154526680707932,0.0,-0.00519894203171134,0.8257099986076355,0.8078136801691301,6.287045478820801,1.662895679473877,6.28184700012207,1.8835034370422363,6.6497557163238525,4.212135076522827,,,,,,
8789940000.0,169.78,7.900000095367432,6391222784.0,2457.164901263197,3891.0,0.050048828125,63766528.0,133605.04608893394,0.003796400036662817,0.03875732421875,2.0183064937591553,-0.019895989447832108,0.47578728199005127,-0.02018306404352188,0.000287078320980072,0.0,-0.017219971865415573,0.9749671220779419,0.746175127001625,6.253607273101807,1.6711692810058594,6.236387252807617,1.9351863861083984,6.667847156524658,4.21533465385437,,,,,,
8789940000.0,149.8,8.100000381469727,6391222784.0,2457.3158531692534,3892.0,0.0555419921875,63782912.0,133611.71352648735,0.0008828503196127713,0.00592041015625,2.0188047885894775,-0.019776348024606705,0.44912540912628174,-0.020188048481941223,0.00041170231997966766,0.0,0.03797135502099991,0.9489281177520752,0.761051998933824,6.29810094833374,1.6772470474243164,6.336071968078613,1.9412500858306885,6.667437553405762,4.191412925720215,,,,,,
8789940000.0,188.47,7.900000095367432,6391222784.0,2350.9935071099794,3893.0,0.0677490234375,63799296.0,133618.6824951172,0.0016451417468488216,0.0140380859375,1.9584639072418213,-0.01921246014535427,0.613324761390686,-0.019584642723202705,0.0003721807152032852,0.0,0.012555574998259544,1.1069648265838623,0.7251064646902674,6.515190124511719,1.8225688934326172,6.527745723724365,2.1113088130950928,6.968968629837036,4.367828130722046,,,,,,
8789940000.0,97.96,8.800000190734863,6391222784.0,2412.470119862623,3894.0,0.0799560546875,63815680.0,133625.47387456894,0.0028301470447331667,0.02545166015625,1.969958782196045,-0.020089879631996155,0.4742503762245178,-0.019699586555361748,-0.0003902949392795563,0.0,0.08543698489665985,0.9720640182495117,0.7848576588689573,6.592013359069824,1.8829482793807983,6.677450656890869,2.0957143306732178,6.791379451751709,4.197200775146484,,,,,,
8789940000.0,102.0,7.900000095367432,6391222784.0,2415.5977068379193,3895.0,0.0537109375,63832064.0,133632.25646090508,0.0016863453201949596,0.0137939453125,2.002060651779175,-0.020203201100230217,0.5451089143753052,-0.020020604133605957,-0.0001825946383178234,0.0,-0.020673196762800217,1.043481707572937,0.7365635081745093,6.556058883666992,1.7621885538101196,6.5353851318359375,2.0330429077148438,6.782586336135864,4.192466735839844,,,,,,
8789940000.0,121.9,8.600000381469727,6391222784.0,2432.5092733396655,3896.0,0.0616455078125,63848448.0,133638.99189257622,0.0012132120318710804,0.007568359375,2.0006420612335205,-0.019296053797006607,0.37010321021080017,-0.020006418228149414,0.0007103632087819278,0.0,0.023342659696936607,0.8596707582473755,0.8068022111173063,6.499821662902832,1.7625190019607544,6.52316427230835,1.955830454826355,6.735431671142578,4.237098217010498,,,,,,
8789940000.0,131.46,8.5,6391222784.0,2449.153368990788,3897.0,0.0518798828125,63864832.0,133645.68155121803,0.0014232296962291002,0.00994873046875,1.9975138902664185,-0.019840966910123825,0.38410621881484985,-0.01997513882815838,0.00013417471200227737,0.0,-0.012967105954885483,0.8764374256134033,0.7880742549765822,6.390907287597656,1.7083156108856201,6.3779401779174805,1.9038336277008057,6.6896586418151855,4.194941520690918,,,,,,
8789940000.0,143.4,8.0,6391222784.0,2434.6876162880426,3898.0,0.0543212890625,63881216.0,133652.41095662117,0.001476236036978662,0.01092529296875,1.993457317352295,-0.01920338347554207,0.49338871240615845,-0.019934574142098427,0.0007311925292015076,0.0,-0.04301011189818382,0.9907391667366028,0.7433140819317208,6.294588088989258,1.6898772716522217,6.251578330993652,1.9555017948150635,6.729405403137207,4.199877023696899,,,,,,
8789940000.0,130.04,8.600000381469727,6391222784.0,2468.0506484338875,3899.0,0.0726318359375,63897600.0,133659.0493941307,0.0018336890498176217,0.01666259765625,1.9701037406921387,-0.019500229507684708,0.5074447393417358,-0.019701037555933,0.00020080432295799255,0.0,0.04658275097608566,1.0051158666610718,0.7547031878814524,6.559990882873535,1.7720390558242798,6.606573581695557,2.0294106006622314,6.638437509536743,4.195758581161499,,,,,,
8789940000.0,155.64,7.199999809265137,6391222784.0,2406.7477685667454,3900.0,0.0592041015625,63913984.0,133665.85692095757,0.0023073896300047636,0.0196533203125,1.953223466873169,-0.019378725439310074,0.5988975167274475,-0.019532233476638794,0.0001535080373287201,0.0,-0.0854581743478775,1.0880789756774902,0.73085189214263,6.3565473556518555,1.752859115600586,6.271088600158691,2.097320318222046,6.8075268268585205,4.209710359573364,,,,,,
8789940000.0,118.43,8.199999809265137,6391222784.0,2253.611716928734,3901.0,0.0653076171875,63930368.0,133673.1270287037,0.0015566402580589056,0.01092529296875,1.9353135824203491,-0.019458098337054253,0.46023595333099365,-0.01935313455760479,-0.00010496377944946289,0.0,-0.007751010358333588,0.9596928358078003,0.7806709585070729,6.591095924377441,1.7744694948196411,6.583345413208008,2.049198865890503,7.270107746124268,4.195216655731201,,,,,,
8789940000.0,120.67,8.100000381469727,6391222784.0,2380.8001259422367,3902.0,0.068359375,63946752.0,133680.00874876976,0.0011710964608937502,0.00616455078125,1.9129600524902344,-0.01892799884080887,0.554334819316864,-0.01912960223853588,0.00020159967243671417,0.0,-0.003368169069290161,1.0518684387207031,0.7399117371457685,6.612313270568848,1.7867580652236938,6.608944892883301,2.062533378601074,6.881720066070557,4.192561626434326,,,,,,
8789940000.0,115.36,8.5,6391222784.0,2382.6382821740617,3903.0,0.0714111328125,63963136.0,133686.8851597309,0.001509607769548893,0.0125732421875,1.9199769496917725,-0.019007941707968712,0.48705267906188965,-0.01919976994395256,0.0001918300986289978,0.0,0.03290896117687225,0.9858343601226807,0.7810572140148745,6.652698516845703,1.8624941110610962,6.68560791015625,2.10687518119812,6.876410961151123,4.2289299964904785,,,,,,
,,,,,,,,,,,,,,,,,,,,,,,,,,0.024819908663630486,0.49729931354522705,0.46119382977485657,0.024819908663630486,0.49729931354522705,0.46119382977485657
,,,,,,,,,,,,,,,,,,,,,,,,,,0.022303171455860138,0.4553103446960449,0.4295659065246582,0.022303171455860138,0.4553103446960449,0.4295659065246582
,,,,,,,,,,,,,,,,,,,,,,,,,,0.021570051088929176,0.4315497875213623,0.41007450222969055,0.021570051088929176,0.4315497875213623,0.41007450222969055
,,,,,,,,,,,,,,,,,,,,,,,,,,0.02132439985871315,0.41415542364120483,0.3941541016101837,0.02132439985871315,0.41415542364120483,0.3941541016101837
,,,,,,,,,,,,,,,,,,,,,,,,,,0.021284759044647217,0.3995598256587982,0.3794091045856476,0.021284759044647217,0.3995598256587982,0.3794091045856476
,,,,,,,,,,,,,,,,,,,,,,,,,,0.021519333124160767,0.38578587770462036,0.3668065071105957,0.021519333124160767,0.38578587770462036,0.3668065071105957
8789940000.0,123.39,8.699999809265137,6188634112.0,18.52616937702185,3904.0,0.0653076171875,63979520.0,134571.25578522682,0.001068895566277206,0.00543212890625,1.9661146402359009,-0.01979121007025242,0.41053301095962524,-0.01966114714741707,-0.00013006292283535004,0.0,0.020251736044883728,0.903478741645813,0.8094841688576321,6.5548481941223145,1.861288070678711,6.575099945068359,2.0699148178100586,884.3706254959106,4.320181369781494,,,,,,
8789940000.0,119.74,7.900000095367432,6391222784.0,2393.6452253589555,3905.0,0.0579833984375,63995904.0,134578.1005756855,0.0005765510722994804,0.0020751953125,1.9922977685928345,-0.020034952089190483,0.5275119543075562,-0.019922975450754166,-0.00011197570711374283,0.0,-0.06969314813613892,1.0262796878814697,0.7606898554900654,6.550388813018799,1.8704625368118286,6.480695724487305,2.0979015827178955,6.844790458679199,4.1849164962768555,,,,,,
8789940000.0,153.22,8.100000381469727,6391222784.0,2414.7165562899945,3906.0,0.0689697265625,64012288.0,134584.8856370449,0.0006530117825604975,0.00347900390625,1.9459724426269531,-0.019315583631396294,0.5420658588409424,-0.019459722563624382,0.00014413893222808838,0.0,-0.017690952867269516,1.0398262739181519,0.7526606310074054,6.556877136230469,1.819029688835144,6.539186477661133,2.0908095836639404,6.785061359405518,4.179433584213257,,,,,,
8789940000.0,129.17,8.300000190734863,6391222784.0,2407.156902427856,3907.0,0.0567626953125,64028672.0,134591.6920068264,0.0009396900422871113,0.0052490234375,1.964597225189209,-0.019548140466213226,0.44432055950164795,-0.019645972177386284,9.78323514573276e-05,0.0,0.018525678664445877,0.9423495531082153,0.7773740306987358,6.3397932052612305,1.7640849351882935,6.358319282531738,1.9972120523452759,6.806369781494141,4.205708265304565,,,,,,
8789940000.0,102.81,8.600000381469727,6391222784.0,2453.5207178587857,3908.0,0.064697265625,64045056.0,134598.36975765228,0.0007084639510139823,0.00341796875,1.9107227325439453,-0.01893150992691517,0.5792558789253235,-0.01910722628235817,0.00017571263015270233,0.0,0.02954682894051075,1.0754741430282593,0.7185352431608512,6.474339485168457,1.8040826320648193,6.503886699676514,2.0271599292755127,6.677750825881958,4.168728590011597,,,,,,
8789940000.0,120.96,8.0,6391222784.0,2464.2162995953304,3909.0,0.05859375,64061440.0,134605.01852464676,0.001690087839961052,0.01019287109375,1.9254792928695679,-0.019271884113550186,0.49724191427230835,-0.019254794344305992,-1.7088837921619415e-05,0.0,-0.029881540685892105,0.9952197670936584,0.7583593204733236,6.359421730041504,1.762986421585083,6.329540252685547,2.024575710296631,6.648766994476318,4.190758466720581,,,,,,
8789940000.0,120.64,8.0,6391222784.0,2456.469250969208,3910.0,0.0689697265625,64077824.0,134611.68826007843,0.0010832252446562052,0.0072021484375,1.9083056449890137,-0.019325096160173416,0.5324628353118896,-0.019083058461546898,-0.0002420404925942421,0.0,-0.006908842362463474,1.0305676460266113,0.751645238170567,6.441224098205566,1.7445018291473389,6.4343156814575195,2.0679516792297363,6.669735431671143,4.197432279586792,,,,,,
8789940000.0,139.93,8.0,6391222784.0,2429.9326394347127,3911.0,0.052490234375,64094208.0,134618.43083381653,0.0011605019681155682,0.0054931640625,1.9156376123428345,-0.019112197682261467,0.4485832154750824,-0.019156374037265778,4.4177286326885223e-05,0.0,-0.024958262220025063,0.9449001550674438,0.7455126895666835,6.214825630187988,1.6223857402801514,6.189867973327637,1.8730671405792236,6.7425737380981445,4.187691926956177,,,,,,
8789940000.0,145.28,8.100000381469727,6391222784.0,2451.157732701782,3912.0,0.05126953125,64110592.0,134625.11502218246,0.0012642540968954563,0.00732421875,1.9179896116256714,-0.01936427503824234,0.47248581051826477,-0.019179895520210266,-0.00018437765538692474,0.0,-0.01636510342359543,0.9738983511924744,0.7417757750672298,6.283958435058594,1.6718761920928955,6.2675933837890625,1.9165263175964355,6.684188365936279,4.185213565826416,,,,,,
8789940000.0,152.84,7.800000190734863,6391222784.0,2428.9928353355826,3913.0,0.05615234375,64126976.0,134631.86020469666,0.0008883089176379144,0.00390625,1.9281295537948608,-0.019378483295440674,0.5125433206558228,-0.0192812941968441,-9.71904955804348e-05,0.0,-0.018889840692281723,1.0115641355514526,0.7506501861512738,6.287563800811768,1.7519201040267944,6.268673896789551,2.0257632732391357,6.745182514190674,4.198350429534912,,,,,,
8789940000.0,170.17,8.0,6391222784.0,2479.7091074108685,3914.0,0.0555419921875,64143360.0,134638.46743130684,0.0010950097348541021,0.0054931640625,1.9510822296142578,-0.01956971548497677,0.41476351022720337,-0.019510822370648384,-5.889125168323517e-05,0.0,-0.032784879207611084,0.9127926230430603,0.7969084924236886,6.161727428436279,1.7458086013793945,6.128942489624023,2.0254714488983154,6.607226610183716,4.193225622177124,,,,,,
8789940000.0,132.41,8.800000190734863,6391222784.0,2446.8753653605836,3915.0,0.0421142578125,64159744.0,134645.16331791878,0.0008686012588441372,0.0048828125,2.0150294303894043,-0.02011234313249588,0.2807445228099823,-0.02015029639005661,3.7954654544591904e-05,0.0,-0.011560777202248573,0.7502674460411072,0.8137855388240052,5.961788177490234,1.5791579484939575,5.950227737426758,1.7386391162872314,6.695886611938477,4.192065954208374,,,,,,
8789940000.0,179.61,7.800000190734863,6391222784.0,2451.7436566893402,3916.0,0.04150390625,64176128.0,134651.84590888023,0.0020012552849948406,0.0184326171875,1.9925553798675537,-0.019824910908937454,0.38278061151504517,-0.01992555521428585,0.00010064616799354553,0.0,-0.02467925101518631,0.877996563911438,0.8036389600857589,5.977153301239014,1.7493103742599487,5.952474117279053,1.9813684225082397,6.682590961456299,4.181443691253662,,,,,,
8789940000.0,233.51,7.699999809265137,6391222784.0,2413.8826827925,3917.0,0.0506591796875,64192512.0,134658.6333141327,0.0011542456923052669,0.0059814453125,1.945981502532959,-0.018837405368685722,0.4414414167404175,-0.019459813833236694,0.0006224032258614898,0.0,-0.04105128347873688,0.9379106760025024,0.7868397502150166,6.170001029968262,1.798913598060608,6.128949165344238,2.0314600467681885,6.787405252456665,4.206464529037476,,,,,,
8789940000.0,140.13,8.5,6391222784.0,2432.789664048731,3918.0,0.0634765625,64208896.0,134665.36796951294,0.0012107663787901402,0.00701904296875,1.8823680877685547,-0.018683908507227898,0.5087708234786987,-0.01882367953658104,0.00013977289199829102,0.0,0.06622528284788132,1.0062894821166992,0.7710084965289877,6.433537006378174,1.8723762035369873,6.499762058258057,2.1028735637664795,6.734655380249023,4.1785664558410645,,,,,,
8789940000.0,117.04,8.100000381469727,6391222784.0,2406.921842113411,3919.0,0.067138671875,64225280.0,134672.17500400543,0.0009920555166900158,0.00494384765625,1.8693523406982422,-0.01766524463891983,0.5174697637557983,-0.018693523481488228,0.0010282769799232483,0.0,0.01403446402400732,1.0153498649597168,0.7904824384892444,6.332715034484863,1.972362995147705,6.346750259399414,2.2182254791259766,6.807034492492676,4.1849939823150635,,,,,,
8789940000.0,87.11,8.600000381469727,6391222784.0,2443.1942952258723,3920.0,0.0799560546875,64241664.0,134678.88097906113,0.0009144909563474357,0.0057373046875,1.8131768703460693,-0.018061308190226555,0.5104572772979736,-0.018131770193576813,7.046200335025787e-05,0.0,0.024590618908405304,1.0140681266784668,0.7927733057339408,6.5472822189331055,2.0027272701263428,6.571873188018799,2.2276365756988525,6.70597505569458,4.203372240066528,,,,,,
8789940000.0,129.28,8.100000381469727,6391222784.0,2426.6122267087503,3921.0,0.0714111328125,64258048.0,134685.63277888298,0.0011329794069752097,0.0079345703125,1.8518060445785522,-0.018244868144392967,0.5317036509513855,-0.018518060445785522,0.00027319230139255524,0.0,0.03050978109240532,1.028892993927002,0.7689824590731064,6.465829849243164,1.8612638711929321,6.496339797973633,2.140660047531128,6.751799821853638,4.18434476852417,,,,,,
8789940000.0,127.32,8.100000381469727,6391222784.0,2415.8666532700827,3922.0,0.0799560546875,64274432.0,134692.41461014748,0.001507865497842431,0.011962890625,1.8289192914962769,-0.018152039498090744,0.6406019926071167,-0.018289193511009216,0.0001371554099023342,0.0,0.001482652616687119,1.129117727279663,0.7386835778443652,6.661482810974121,1.9448072910308838,6.662965297698975,2.2087960243225098,6.78183126449585,4.184164047241211,,,,,,
8789940000.0,124.84,8.300000190734863,6391222784.0,2434.719187653584,3923.0,0.07568359375,64290816.0,134699.1439282894,0.0009580017649568617,0.006591796875,1.7841047048568726,-0.017557166516780853,0.5586166381835938,-0.017841046676039696,0.00028387876227498055,0.0,0.002298523671925068,1.0568578243255615,0.754740019148336,6.68037223815918,1.8648626804351807,6.682670593261719,2.134042739868164,6.729318141937256,4.204906225204468,,,,,,
8789940000.0,99.42,8.100000381469727,6391222784.0,2438.1446208273064,3924.0,0.079345703125,64307200.0,134705.86379218102,0.0008164803148247302,0.00537109375,1.7882713079452515,-0.017978206276893616,0.5773397088050842,-0.017882714048027992,-9.549222886562347e-05,0.0,0.012503061443567276,1.0773786306381226,0.7618737873843504,6.635921955108643,1.9072107076644897,6.648425102233887,2.20782470703125,6.7198638916015625,4.173399448394775,,,,,,
8789940000.0,126.34,8.199999809265137,6391222784.0,2418.776832137088,3925.0,0.0823974609375,64323584.0,134712.63746380806,0.0010176266077905893,0.00567626953125,1.774834156036377,-0.017137322574853897,0.6177096366882324,-0.017748340964317322,0.0006110239773988724,0.0,0.03420183062553406,1.1080219745635986,0.735872609399712,6.698695659637451,1.8987282514572144,6.732897758483887,2.155965566635132,6.773671627044678,4.187221050262451,,,,,,
8789940000.0,85.79,8.5,6391222784.0,2413.2301340431018,3926.0,0.0726318359375,64339968.0,134719.42670440674,0.0007199682295322418,0.00408935546875,1.8026045560836792,-0.01765156351029873,0.482963889837265,-0.018026044592261314,0.00037448108196258545,0.0,-0.012889567762613297,0.9836643934249878,0.785711132188004,6.587043285369873,1.9356064796447754,6.574153900146484,2.124943256378174,6.789240598678589,4.218477249145508,,,,,,
8789940000.0,123.04,8.199999809265137,6391222784.0,2439.8578358715163,3927.0,0.06591796875,64356352.0,134726.14184975624,0.0017577693797647953,0.0130615234375,1.8560993671417236,-0.018197454512119293,0.4662668704986572,-0.018560990691184998,0.0003635380417108536,0.0,-0.016778646036982536,0.967799961566925,0.7804708724451492,6.371903419494629,1.8211909532546997,6.355125427246094,2.065570116043091,6.7151453495025635,4.190730333328247,,,,,,
8789940000.0,132.88,7.699999809265137,6391222784.0,2417.6283861567345,3928.0,0.0531005859375,64372736.0,134732.91873908043,0.002895124489441514,0.02630615234375,1.9028291702270508,-0.018185343593358994,0.5653954744338989,-0.01902829110622406,0.0008429507724940777,0.0,-0.08183842152357101,1.0675171613693237,0.7200785416914395,6.420682907104492,1.7673581838607788,6.338844299316406,2.0177011489868164,6.776889324188232,4.20511531829834,,,,,,
8789940000.0,157.76,8.199999809265137,6391222784.0,2371.6421478116517,3929.0,0.0665283203125,64389120.0,134739.82703256607,0.0010081888176500797,0.00469970703125,1.9150798320770264,-0.018925979733467102,0.4789454936981201,-0.01915079727768898,0.00022481568157672882,0.0,0.008122147992253304,0.9750254154205322,0.7757142670248113,6.49785041809082,1.7759841680526733,6.505972862243652,2.058805227279663,6.9082934856414795,4.218778610229492,,,,,,
8789940000.0,121.95,8.899999618530273,6391222784.0,2394.6082690021385,3930.0,0.0701904296875,64405504.0,134746.66907024384,0.0013818837469443679,0.0115966796875,1.9191107749938965,-0.018887929618358612,0.4463774561882019,-0.019191110506653786,0.00030318042263388634,0.0,0.10141925513744354,0.9432085156440735,0.7884340578564313,6.5687665939331055,1.8446463346481323,6.670185089111328,2.050616979598999,6.842037677764893,4.18616247177124,,,,,,
8789940000.0,142.48,7.800000190734863,6391222784.0,2403.953734172816,3931.0,0.0604248046875,64421888.0,134753.48450922966,0.0015296507626771927,0.00994873046875,1.9197258949279785,-0.018566347658634186,0.5116376876831055,-0.019197259098291397,0.0006309123709797859,0.0,-0.039205096662044525,1.009173035621643,0.7535553040018772,6.570618629455566,1.7796090841293335,6.531414031982422,2.0328528881073,6.815438985824585,4.18097710609436,,,,,,
8789940000.0,121.89,8.100000381469727,6391222784.0,2434.379105358158,3932.0,0.0482177734375,64438272.0,134760.21476745605,0.0014553514774888754,0.01080322265625,1.9949918985366821,-0.019616104662418365,0.4752752184867859,-0.01994991861283779,0.00033381395041942596,0.0,-0.05525824427604675,0.9730968475341797,0.7367696863399058,6.463051795959473,1.709529995918274,6.4077935218811035,1.8966538906097412,6.730258226394653,4.189243793487549,,,,,,
8789940000.0,149.77,7.800000190734863,6391222784.0,2447.139383240685,3933.0,0.0494384765625,64454656.0,134766.9099316597,0.001906881108880043,0.0169677734375,2.0527608394622803,-0.01952477917075157,0.40564826130867004,-0.020527606830000877,0.001002829521894455,0.0,-0.0408366322517395,0.8997546434402466,0.7908703106390949,6.253535747528076,1.6973298788070679,6.212698936462402,1.967506766319275,6.695164203643799,4.180756092071533,,,,,,
8789940000.0,180.12,8.199999809265137,6391222784.0,2429.272845298648,3934.0,0.052490234375,64471040.0,134773.6543366909,0.0009323160047642887,0.00506591796875,2.0795438289642334,-0.020257994532585144,0.42025139927864075,-0.020795436576008797,0.0005374401807785034,0.0,-0.004607143811881542,0.9164174199104309,0.7794837196597291,6.2530670166015625,1.6996031999588013,6.248459815979004,1.9515199661254883,6.744405031204224,4.193856239318848,,,,,,
8789940000.0,202.12,7.400000095367432,6391222784.0,2381.508208156492,3935.0,0.0421142578125,64487424.0,134780.53401064873,0.001254901522770524,0.00860595703125,2.0697882175445557,-0.02014392986893654,0.4389762282371521,-0.020697882398962975,0.000553955789655447,0.0,-0.06697898358106613,0.9385864734649658,0.7403015252883254,5.997982025146484,1.5990835428237915,5.931002616882324,1.8417866230010986,6.879673957824707,4.183591842651367,,,,,,
,,,,,,,,,,,,,,,,,,,,,,,,,,0.030292082577943802,0.5165002942085266,0.47657284140586853,0.030292082577943802,0.5165002942085266,0.47657284140586853
,,,,,,,,,,,,,,,,,,,,,,,,,,0.027315670624375343,0.47050032019615173,0.44742944836616516,0.027315670624375343,0.47050032019615173,0.44742944836616516
,,,,,,,,,,,,,,,,,,,,,,,,,,0.02546599507331848,0.4468214511871338,0.42618656158447266,0.02546599507331848,0.4468214511871338,0.42618656158447266
,,,,,,,,,,,,,,,,,,,,,,,,,,0.024783296510577202,0.42846888303756714,0.41021281480789185,0.024783296510577202,0.42846888303756714,0.41021281480789185
,,,,,,,,,,,,,,,,,,,,,,,,,,0.02506694570183754,0.41236889362335205,0.3949018716812134,0.02506694570183754,0.41236889362335205,0.3949018716812134
,,,,,,,,,,,,,,,,,,,,,,,,,,0.024789229035377502,0.40029531717300415,0.3822680413722992,0.024789229035377502,0.40029531717300415,0.3822680413722992
8789940000.0,142.74,7.900000095367432,6188634112.0,18.54990109504512,3936.0,0.04638671875,64503808.0,135663.77322125435,0.0008070195908658206,0.0029296875,2.093413829803467,-0.02067410573363304,0.4389699399471283,-0.02093413658440113,0.00026002805680036545,0.0,-0.05053407698869705,0.9338981509208679,0.7658794655720308,6.259289264678955,1.7196000814437866,6.208755016326904,1.9301000833511353,883.2392106056213,4.366777181625366,,,,,,
8789940000.0,173.11,7.599999904632568,6391222784.0,2342.240906151466,3937.0,0.04638671875,64520192.0,135670.76823186874,0.0014378925552591681,0.0107421875,2.0935616493225098,-0.02089780755341053,0.4465761184692383,-0.02093561552464962,3.78098338842392e-05,0.0,-0.0912470817565918,0.9429328441619873,0.7624373249162156,6.336369514465332,1.718235969543457,6.24512243270874,1.9346028566360474,6.995010614395142,4.201632022857666,,,,,,
8789940000.0,183.72,7.699999809265137,6391222784.0,2390.7899312882714,3938.0,0.040283203125,64536576.0,135677.62119698524,0.0014299062313511968,0.00885009765625,2.0784194469451904,-0.020777180790901184,0.471472829580307,-0.02078419364988804,7.010996341705322e-06,0.0,-0.0304630808532238,0.9717625379562378,0.7212671989739805,6.136568069458008,1.6152634620666504,6.106104850769043,1.8406273126602173,6.8529651165008545,4.195694446563721,,,,,,
8789940000.0,188.12,8.399999618530273,6391222784.0,2442.1876174458816,3939.0,0.0506591796875,64552960.0,135684.32993626595,0.0023745852522552013,0.02044677734375,2.061861038208008,-0.019735682755708694,0.38697636127471924,-0.020618608221411705,0.0008829236030578613,0.0,0.005613712128251791,0.8801681399345398,0.774714544061919,6.1129150390625,1.6144689321517944,6.118528842926025,1.854382038116455,6.708739280700684,4.199946403503418,,,,,,
8789940000.0,149.68,8.0,6391222784.0,2409.2035620023353,3940.0,0.05615234375,64569344.0,135691.13052392006,0.0012884722091257572,0.01019287109375,2.0181803703308105,-0.02047128602862358,0.49434056878089905,-0.020181804895401,-0.0002894829958677292,0.0,0.04866630584001541,0.9917922019958496,0.763757078138451,6.139583110809326,1.7563762664794922,6.188249588012695,2.040522575378418,6.8005876541137695,4.195951700210571,,,,,,
8789940000.0,128.41,8.5,6391222784.0,2455.446780769346,3941.0,0.057373046875,64585728.0,135697.80303668976,0.0011118203401565552,0.0062255859375,2.0441789627075195,-0.020010797306895256,0.4504014849662781,-0.02044178918004036,0.0004309895448386669,0.0,-0.0014760105405002832,0.9446231722831726,0.779609116656711,6.220833778381348,1.8055713176727295,6.219358444213867,2.012157678604126,6.672512769699097,4.195188522338867,,,,,,
8789940000.0,180.96,8.399999618530273,6391222784.0,2466.3147979081527,3942.0,0.04150390625,64602112.0,135704.4461464882,0.0012087301583960652,0.00506591796875,2.0964138507843018,-0.020790932700037956,0.34486016631126404,-0.020964138209819794,0.00017320318147540092,0.0,-0.026994086802005768,0.8272178173065186,0.790631637956148,5.988439559936523,1.6446210145950317,5.961444854736328,1.8078573942184448,6.6431097984313965,4.166776895523071,,,,,,
8789940000.0,225.58,7.199999809265137,6391222784.0,2386.958629127821,3943.0,0.030517578125,64618496.0,135711.31011128426,0.0011514972429722548,0.00787353515625,2.1073291301727295,-0.02100195735692978,0.39709120988845825,-0.021073291078209877,7.133278995752335e-05,0.0,-0.08254221081733704,0.8884589672088623,0.7565822095694985,5.8312835693359375,1.5519236326217651,5.748741626739502,1.8007831573486328,6.863964796066284,4.200197219848633,,,,,,
8789940000.0,151.58,7.699999809265137,6391222784.0,2393.437220955817,3944.0,0.0439453125,64634880.0,135718.1554965973,0.0007053193403407931,0.001953125,2.1141932010650635,-0.02130252495408058,0.35833442211151123,-0.021141929551959038,-0.00016059400513768196,0.0,-0.03822992742061615,0.844425618648529,0.8155857051318697,6.016901969909668,1.736158013343811,5.978672027587891,1.9663647413253784,6.845385313034058,4.1828484535217285,,,,,,
8789940000.0,197.52,7.699999809265137,6391222784.0,2422.3755011653543,3945.0,0.0457763671875,64651264.0,135724.91910529137,0.0006693899631500244,0.002685546875,2.119800329208374,-0.021294808015227318,0.427114874124527,-0.021198004484176636,-9.680469520390034e-05,0.0,-0.022692695260047913,0.9277210235595703,0.776289098146387,5.975571155548096,1.7093766927719116,5.952878475189209,1.9614338874816895,6.763608694076538,4.198988199234009,,,,,,
8789940000.0,194.32,7.900000095367432,6391222784.0,2442.922443447266,3946.0,0.045166015625,64667648.0,135731.6258265972,0.001001268858090043,0.00592041015625,2.140773296356201,-0.02153642289340496,0.389823853969574,-0.021407730877399445,-0.00012869155034422874,0.0,0.03195833042263985,0.8808788657188416,0.7918325727294598,5.9215803146362305,1.7065571546554565,5.953538417816162,1.930678367614746,6.706721305847168,4.179511547088623,,,,,,
8789940000.0,202.45,7.5,6391222784.0,2425.5427099956414,3947.0,0.042724609375,64684032.0,135738.38060355186,0.0020577956456691027,0.020751953125,2.1226353645324707,-0.020289838314056396,0.5120670795440674,-0.02122635394334793,0.0009365156292915344,0.0,0.00293150101788342,1.0108094215393066,0.7364944700127966,5.858114242553711,1.7213565111160278,5.861045837402344,1.9691320657730103,6.754776954650879,4.1907994747161865,,,,,,
8789940000.0,126.15,8.399999618530273,6391222784.0,2418.3788881798473,3948.0,0.0494384765625,64700416.0,135745.15538978577,0.0014407902490347624,0.0098876953125,2.1165108680725098,-0.020170584321022034,0.40510329604148865,-0.021165110170841217,0.0009945208439603448,0.0,0.03581488877534866,0.8950766921043396,0.8041672575661601,5.950472354888916,1.8120402097702026,5.9862871170043945,2.0226356983184814,6.7747862339019775,4.210423946380615,,,,,,
8789940000.0,184.31,7.5,6391222784.0,2406.109770420647,3949.0,0.0482177734375,64716800.0,135751.9647216797,0.0013458707835525274,0.0057373046875,2.121823310852051,-0.020734291523694992,0.49985140562057495,-0.021218232810497284,0.0004839387256652117,0.0,-0.03837284818291664,0.9971734881401062,0.7694046988105613,5.953032493591309,1.8016259670257568,5.91465950012207,2.0765652656555176,6.809331893920898,4.173432350158691,,,,,,
8789940000.0,174.35,7.800000190734863,6391222784.0,2405.294457990663,3950.0,0.0445556640625,64733184.0,135758.77636170387,0.0010393747361376882,0.00384521484375,2.1283493041992188,-0.021657615900039673,0.43264469504356384,-0.02128349244594574,-0.000374125549569726,0.0,-0.01849457062780857,0.933379590511322,0.7854147844720784,5.8684539794921875,1.8027534484863281,5.849958896636963,2.014920949935913,6.811640024185181,4.193222284317017,,,,,,
8789940000.0,169.79,7.800000190734863,6391222784.0,2396.5564909319187,3951.0,0.0457763671875,64749568.0,135765.6128373146,0.0008397263591177762,0.00421142578125,2.139580726623535,-0.021171433851122856,0.3987838923931122,-0.021395806223154068,0.00022437283769249916,0.0,-0.021971117705106735,0.8904648423194885,0.8231683331116093,6.027517318725586,1.8924998044967651,6.0055460929870605,2.1175663471221924,6.836475610733032,4.198545217514038,,,,,,
8789940000.0,139.63,8.600000381469727,6391222784.0,2391.882627003252,3952.0,0.050048828125,64765952.0,135772.46267175674,0.0006215168396010995,0.00225830078125,2.1636695861816406,-0.021379439160227776,0.36360466480255127,-0.02163669466972351,0.000257252249866724,0.0,0.03639107942581177,0.8522661924362183,0.8028110554493844,5.922502040863037,1.7276824712753296,5.958893299102783,1.9192607402801514,6.849834442138672,4.190928220748901,,,,,,
8789940000.0,209.17,7.900000095367432,6391222784.0,2423.4134248181217,3953.0,0.047607421875,64782336.0,135779.22338366508,0.0008863864350132644,0.00311279296875,2.1438164710998535,-0.021228255704045296,0.42548397183418274,-0.02143816277384758,0.00020990357734262943,0.0,0.026689689606428146,0.9215165376663208,0.8044990787579975,6.083431243896484,1.8707195520401,6.11012077331543,2.0841476917266846,6.760711908340454,4.181414842605591,,,,,,
8789940000.0,125.03,8.199999809265137,6391222784.0,2400.8161976392657,3954.0,0.0579833984375,64798720.0,135786.0477294922,0.0058226436376571655,0.0626220703125,2.155911684036255,-0.018492870032787323,0.4676138758659363,-0.02155911736190319,0.003066249191761017,0.0,0.005432336591184139,0.9678224325180054,0.7891312062960791,6.141129493713379,1.9112110137939453,6.146561622619629,2.1076061725616455,6.824345827102661,4.1917102336883545,,,,,,
8789940000.0,173.5,7.800000190734863,6391222784.0,2420.002896700728,3955.0,0.0628662109375,64815104.0,135792.8179693222,0.00857439637184143,0.08489990234375,2.0829250812530518,-0.018521394580602646,0.5389750003814697,-0.020829251036047935,0.0023078564554452896,0.0,0.022082224488258362,1.0377212762832642,0.7847546306397062,6.3782877922058105,1.9433848857879639,6.400370121002197,2.236731767654419,6.77023983001709,4.175549507141113,,,,,,
8789940000.0,114.03,8.199999809265137,6391222784.0,2390.0533768508144,3956.0,0.0775146484375,64831488.0,135799.67304635048,0.0010989571455866098,0.00677490234375,2.0648772716522217,-0.020215637981891632,0.5028156042098999,-0.02064877189695835,0.00043313298374414444,0.0,-0.002688812091946602,1.004236102104187,0.7994695367966761,6.5953288078308105,2.0190067291259766,6.592639923095703,2.242568254470825,6.855077028274536,4.196205139160156,,,,,,
8789940000.0,137.06,8.300000190734863,6391222784.0,2346.8626877478832,3957.0,0.0543212890625,64847872.0,135806.6542813778,0.0007618200033903122,0.00250244140625,2.056408405303955,-0.02089329995214939,0.5276991724967957,-0.020564084872603416,-0.0003292188048362732,0.0,0.03638758510351181,1.0293656587600708,0.7390790443105855,6.354196548461914,1.8345708847045898,6.3905839920043945,2.015185832977295,6.981235027313232,4.199909687042236,,,,,,
8789940000.0,126.27,7.199999809265137,6391222784.0,2424.2059205048427,3958.0,0.0494384765625,64864256.0,135813.4127831459,0.0011986183235421777,0.00823974609375,2.057748794555664,-0.02016342245042324,0.5414609313011169,-0.020577486604452133,0.0004140683449804783,0.0,-0.08830749243497849,1.0375580787658691,0.738222029394083,6.090038299560547,1.7832661867141724,6.001730918884277,2.0278961658477783,6.758501768112183,4.187393426895142,,,,,,
8789940000.0,115.68,8.5,6391222784.0,2416.8625395095146,3959.0,0.0830078125,64880640.0,135820.19181990623,0.000984269194304943,0.00555419921875,2.0090866088867188,-0.020454656332731247,0.5444521903991699,-0.020090864971280098,-0.00036378949880599976,0.0,0.10534423589706421,1.0397545099258423,0.7931225156865512,6.374919891357422,2.0104851722717285,6.480264663696289,2.285989999771118,6.7790367603302,4.191591262817383,,,,,,
8789940000.0,120.76,8.199999809265137,6391222784.0,2380.8460700271335,3960.0,0.067138671875,64897024.0,135827.07340717316,0.0008216714486479759,0.004638671875,2.0386972427368164,-0.020354950800538063,0.4989956021308899,-0.020386971533298492,3.2022129744291306e-05,0.0,0.018574591726064682,0.992328405380249,0.8101981556636951,6.3572187423706055,2.0242252349853516,6.37579345703125,2.277745485305786,6.881587266921997,4.19388747215271,,,,,,
8789940000.0,132.23,8.600000381469727,6391222784.0,2396.259906911986,3961.0,0.0653076171875,64913408.0,135833.91072893143,0.0010165439452975988,0.0057373046875,2.042099952697754,-0.01985233463346958,0.4295646846294403,-0.020420998334884644,0.0005686618387699127,0.0,0.04739654064178467,0.927550196647644,0.8109266675416629,6.480219841003418,1.9557713270187378,6.527616500854492,2.13315486907959,6.837321758270264,4.185245037078857,,,,,,
8789940000.0,111.71,8.399999618530273,6391222784.0,2386.486961163206,3962.0,0.0640869140625,64929792.0,135840.7760503292,0.0008434856426902115,0.00469970703125,2.0504822731018066,-0.020053181797266006,0.498624324798584,-0.020504824817180634,0.0004516374319791794,0.0,0.01297830231487751,0.996349573135376,0.7818854202056037,6.435308933258057,1.900665044784546,6.448287010192871,2.133385181427002,6.865321397781372,4.199018955230713,,,,,,
8789940000.0,144.38,8.800000190734863,6391222784.0,2352.354139616841,3963.0,0.0726318359375,64946176.0,135847.74098801613,0.0013327066553756595,0.00811767578125,2.0645787715911865,-0.021026134490966797,0.44539564847946167,-0.020645786076784134,-0.00038034655153751373,0.0,0.07604651898145676,0.9424540996551514,0.7994190867622303,6.590987205505371,1.9366486072540283,6.667033672332764,2.104337692260742,6.964937686920166,4.3459742069244385,,,,,,
8789940000.0,128.36,8.699999809265137,6391222784.0,2455.9618153641595,3964.0,0.067138671875,64962560.0,135854.4121015072,0.0009688739664852619,0.00347900390625,2.0391528606414795,-0.019452210515737534,0.4668124318122864,-0.02039152756333351,0.0009393179789185524,0.0,0.07151540368795395,0.9676671028137207,0.7808316649162512,6.602940559387207,1.9329438209533691,6.6744561195373535,2.066983938217163,6.67111349105835,4.192969799041748,,,,,,
8789940000.0,132.81,8.0,6391222784.0,2443.6518897499222,3965.0,0.05859375,64978944.0,135861.11682081223,0.0008472728659398854,0.00323486328125,2.071897506713867,-0.019866202026605606,0.5451164245605469,-0.020718973129987717,0.0008527692407369614,0.0,-0.034797362983226776,1.0426021814346313,0.7426169170816959,6.484980583190918,1.816827654838562,6.450182914733887,2.0550787448883057,6.704719305038452,4.1987528800964355,,,,,,
8789940000.0,109.31,8.100000381469727,6391222784.0,2429.745170261305,3966.0,0.0689697265625,64995328.0,135867.85991477966,0.0011552129872143269,0.00787353515625,2.0743796825408936,-0.020318469032645226,0.5260323882102966,-0.020743796601891518,0.00042532850056886673,0.0,-0.03076818585395813,1.025269865989685,0.7753384707129081,6.556649208068848,1.8726178407669067,6.525880813598633,2.1630852222442627,6.743093967437744,4.193302392959595,,,,,,
8789940000.0,120.48,8.399999618530273,6391222784.0,2415.0718760313644,3967.0,0.069580078125,65011712.0,135874.64397788048,0.0014318586327135563,0.008056640625,2.088538885116577,-0.02077358216047287,0.46681368350982666,-0.020885391160845757,0.00011180713772773743,0.0,0.016997721046209335,0.9664233326911926,0.7784460839358385,6.455389022827148,1.8264434337615967,6.472387313842773,2.05318284034729,6.784063100814819,4.201687574386597,,,,,,
,,,,,,,,,,,,,,,,,,,,,,,,,,0.023012857884168625,0.4949262738227844,0.4587940275669098,0.023012857884168625,0.4949262738227844,0.4587940275669098
,,,,,,,,,,,,,,,,,,,,,,,,,,0.02044987864792347,0.448457807302475,0.4290293753147125,0.02044987864792347,0.448457807302475,0.4290293753147125
,,,,,,,,,,,,,,,,,,,,,,,,,,0.019130753353238106,0.42527955770492554,0.40834200382232666,0.019130753353238106,0.42527955770492554,0.40834200382232666
,,,,,,,,,,,,,,,,,,,,,,,,,,0.018904386088252068,0.40739119052886963,0.39316800236701965,0.018904386088252068,0.40739119052886963,0.39316800236701965
,,,,,,,,,,,,,,,,,,,,,,,,,,0.01877785101532936,0.38975629210472107,0.37575456500053406,0.01877785101532936,0.38975629210472107,0.37575456500053406
,,,,,,,,,,,,,,,,,,,,,,,,,,0.018949134275317192,0.3779917061328888,0.36533409357070923,0.018949134275317192,0.3779917061328888,0.36533409357070923
8789940000.0,133.57,7.699999809265137,6188634112.0,18.59789367972937,3968.0,0.06591796875,65028096.0,136755.60395550728,0.0007427042000927031,0.00347900390625,2.0651755332946777,-0.020150678232312202,0.6228606700897217,-0.02065175399184227,0.0005010729655623436,0.0,0.03770489990711212,1.1156373023986816,0.7605015267700157,6.432487487792969,1.9865777492523193,6.470192909240723,2.2796690464019775,880.9599776268005,4.32379150390625,,,,,,
8789940000.0,114.75,7.800000190734863,6391222784.0,2427.164698471408,3969.0,0.072021484375,65044480.0,136762.35421848297,0.0008086377056315541,0.00262451171875,2.0714187622070312,-0.020361892879009247,0.6104071140289307,-0.020714186131954193,0.00035229488275945187,0.0,-0.025070920586586,1.108025074005127,0.7518651571248466,6.442189693450928,1.9747449159622192,6.417119026184082,2.224362850189209,6.750262975692749,4.184626579284668,,,,,,
8789940000.0,125.13,7.199999809265137,6391222784.0,2388.752419916396,3970.0,0.059814453125,65060864.0,136769.21302890778,0.000530146760866046,0.0013427734375,2.076042652130127,-0.02035762369632721,0.6129807829856873,-0.020760428160429,0.0004028044641017914,0.0,-0.03547356277704239,1.1106282472610474,0.7407450752398338,6.243624687194824,1.8796716928482056,6.208151340484619,2.181248426437378,6.8588104248046875,4.192846059799194,,,,,,
8789940000.0,119.99,8.600000381469727,6391222784.0,2372.032882038445,3971.0,0.072021484375,65077248.0,136776.12018442154,0.0009076098212972283,0.00421142578125,2.0529589653015137,-0.02089061215519905,0.5007151365280151,-0.02052958868443966,-0.00036102370359003544,0.0,0.11818721890449524,0.9979215860366821,0.7725169624115829,6.395871162414551,1.8791251182556152,6.5140581130981445,2.0922889709472656,6.907155513763428,4.202446460723877,,,,,,
8789940000.0,131.09,8.5,6391222784.0,2345.488064593431,3972.0,0.067138671875,65093632.0,136783.1055109501,0.001963903196156025,0.01806640625,2.0548577308654785,-0.02049187384545803,0.5334386825561523,-0.02054857648909092,5.670543760061264e-05,0.0,0.02291177585721016,1.0335155725479126,0.7599106783286551,6.453012466430664,1.9015777111053467,6.475924491882324,2.1092634201049805,6.985326528549194,4.187804460525513,,,,,,
8789940000.0,122.18,8.600000381469727,6391222784.0,2411.5160995016245,3973.0,0.08056640625,65110016.0,136789.8995771408,0.000679811229929328,0.0018310546875,2.0387067794799805,-0.020101096481084824,0.5326632261276245,-0.0203870702534914,0.0002859709784388542,0.0,0.025308478623628616,1.0346707105636597,0.7879155178275054,6.679495811462402,2.0315957069396973,6.704804420471191,2.246713399887085,6.7940661907196045,4.202064752578735,,,,,,
8789940000.0,113.38,8.100000381469727,6391222784.0,2409.320211226627,3974.0,0.069580078125,65126400.0,136796.69983553886,0.0008369492716155946,0.004150390625,2.0646724700927734,-0.02136928029358387,0.5556187033653259,-0.020646726712584496,-0.0007225540466606617,0.0,-0.027035504579544067,1.053849220275879,0.7658752209010451,6.386334419250488,1.9510451555252075,6.359299182891846,2.1779842376708984,6.80025839805603,4.195340156555176,,,,,,
8789940000.0,134.87,8.199999809265137,6391222784.0,2397.8911494985205,3975.0,0.0567626953125,65142784.0,136803.53250598907,0.0010119101498275995,0.00518798828125,2.0889573097229004,-0.02062166854739189,0.4932129979133606,-0.02088957093656063,0.0002679070457816124,0.0,-0.009784744121134281,0.9907051920890808,0.7819032971196674,6.298499584197998,1.8774006366729736,6.28871488571167,2.121387481689453,6.832670450210571,4.185222148895264,,,,,,
8789940000.0,109.53,8.199999809265137,6391222784.0,2379.360426232842,3976.0,0.0665283203125,65159168.0,136810.41839003563,0.0006243749521672726,0.00341796875,2.06892728805542,-0.020480146631598473,0.508013904094696,-0.02068927325308323,0.0002091284841299057,0.0,-0.0015322323888540268,1.0056359767913818,0.7729369465048402,6.2085862159729,1.8636589050292969,6.207054138183594,2.1104135513305664,6.885884046554565,4.172828912734985,,,,,,
8789940000.0,128.4,8.399999618530273,6391222784.0,2427.711075170131,3977.0,0.0732421875,65175552.0,136817.16713380814,0.0006804173463024199,0.00286865234375,2.049755573272705,-0.020667053759098053,0.5683748126029968,-0.020497554913163185,-0.00016949651762843132,0.0,0.021884821355342865,1.0654287338256836,0.7621276302449645,6.527192115783691,1.9185034036636353,6.549077033996582,2.1845016479492188,6.748743772506714,4.19133996963501,,,,,,
8789940000.0,108.01,8.0,6391222784.0,2411.936506902501,3978.0,0.0714111328125,65191936.0,136823.96001577377,0.0009347746381536126,0.0048828125,2.0319206714630127,-0.019979529082775116,0.6143205165863037,-0.02031920664012432,0.000339677557349205,0.0,-0.02810942381620407,1.104007601737976,0.7391825127234892,6.589480876922607,1.8699613809585571,6.561371326446533,2.16174054145813,6.792881965637207,4.197514295578003,,,,,,
8789940000.0,114.82,8.800000190734863,6391222784.0,2434.0454978705834,3979.0,0.0726318359375,65208320.0,136830.69119644165,0.0007517589838244021,0.00323486328125,2.033888816833496,-0.01999644935131073,0.443158894777298,-0.020338887348771095,0.0003424379974603653,0.0,0.09977171570062637,0.9399957060813904,0.793210968143414,6.6214823722839355,1.8769736289978027,6.721254348754883,2.067103385925293,6.731180667877197,4.177453517913818,,,,,,
8789940000.0,116.1,8.300000190734863,6391222784.0,2373.65654786538,3980.0,0.069580078125,65224704.0,136837.59362721443,0.0009383197175338864,0.00433349609375,2.043511390686035,-0.02035587839782238,0.570277750492096,-0.020435113459825516,7.92334321886301e-05,0.0,-0.0228680819272995,1.0687066316604614,0.7519315141671098,6.575118064880371,1.8776862621307373,6.552249908447266,2.1457173824310303,6.902430772781372,4.192126989364624,,,,,,
8789940000.0,134.42,8.5,6391222784.0,2430.9000000353744,3981.0,0.0579833984375,65241088.0,136844.33351778984,0.000725730846170336,0.00341796875,2.058657169342041,-0.020990291610360146,0.4414054751396179,-0.020586570724844933,-0.000403720885515213,0.0,0.03175316005945206,0.9444167613983154,0.7826245574365546,6.299459457397461,1.8172920942306519,6.331212043762207,2.0256221294403076,6.7398905754089355,4.17206335067749,,,,,,
8789940000.0,124.81,7.699999809265137,6391222784.0,2444.868689094618,3982.0,0.0531005859375,65257472.0,136851.03490018845,0.0004891986027359962,0.0018310546875,2.089888572692871,-0.021213002502918243,0.5156139731407166,-0.020898887887597084,-0.000314115546643734,0.0,-0.051956724375486374,1.0136895179748535,0.7684422103753432,6.226358413696289,1.8634028434753418,6.17440128326416,2.106567144393921,6.701382398605347,4.196373224258423,,,,,,
8789940000.0,186.47,8.100000381469727,6391222784.0,2454.080954361925,3983.0,0.052490234375,65273856.0,136857.71112656593,0.0011364114470779896,0.0067138671875,2.1012563705444336,-0.02062087692320347,0.483268141746521,-0.02101256139576435,0.00039168447256088257,0.0,0.03737091273069382,0.9822521805763245,0.7725546656190949,6.151763916015625,1.814673900604248,6.18913459777832,2.0596070289611816,6.676226377487183,4.183690786361694,,,,,,
8789940000.0,142.87,8.199999809265137,6391222784.0,2415.9943112604155,3984.0,0.05126953125,65290240.0,136864.4925994873,0.0015138445887714624,0.01141357421875,2.1444098949432373,-0.020889703184366226,0.42515960335731506,-0.02144409902393818,0.0005543958395719528,0.0,-0.04573081433773041,0.9132051467895508,0.790553811962887,6.317834854125977,1.7983912229537964,6.272104263305664,1.995410442352295,6.78147292137146,4.23123836517334,,,,,,
8789940000.0,168.94,7.699999809265137,6391222784.0,2386.85532701921,3985.0,0.054931640625,65306624.0,136871.35686135292,0.0007688808254897594,0.0035400390625,2.120327949523926,-0.02088863216340542,0.5893675088882446,-0.021203279495239258,0.0003146450035274029,0.0,-0.027691926807165146,1.0850024223327637,0.7457794797245174,6.436591148376465,1.8747873306274414,6.408899307250977,2.151916980743408,6.864261865615845,4.231541156768799,,,,,,
8789940000.0,143.7,8.199999809265137,6391222784.0,2348.8938046497105,3986.0,0.0555419921875,65323008.0,136878.3320596218,0.0005563075537793338,0.0025634765625,2.1153457164764404,-0.02086704410612583,0.4696120619773865,-0.02115345560014248,0.00028640846721827984,0.0,0.019207069650292397,0.9681069254875183,0.7696434328363866,6.278498649597168,1.8129935264587402,6.29770565032959,2.0170791149139404,6.975198268890381,4.393373012542725,,,,,,
8789940000.0,114.89,8.600000381469727,6391222784.0,2440.3152212411883,3987.0,0.0592041015625,65339392.0,136885.04594635963,0.0008324795635417104,0.00518798828125,2.124545097351074,-0.021169714629650116,0.48649707436561584,-0.021245451644062996,7.573515176773071e-05,0.0,0.0052534048445522785,0.9854835271835327,0.7714841084644406,6.290822982788086,1.8471143245697021,6.296076774597168,2.061537027359009,6.713886737823486,4.2029032707214355,,,,,,
8789940000.0,147.53,8.300000190734863,6391222784.0,2443.087631788908,3988.0,0.054931640625,65355776.0,136891.75221419334,0.0009321350371465087,0.0047607421875,2.1476707458496094,-0.02200200967490673,0.41979169845581055,-0.021476706489920616,-0.0005253027193248272,0.0,-0.01184123381972313,0.9138952493667603,0.7905721409116884,6.326019287109375,1.7658528089523315,6.314178466796875,1.9970066547393799,6.706267833709717,4.197624444961548,,,,,,
8789940000.0,138.26,7.699999809265137,6391222784.0,2430.2573852431115,3989.0,0.05615234375,65372160.0,136898.49388694763,0.001558353891596198,0.010986328125,2.0887365341186523,-0.01864914782345295,0.5627675652503967,-0.02088736556470394,0.00223821634426713,0.0,-0.054056745022535324,1.0616508722305298,0.7228790459171135,6.294423580169678,1.7341455221176147,6.2403669357299805,2.016726493835449,6.74167275428772,4.1845338344573975,,,,,,
8789940000.0,118.06,8.5,6391222784.0,2385.968010286128,3990.0,0.07080078125,65388544.0,136905.36070156097,0.000777257839217782,0.00390625,2.080914258956909,-0.020326999947428703,0.4186099171638489,-0.020809143781661987,0.0004821447655558586,0.0,0.02340158075094223,0.9156025648117065,0.8236082146079542,6.378700256347656,1.914246678352356,6.402101516723633,2.180056095123291,6.866814613342285,4.229962348937988,,,,,,
8789940000.0,155.78,8.600000381469727,6391222784.0,2420.7957213307545,3991.0,0.0677490234375,65404928.0,136912.1287240982,0.0007299029966816306,0.0030517578125,2.0371084213256836,-0.020160824060440063,0.5290273427963257,-0.0203710850328207,0.00021025445312261581,0.0,0.06170645356178284,1.0284969806671143,0.7464129609961799,6.356006622314453,1.8075177669525146,6.417712688446045,2.0423929691314697,6.768022537231445,4.195599794387817,,,,,,
8789940000.0,106.52,7.800000190734863,6391222784.0,2383.137768641268,3992.0,0.0714111328125,65421312.0,136919.00369381905,0.0010160019155591726,0.00762939453125,2.004783868789673,-0.020076405256986618,0.6095457077026367,-0.020047837868332863,-2.8568319976329803e-05,0.0,0.012694435194134712,1.1042917966842651,0.7536330296730662,6.492160320281982,1.950448989868164,6.504855155944824,2.2248098850250244,6.874969720840454,4.232368469238281,,,,,,
8789940000.0,124.05,7.900000095367432,6391222784.0,2362.147816993748,3993.0,0.067138671875,65437696.0,136925.93975424767,0.00085180823225528,0.00555419921875,2.005183219909668,-0.019820570945739746,0.5324162244796753,-0.020051831379532814,0.0002312585711479187,0.0,-0.036750428378582,1.0292032957077026,0.7626907670850117,6.472640037536621,1.8699244260787964,6.435889720916748,2.112729072570801,6.936060428619385,4.255247116088867,,,,,,
8789940000.0,97.98,8.199999809265137,6391222784.0,2335.338812970731,3994.0,0.0592041015625,65454080.0,136932.9554386139,0.0008437123615294695,0.00390625,2.0512173175811768,-0.020153522491455078,0.47329747676849365,-0.0205121710896492,0.0003586506936699152,0.0,-0.0038935726042836905,0.9716120362281799,0.7730320427727561,6.202406883239746,1.8288885354995728,6.198513031005859,2.0394370555877686,7.015684366226196,4.196406602859497,,,,,,
8789940000.0,129.75,8.199999809265137,6391222784.0,2360.325968444276,3995.0,0.0628662109375,65470464.0,136939.8968527317,0.0007431242847815156,0.004150390625,2.0473196506500244,-0.01997324824333191,0.4851309061050415,-0.020473195239901543,0.0004999451339244843,0.0,-0.006026585586369038,0.9831948280334473,0.7651791252205173,6.267431259155273,1.7619141340255737,6.261404514312744,2.028949499130249,6.94141411781311,4.1941797733306885,,,,,,
8789940000.0,148.62,8.199999809265137,6391222784.0,2381.6883899535655,3996.0,0.059814453125,65486848.0,136946.77600622177,0.0014434743206948042,0.01025390625,2.0487329959869385,-0.020543502643704414,0.4643220603466034,-0.020487327128648758,-5.617516580969095e-05,0.0,0.009267421439290047,0.9613500833511353,0.7781523034011926,6.180517196655273,1.7976323366165161,6.189784526824951,2.04105281829834,6.879153490066528,4.199305295944214,,,,,,
8789940000.0,154.28,8.100000381469727,6391222784.0,2343.6511291849642,3997.0,0.078125,65503232.0,136953.76680779457,0.0011118357069790363,0.00732421875,1.9964189529418945,-0.019531797617673874,0.6149490475654602,-0.01996418833732605,0.00043239258229732513,0.0,0.03184188902378082,1.1115700006484985,0.7557437699929703,6.567419052124023,1.9570724964141846,6.599261283874512,2.249128818511963,6.990801572799683,4.18312931060791,,,,,,
8789940000.0,76.92,8.300000190734863,6391222784.0,2347.424262488302,3998.0,0.081787109375,65519616.0,136960.74637269974,0.0007652482599951327,0.00250244140625,2.0045692920684814,-0.019667277112603188,0.51823890209198,-0.0200456902384758,0.00037841498851776123,0.0,0.047448862344026566,1.0171177387237549,0.7935736413780953,6.541654586791992,1.9579496383666992,6.5891032218933105,2.2386631965637207,6.979564905166626,4.330242156982422,,,,,,
8789940000.0,123.95,8.0,6391222784.0,2420.365315083809,3999.0,0.06591796875,65536000.0,136967.51559877396,0.0011904672719538212,0.00885009765625,1.9730802774429321,-0.02006080001592636,0.6276021599769592,-0.01973080262541771,-0.0003299969248473644,0.0,0.016637932509183884,1.1191741228103638,0.7245604805186664,6.637106895446777,1.862791657447815,6.653744697570801,2.132478952407837,6.76922607421875,4.2148754596710205,,,,,,
,,,,,,,,,,,,,,,,,,,,,,,,,,0.02164294943213463,0.5537235140800476,0.5109285712242126,0.02164294943213463,0.5537235140800476,0.5109285712242126
,,,,,,,,,,,,,,,,,,,,,,,,,,0.020534023642539978,0.503467857837677,0.47686344385147095,0.020534023642539978,0.503467857837677,0.47686344385147095
,,,,,,,,,,,,,,,,,,,,,,,,,,0.02018994837999344,0.47432374954223633,0.4514864385128021,0.02018994837999344,0.47432374954223633,0.4514864385128021
,,,,,,,,,,,,,,,,,,,,,,,,,,0.019906625151634216,0.4570147693157196,0.4358466863632202,0.019906625151634216,0.4570147693157196,0.4358466863632202
,,,,,,,,,,,,,,,,,,,,,,,,,,0.019670287147164345,0.4354277551174164,0.4178658127784729,0.019670287147164345,0.4354277551174164,0.4178658127784729
,,,,,,,,,,,,,,,,,,,,,,,,,,0.02002825401723385,0.42351529002189636,0.40841248631477356,0.02002825401723385,0.42351529002189636,0.40841248631477356
8789940000.0,86.78,8.5,6188634112.0,18.630850612289933,4000.0,0.09521484375,65552384.0,137846.91720747948,0.00044842460192739964,0.00079345703125,1.9900002479553223,-0.019872456789016724,0.6472179293632507,-0.01990000158548355,2.7546659111976624e-05,0.0,0.1058623269200325,1.136777639389038,0.7556110742872397,6.761291027069092,2.0143918991088867,6.867153167724609,2.299506425857544,879.4016087055206,4.275851249694824,,,,,,
8789940000.0,90.4,8.100000381469727,6391222784.0,2427.1094056856673,4001.0,0.08544921875,65568768.0,137853.66762423515,0.0007772373501211405,0.00482177734375,1.9868872165679932,-0.019435912370681763,0.724677324295044,-0.019868871197104454,0.0004329574294388294,0.0,0.02257852628827095,1.2002674341201782,0.7174880726962392,6.851441383361816,1.9772334098815918,6.874020576477051,2.258185863494873,6.7504167556762695,4.182318687438965,,,,,,
8789940000.0,91.43,8.0,6391222784.0,2399.010112295614,4002.0,0.0860595703125,65585152.0,137860.49710774422,0.0004819300083909184,0.00177001953125,1.9576940536499023,-0.018894663080573082,0.7548412084579468,-0.019576940685510635,0.000682278536260128,0.0,0.02659127674996853,1.2282896041870117,0.696136172639095,6.819232940673828,1.9491853713989258,6.845824241638184,2.2282371520996094,6.829483509063721,4.165103912353516,,,,,,
8789940000.0,89.23,8.600000381469727,6391222784.0,2427.590751713157,4003.0,0.0860595703125,65601536.0,137867.246186018,0.0008889471646398306,0.0037841796875,1.9745208024978638,-0.01972835138440132,0.6050167083740234,-0.019745206460356712,1.685507595539093e-05,0.0,0.06953300535678864,1.1019845008850098,0.7581148398251409,6.873448371887207,1.964533805847168,6.942981719970703,2.240633964538574,6.749078273773193,4.189925193786621,,,,,,
8789940000.0,115.65,8.399999618530273,6391222784.0,2423.878087597829,4004.0,0.0958251953125,65617920.0,137874.00560188293,0.0005580116994678974,0.00213623046875,1.99358069896698,-0.019841814413666725,0.6907631754875183,-0.019935807213187218,9.399373084306717e-05,0.0,0.01596057042479515,1.177435040473938,0.7215720836685204,7.141325950622559,1.9258219003677368,7.157286643981934,2.2314159870147705,6.759415864944458,4.188390493392944,,,,,,
8789940000.0,84.93,7.900000095367432,6391222784.0,2414.168718514918,4005.0,0.0811767578125,65634304.0,137880.79220294952,0.000566502392757684,0.001708984375,2.012132167816162,-0.020249690860509872,0.7877367734909058,-0.020121322944760323,-0.00012836884707212448,0.0,-0.014527054503560066,1.2558856010437012,0.6649121988804523,7.052028656005859,1.9408652782440186,7.037501335144043,2.169555425643921,6.7866010665893555,4.189540386199951,,,,,,
8789940000.0,77.57,8.699999809265137,6391222784.0,2417.5045525911505,4006.0,0.098876953125,65650688.0,137887.56943941116,0.0005249997484497726,0.00238037109375,2.0260684490203857,-0.020085357129573822,0.5078359246253967,-0.020260682329535484,0.0001753251999616623,0.0,0.05367019772529602,1.0068105459213257,0.7813219502907924,7.085737228393555,1.9102351665496826,7.139407157897949,2.153005599975586,6.777236461639404,4.2122533321380615,,,,,,
8789940000.0,94.23,7.900000095367432,6391222784.0,2399.149563989999,4007.0,0.072021484375,65667072.0,137894.3985259533,0.000637391465716064,0.00311279296875,2.0301766395568848,-0.019645866006612778,0.7163717150688171,-0.020301762968301773,0.00065589789301157,0.0,-0.02855737879872322,1.195953130722046,0.6910644754622903,6.765021800994873,1.8334579467773438,6.736464500427246,2.1516940593719482,6.829086542129517,4.180249929428101,,,,,,
8789940000.0,109.64,8.600000381469727,6391222784.0,2417.8154363139856,4008.0,0.0970458984375,65683456.0,137901.17489099503,0.0005355769535526633,0.00225830078125,1.9954371452331543,-0.020341679453849792,0.6478880643844604,-0.019954370334744453,-0.00038730481173843145,0.0,0.05301080644130707,1.134934902191162,0.7285748209264207,7.038283348083496,1.8539687395095825,7.091293811798096,2.1784415245056152,6.776365041732788,4.212218523025513,,,,,,
8789940000.0,84.56,8.300000190734863,6391222784.0,2441.6477188576155,4009.0,0.086669921875,65699840.0,137907.88511371613,0.000899757316801697,0.00579833984375,1.9927092790603638,-0.01970951445400715,0.6726090908050537,-0.019927091896533966,0.0002175760455429554,0.0,0.010456398129463196,1.159350037574768,0.699677443368588,7.139193534851074,1.8062684535980225,7.1496500968933105,2.11553692817688,6.7102227210998535,4.169466495513916,,,,,,
8789940000.0,81.18,8.199999809265137,6391222784.0,2373.999721695469,4010.0,0.0811767578125,65716224.0,137914.78654670715,0.0006285915733315051,0.0029296875,2.055093765258789,-0.020602824166417122,0.6039913296699524,-0.020550938323140144,-5.188933573663235e-05,0.0,-0.0332636684179306,1.1001111268997192,0.7412375413309978,6.850695610046387,1.8559247255325317,6.817431926727295,2.1626484394073486,6.901432991027832,4.201744318008423,,,,,,
8789940000.0,96.93,8.100000381469727,6391222784.0,2387.9500708919386,4011.0,0.07080078125,65732608.0,137921.64766168594,0.0012669921852648258,0.0089111328125,2.050884246826172,-0.020020756870508194,0.5148794651031494,-0.020508842542767525,0.00048808660358190536,0.0,-0.029688570648431778,1.014561653137207,0.7742964913416446,6.737677097320557,1.8438196182250977,6.707988262176514,2.135547399520874,6.861114978790283,4.191842555999756,,,,,,
8789940000.0,96.97,8.100000381469727,6391222784.0,2447.930732436996,4012.0,0.072021484375,65748992.0,137928.34066152573,0.0007315226248465478,0.00238037109375,2.074605703353882,-0.020661501213908195,0.5454049706459045,-0.020746055990457535,8.455710485577583e-05,0.0,-0.029294747859239578,1.0411301851272583,0.7593882405557699,6.6631011962890625,1.8736575841903687,6.6338067054748535,2.12249493598938,6.692999839782715,4.184791326522827,,,,,,
8789940000.0,145.37,7.900000095367432,6391222784.0,2434.851520263136,4013.0,0.0726318359375,65765376.0,137935.06961393356,0.0012367642484605312,0.007080078125,2.0755934715270996,-0.02101067267358303,0.4623958468437195,-0.020755933597683907,-0.000254735816270113,0.0,-0.056404221802949905,0.9622839689254761,0.8094323484639498,6.532604217529297,1.9206359386444092,6.476200103759766,2.2043395042419434,6.728952407836914,4.1954123973846436,,,,,,
8789940000.0,131.53,8.5,6391222784.0,2458.5182433495806,4014.0,0.062255859375,65781760.0,137941.73379063606,0.0011593354865908623,0.0087890625,2.0480785369873047,-0.020045896992087364,0.5042046904563904,-0.02048078551888466,0.00043488945811986923,0.0,0.02900894172489643,0.9989686012268066,0.7418662466068928,6.58524227142334,1.7642004489898682,6.614251136779785,1.9662082195281982,6.66417670249939,4.194557428359985,,,,,,
8789940000.0,116.88,8.5,6391222784.0,2406.4864947698966,4015.0,0.06103515625,65798144.0,137948.54205656052,0.0009884932078421116,0.00531005859375,2.070721387863159,-0.020712554454803467,0.41028285026550293,-0.02070721425116062,-5.338340997695923e-06,0.0,-0.0004480704665184021,0.9035871624946594,0.7876995305826507,6.48845100402832,1.737579584121704,6.488003253936768,1.9610780477523804,6.808265924453735,4.281590938568115,,,,,,
8789940000.0,128.46,8.100000381469727,6391222784.0,2427.112834622364,4016.0,0.05859375,65814528.0,137955.29246377945,0.0010328281205147505,0.00421142578125,2.078634262084961,-0.02130088396370411,0.48751410841941833,-0.020786341279745102,-0.0005145398899912834,0.0,-0.03395221009850502,0.9866058230400085,0.76123065681323,6.442691802978516,1.7626639604568481,6.40873908996582,2.0190834999084473,6.7504072189331055,4.174494981765747,,,,,,
8789940000.0,151.32,7.800000190734863,6391222784.0,2316.9602388456246,4017.0,0.0555419921875,65830912.0,137962.36379790306,0.0009491296950727701,0.00372314453125,2.073439598083496,-0.02068946324288845,0.4795549809932709,-0.0207343939691782,4.49309591203928e-05,0.0,-0.05552368983626366,0.9773005247116089,0.7522161341836809,6.341062545776367,1.7166224718093872,6.285538673400879,1.9633218050003052,7.07133412361145,4.21000862121582,,,,,,
8789940000.0,143.76,8.5,6391222784.0,2402.3810019997736,4018.0,0.0634765625,65847296.0,137969.18369865417,0.0006551742553710938,0.00238037109375,2.048548698425293,-0.020415127277374268,0.4251924157142639,-0.02048548497259617,7.035769522190094e-05,0.0,0.023328756913542747,0.9224591255187988,0.7888769196994752,6.394004821777344,1.7865160703659058,6.417333602905273,2.0076098442077637,6.819900751113892,4.190117597579956,,,,,,
8789940000.0,142.92,9.0,6391222784.0,2373.9657688940547,4019.0,0.0628662109375,65863680.0,137976.0852303505,0.0010389965027570724,0.00469970703125,2.054652690887451,-0.020941779017448425,0.40337640047073364,-0.020546525716781616,-0.00039525236934423447,0.0,0.06274206936359406,0.8965900540351868,0.7852880298003021,6.513436317443848,1.7340140342712402,6.576178073883057,1.934931993484497,6.90153169631958,4.185879468917847,,,,,,
8789940000.0,118.66,8.199999809265137,6391222784.0,2432.771405683864,4020.0,0.0640869140625,65880064.0,137982.81993627548,0.0012180623598396778,0.00927734375,2.061314344406128,-0.019504830241203308,0.492519348859787,-0.02061314322054386,0.001108313910663128,0.0,-0.006002121604979038,0.992099404335022,0.7721625659239613,6.591804504394531,1.8705660104751587,6.5858025550842285,2.0784647464752197,6.734705924987793,4.172849178314209,,,,,,
8789940000.0,113.63,8.699999809265137,6391222784.0,2399.6747681216284,4021.0,0.059814453125,65896448.0,137989.64752817154,0.0007156188366934657,0.003173828125,2.073120355606079,-0.02076917141675949,0.398185133934021,-0.020731203258037567,-3.796740202233195e-05,0.0,0.02884727343916893,0.8938310146331787,0.7959631050102953,6.5751447677612305,1.7778676748275757,6.603991508483887,1.9787966012954712,6.827591896057129,4.215674638748169,,,,,,
8789940000.0,135.94,8.199999809265137,6391222784.0,2409.406375039089,4022.0,0.0653076171875,65912832.0,137996.44754338264,0.0008833124884404242,0.002685546875,2.0722153186798096,-0.02103899046778679,0.47561338543891907,-0.020722152665257454,-0.00031683407723903656,0.0,-0.04673667252063751,0.9712589383125305,0.7709100496600263,6.625574111938477,1.7928273677825928,6.578836917877197,2.029232978820801,6.800015211105347,4.192317724227905,,,,,,
8789940000.0,113.7,8.5,6391222784.0,2401.8074345313757,4023.0,0.0701904296875,65929216.0,138003.26907277107,0.001609086524695158,0.01116943359375,2.045689344406128,-0.020038628950715065,0.5008501410484314,-0.020456893369555473,0.0004182634875178337,0.0,-0.027955826371908188,0.9989117383956909,0.763029476890581,6.696166038513184,1.7942194938659668,6.668210029602051,2.052011728286743,6.821529388427734,4.1996588706970215,,,,,,
8789940000.0,125.31,8.300000190734863,6391222784.0,2422.6513397783447,4024.0,0.0592041015625,65945600.0,138010.03191137314,0.001377508626319468,0.0081787109375,2.022273302078247,-0.019741440191864967,0.48671233654022217,-0.020222732797265053,0.00048129307106137276,0.0,-0.013084227219223976,0.9821279644966125,0.7549405276206138,6.5113525390625,1.747002363204956,6.4982686042785645,1.9839576482772827,6.76283860206604,4.21662449836731,,,,,,
8789940000.0,142.32,8.5,6391222784.0,2369.031718687338,4025.0,0.048828125,65961984.0,138016.94781708717,0.0006046658381819725,0.00274658203125,2.0457653999328613,-0.02059628814458847,0.34499385952949524,-0.02045765332877636,-0.00013863295316696167,0.0,-0.009613088332116604,0.8321130275726318,0.7834287993187485,6.253070831298828,1.5963563919067383,6.243457794189453,1.788061261177063,6.915905714035034,4.232095956802368,,,,,,
8789940000.0,173.5,8.100000381469727,6391222784.0,2309.529241158262,4026.0,0.0506591796875,65978368.0,138024.0419034958,0.0013553794706240296,0.0089111328125,2.045252799987793,-0.020876444876194,0.4252992272377014,-0.020452527329325676,-0.0004239175468683243,0.0,-0.025919221341609955,0.9231370091438293,0.7925388535601096,6.253113746643066,1.7936294078826904,6.227194309234619,2.0267386436462402,7.094086408615112,4.39923882484436,,,,,,
8789940000.0,138.61,8.699999809265137,6391222784.0,2446.3836423690245,4027.0,0.064697265625,65994752.0,138030.7391359806,0.0016413306584581733,0.0126953125,2.0015528202056885,-0.020114267244935036,0.4440508782863617,-0.020015528425574303,-9.873788803815842e-05,0.0,0.05738052353262901,0.9416418671607971,0.7826362974031698,6.538834571838379,1.8049324750900269,6.59621524810791,2.0197255611419678,6.697232484817505,4.198493480682373,,,,,,
8789940000.0,114.16,7.900000095367432,6391222784.0,2443.7441765847625,4028.0,0.087890625,66011136.0,138037.4436020851,0.0012144615175202489,0.0067138671875,1.9507743120193481,-0.019677087664604187,0.6054409742355347,-0.019507741555571556,-0.00016934052109718323,0.0,-0.019598837941884995,1.102347493171692,0.7601391200397473,6.937233924865723,1.948099136352539,6.917634963989258,2.250809669494629,6.704466104507446,4.217376708984375,,,,,,
8789940000.0,95.24,8.399999618530273,6391222784.0,2398.1790987189047,4029.0,0.0823974609375,66027520.0,138044.275452137,0.0007658664835616946,0.00323486328125,1.9870078563690186,-0.01961366832256317,0.5360383987426758,-0.019870080053806305,0.0002564098685979843,0.0,0.013675499707460403,1.033597469329834,0.7714259798383863,6.768740653991699,1.9001100063323975,6.782415866851807,2.161911725997925,6.831850051879883,4.2143025398254395,,,,,,
8789940000.0,106.39,8.399999618530273,6391222784.0,2404.1403564060265,4030.0,0.0927734375,66043904.0,138051.090362072,0.0009769083699211478,0.0062255859375,1.93696928024292,-0.019148431718349457,0.5608676671981812,-0.019369691610336304,0.00022126175463199615,0.0,0.020252427086234093,1.0547598600387573,0.7662466526673737,6.933765411376953,1.9080551862716675,6.954017639160156,2.181596040725708,6.814909934997559,4.227627277374268,,,,,,
8789940000.0,89.71,8.5,6391222784.0,2366.6881537780423,4031.0,0.078125,66060288.0,138058.0131161213,0.0010075443424284458,0.00738525390625,1.9317681789398193,-0.019346822053194046,0.5805696845054626,-0.019317680969834328,-2.9139220714569092e-05,0.0,0.025454064831137657,1.0773428678512573,0.7416563880010018,6.889968395233154,1.8654263019561768,6.915422439575195,2.1196048259735107,6.9227540493011475,4.363919496536255,,,,,,
,,,,,,,,,,,,,,,,,,,,,,,,,,0.021562863141298294,0.5735681653022766,0.5323972702026367,0.021562863141298294,0.5735681653022766,0.5323972702026367
,,,,,,,,,,,,,,,,,,,,,,,,,,0.018656285479664803,0.52444988489151,0.49966365098953247,0.018656285479664803,0.52444988489151,0.49966365098953247
,,,,,,,,,,,,,,,,,,,,,,,,,,0.017978301271796227,0.49724602699279785,0.4774608910083771,0.017978301271796227,0.49724602699279785,0.4774608910083771
,,,,,,,,,,,,,,,,,,,,,,,,,,0.01796475425362587,0.4763743281364441,0.4566822946071625,0.01796475425362587,0.4763743281364441,0.4566822946071625
,,,,,,,,,,,,,,,,,,,,,,,,,,0.018176671117544174,0.4592103958129883,0.4396047294139862,0.018176671117544174,0.4592103958129883,0.4396047294139862
,,,,,,,,,,,,,,,,,,,,,,,,,,0.01831173151731491,0.444374680519104,0.42596521973609924,0.01831173151731491,0.444374680519104,0.42596521973609924
8789940000.0,115.61,8.0,6188634112.0,18.591486383374953,4032.0,0.0787353515625,66076672.0,138939.27670431137,0.0007381505565717816,0.003173828125,1.9433051347732544,-0.019087830558419228,0.7084012031555176,-0.019433051347732544,0.0003452226519584656,0.0,-0.019393008202314377,1.1881582736968994,0.7281880745965669,6.827327728271484,1.9956837892532349,6.807934761047363,2.2789766788482666,881.2635881900787,4.195192098617554,,,,,,
8789940000.0,86.56,8.100000381469727,6391222784.0,2427.6049017503155,4033.0,0.0909423828125,66093056.0,138946.02574324608,0.0009268125286325812,0.0050048828125,1.9482431411743164,-0.019233819097280502,0.7428343296051025,-0.019482430070638657,0.0002486100420355797,0.0,-0.037989743053913116,1.222809910774231,0.7352754756562043,6.829648017883301,2.0882527828216553,6.7916579246521,2.3766303062438965,6.749038934707642,4.207104206085205,,,,,,
8789940000.0,119.64,7.800000190734863,6391222784.0,2423.740020724687,4034.0,0.06591796875,66109440.0,138952.78554415703,0.0008078227983787656,0.00506591796875,2.0144875049591064,-0.01979060471057892,0.6375367641448975,-0.020144876092672348,0.0003542685881257057,0.0,-0.05677921697497368,1.1310888528823853,0.7480849624184982,6.531490325927734,1.9906001091003418,6.4747114181518555,2.2535624504089355,6.759800910949707,4.1950843334198,,,,,,
8789940000.0,108.26,8.0,6391222784.0,2351.147542405999,4035.0,0.0628662109375,66125824.0,138959.7540562153,0.0008029807358980179,0.00372314453125,2.047635793685913,-0.01988900639116764,0.5673016309738159,-0.020476358011364937,0.0005873457994312048,0.0,0.0026172285433858633,1.0292575359344482,0.7767451015176066,6.400429725646973,1.9162025451660156,6.403046607971191,2.178328514099121,6.968512058258057,4.18674635887146,,,,,,
8789940000.0,127.13,8.0,6391222784.0,2418.8591611697216,4036.0,0.0701904296875,66142208.0,138966.52749729156,0.0032211891375482082,0.02996826171875,2.0735843181610107,-0.020100295543670654,0.49769487977027893,-0.020735841244459152,0.0006355457007884979,0.0,0.00018673669546842575,0.9924894571304321,0.7789121651405725,6.627739906311035,1.7982125282287598,6.627926826477051,2.1107826232910156,6.7734410762786865,4.180757761001587,,,,,,
8789940000.0,107.34,9.199999809265137,6391222784.0,2419.888534127273,4037.0,0.078125,66158592.0,138973.29805707932,0.0016380526358261704,0.010986328125,2.0233519077301025,-0.019822441041469574,0.4791857898235321,-0.0202335212379694,0.0004110783338546753,0.0,0.12875035405158997,0.9760428667068481,0.7815019626650329,6.757061958312988,1.8763883113861084,6.885812759399414,2.088071346282959,6.770559787750244,4.187540531158447,,,,,,
8789940000.0,94.22,7.5,6391222784.0,2422.259804287531,4038.0,0.07568359375,66174976.0,138980.06198883057,0.0016359753208234906,0.01214599609375,2.040090560913086,-0.020503222942352295,0.6788715124130249,-0.02040090225636959,-0.00010231882333755493,0.0,-0.13248556852340698,1.1600887775421143,0.7328599414822867,6.826868534088135,1.9648997783660889,6.694383144378662,2.2445125579833984,6.763931751251221,4.195140600204468,,,,,,
8789940000.0,135.52,7.599999904632568,6391222784.0,2446.271214088807,4039.0,0.0677490234375,66191360.0,138986.75952911377,0.002207301091402769,0.019287109375,2.0742809772491455,-0.01981208845973015,0.5770654082298279,-0.020742807537317276,0.0009307209402322769,0.0,-0.027867455035448074,1.0751314163208008,0.7492868501907142,6.69097900390625,1.822242259979248,6.663111209869385,2.147202253341675,6.697540283203125,4.1811442375183105,,,,,,
8789940000.0,119.19,8.399999618530273,6391222784.0,2422.52767432858,4040.0,0.0799560546875,66207744.0,138993.52271294594,0.0012743233237415552,0.0079345703125,2.045480728149414,-0.020594269037246704,0.5901034474372864,-0.020454807206988335,-0.00013946183025836945,0.0,0.007225436624139547,1.0883285999298096,0.752051212837419,6.80976676940918,1.9090867042541504,6.816992282867432,2.185640811920166,6.763183832168579,4.203257322311401,,,,,,
8789940000.0,109.85,7.599999904632568,6391222784.0,2438.2226504519367,4041.0,0.0848388671875,66224128.0,139000.24236178398,0.00154778640717268,0.01190185546875,2.0423386096954346,-0.020296834409236908,0.7267884016036987,-0.02042338438332081,0.00012654811143875122,0.0,-0.0818466916680336,1.2031570672988892,0.7251800656656834,6.860389232635498,1.946936011314392,6.778542995452881,2.2950825691223145,6.719648838043213,4.1795923709869385,,,,,,
8789940000.0,112.18,8.199999809265137,6391222784.0,2450.2739548371705,4042.0,0.0830078125,66240512.0,139006.9289610386,0.002286957809701562,0.01605224609375,2.0338308811187744,-0.019891928881406784,0.6354342699050903,-0.020338306203484535,0.0004463791847229004,0.0,0.05795958638191223,1.1250449419021606,0.7413333295362137,6.7887163162231445,1.9049673080444336,6.846675872802734,2.212073802947998,6.686599254608154,4.178553342819214,,,,,,
8789940000.0,86.19,8.300000190734863,6391222784.0,2440.617784162863,4043.0,0.076904296875,66256896.0,139013.64201545715,0.0008322028443217278,0.00482177734375,2.0368003845214844,-0.019805025309324265,0.5902453660964966,-0.020368002355098724,0.0005629751831293106,0.0,0.01795964129269123,1.0821775197982788,0.7559653015384491,6.634597301483154,1.952327847480774,6.652557373046875,2.1906487941741943,6.713054418563843,4.173760652542114,,,,,,
8789940000.0,106.95,8.199999809265137,6391222784.0,2415.9013905355077,4044.0,0.0677490234375,66273280.0,139020.42374920845,0.0015539592131972313,0.01171875,2.013162136077881,-0.01965320110321045,0.5100838541984558,-0.02013162150979042,0.0004784185439348221,0.0,0.038803599774837494,1.0048450231552124,0.7744880225703412,6.5303635597229,1.8778278827667236,6.569167137145996,2.115993022918701,6.781733751296997,4.199239492416382,,,,,,
8789940000.0,110.96,8.399999618530273,6391222784.0,2427.764851519428,4045.0,0.0762939453125,66289664.0,139027.1723434925,0.0010870769619941711,0.00677490234375,2.0118188858032227,-0.01992754265666008,0.5610889196395874,-0.020118188112974167,0.00019064359366893768,0.0,0.0152005385607481,1.057555079460144,0.7584596985906303,6.6147966384887695,1.8846875429153442,6.6299967765808105,2.1518309116363525,6.748594284057617,4.185678005218506,,,,,,
8789940000.0,131.08,8.600000381469727,6391222784.0,2442.3356062652074,4046.0,0.0701904296875,66306048.0,139033.88067626953,0.0009041304001584649,0.00482177734375,2.018125057220459,-0.019912326708436012,0.4412943422794342,-0.02018125168979168,0.0002689235843718052,0.0,0.03248511627316475,0.9390788078308105,0.8029997545422254,6.5381364822387695,1.880134105682373,6.570621490478516,2.115772008895874,6.708332777023315,4.198268175125122,,,,,,
8789940000.0,116.45,8.100000381469727,6391222784.0,2405.724236718486,4047.0,0.0750732421875,66322432.0,139040.6910994053,0.0018987387884408236,0.01617431640625,1.9660314321517944,-0.01934204250574112,0.505097508430481,-0.019660314545035362,0.00031827203929424286,0.0,0.022479737177491188,1.0111485719680786,0.7861941238134905,6.578843593597412,1.9157109260559082,6.601323127746582,2.1867802143096924,6.810423135757446,4.202948808670044,,,,,,
8789940000.0,96.27,8.399999618530273,6391222784.0,2423.7198463253985,4048.0,0.0689697265625,66338816.0,139047.45095658302,0.001013167784549296,0.00396728515625,2.0306334495544434,-0.019744498655200005,0.5903967618942261,-0.020306332036852837,0.0005618352442979813,0.0,0.011946793645620346,1.0835257768630981,0.7476419365939253,6.731381416320801,1.8994381427764893,6.74332857131958,2.156902313232422,6.759857177734375,4.196106433868408,,,,,,
8789940000.0,103.48,8.800000190734863,6391222784.0,2409.088190897714,4049.0,0.0811767578125,66355200.0,139054.25186991692,0.0005851518362760544,0.001708984375,2.01292085647583,-0.01999587006866932,0.5087898969650269,-0.020129207521677017,0.00013333745300769806,0.0,0.04363258183002472,1.0085493326187134,0.772246029331845,6.828831195831299,1.920917272567749,6.872464179992676,2.1133153438568115,6.800913333892822,4.238479852676392,,,,,,
8789940000.0,101.22,8.5,6391222784.0,2399.1406017420018,4050.0,0.074462890625,66371584.0,139061.08098196983,0.0010503821540623903,0.0062255859375,2.0298545360565186,-0.02000405453145504,0.4648962914943695,-0.020298544317483902,0.00029448792338371277,0.0,0.031210187822580338,0.9655729532241821,0.7758342106404563,6.892850875854492,1.8444429636001587,6.924060821533203,2.0393903255462646,6.8291120529174805,4.191942453384399,,,,,,
8789940000.0,138.85,8.699999809265137,6391222784.0,2407.326481251839,4051.0,0.076904296875,66387968.0,139067.88687229156,0.001441868720576167,0.01031494140625,2.01151442527771,-0.019365906715393066,0.5014013648033142,-0.020115142688155174,0.0007492364384233952,0.0,0.053938932716846466,1.0025222301483154,0.766821032365209,6.856874465942383,1.83362877368927,6.910813331604004,2.0761046409606934,6.805890321731567,4.303270101547241,,,,,,
8789940000.0,103.31,8.399999618530273,6391222784.0,2439.194546271575,4052.0,0.078125,66404352.0,139074.60384368896,0.000731057021766901,0.00274658203125,2.019219398498535,-0.0198129341006279,0.5575968027114868,-0.020192192867398262,0.0003792610950767994,0.0,0.029327837750315666,1.0559639930725098,0.7179567415844101,7.085885047912598,1.7814781665802002,7.115212440490723,1.988342046737671,6.716971397399902,4.197114944458008,,,,,,
8789940000.0,120.77,8.300000190734863,6391222784.0,2412.4568232412917,4053.0,0.0799560546875,66420736.0,139081.39526057243,0.0006254418403841555,0.0025634765625,2.015346050262451,-0.02016032673418522,0.5563285946846008,-0.020153461024165154,-6.868969649076462e-06,0.0,0.0077351164072752,1.0530009269714355,0.752818710445372,7.090686798095703,1.8504526615142822,7.098422050476074,2.117975950241089,6.791416883468628,4.206941366195679,,,,,,
8789940000.0,82.39,8.399999618530273,6391222784.0,2443.0262263635323,4054.0,0.0921630859375,66437120.0,139088.10169696808,0.0016259255353361368,0.01104736328125,1.9730825424194336,-0.019574414938688278,0.6222801208496094,-0.0197308249771595,0.0001564081758260727,0.0,0.011172282509505749,1.1115487813949585,0.7194185287151603,7.204456329345703,1.834930181503296,7.215628623962402,2.0984530448913574,6.706436395645142,4.198260068893433,,,,,,
8789940000.0,84.05,7.900000095367432,6391222784.0,2413.2792027970654,4055.0,0.08056640625,66453504.0,139094.8907995224,0.0010309640783816576,0.0054931640625,1.9751583337783813,-0.01986015774309635,0.6728606820106506,-0.01975158229470253,-0.00010857824236154556,0.0,-0.051380619406700134,1.1534688472747803,0.7056442277033741,7.124706268310547,1.7785652875900269,7.073326110839844,2.1260318756103516,6.789102554321289,4.268636226654053,,,,,,
8789940000.0,105.29,9.0,6391222784.0,2442.188224987948,4056.0,0.0958251953125,66469888.0,139101.59953713417,0.001810489920899272,0.01409912109375,1.965379238128662,-0.019181473180651665,0.51518714427948,-0.019653791561722755,0.00047232024371623993,0.0,0.07243284583091736,1.009877324104309,0.7499506521860178,7.2742509841918945,1.7794941663742065,7.346683979034424,2.019554376602173,6.70873761177063,4.207850694656372,,,,,,
8789940000.0,94.77,8.300000190734863,6391222784.0,2421.27994074443,4057.0,0.084228515625,66486272.0,139108.36620616913,0.002417695475742221,0.0211181640625,1.9460055828094482,-0.01794995367527008,0.6119722127914429,-0.019460054114460945,0.0015101013705134392,0.0,-0.0344030037522316,1.1023167371749878,0.7074013327216244,7.125210762023926,1.712546467781067,7.090807914733887,2.037841320037842,6.766669034957886,4.185319662094116,,,,,,
8789940000.0,113.11,8.800000190734863,6391222784.0,2424.9763432793293,4058.0,0.086669921875,66502656.0,139115.12256073952,0.002025170950219035,0.01715087890625,1.9605437517166138,-0.018518848344683647,0.5724131464958191,-0.01960543543100357,0.0010865870863199234,0.0,0.02610040083527565,1.0662577152252197,0.7144556470192001,7.153871536254883,1.7717499732971191,7.179972171783447,1.9953794479370117,6.756354570388794,4.201854705810547,,,,,,
8789940000.0,82.63,8.800000190734863,6391222784.0,2392.577075323127,4059.0,0.086669921875,66519040.0,139121.97040700912,0.0015010888455435634,0.01055908203125,1.9366074800491333,-0.018844082951545715,0.5640857219696045,-0.019366074353456497,0.0005219918675720692,0.0,0.03891782462596893,1.0612223148345947,0.747499963062616,7.1078972816467285,1.8221874237060547,7.146815299987793,2.1119115352630615,6.847846269607544,4.3316569328308105,,,,,,
8789940000.0,86.18,8.899999618530273,6391222784.0,2413.3344605011544,4060.0,0.087890625,66535424.0,139128.75935411453,0.00128882413264364,0.0098876953125,1.9422187805175781,-0.01903984695672989,0.5483273267745972,-0.01942218653857708,0.0003823433071374893,0.0,0.007132072001695633,1.048647165298462,0.7408215177275501,7.060091972351074,1.812520980834961,7.067224502563477,2.059823989868164,6.788947105407715,4.2088236808776855,,,,,,
8789940000.0,80.64,8.699999809265137,6391222784.0,2425.8024010049226,4061.0,0.08544921875,66551808.0,139135.51340794563,0.0009862484876066446,0.0064697265625,1.9443320035934448,-0.01956445723772049,0.5472651124000549,-0.019443318247795105,-0.00012114201672375202,0.0,-0.05605481192469597,1.045114517211914,0.750262769078532,7.173262596130371,1.7961755990982056,7.117208003997803,2.0913279056549072,6.754053831100464,4.218959093093872,,,,,,
8789940000.0,108.33,8.5,6391222784.0,2430.270363129434,4062.0,0.0897216796875,66568192.0,139142.25504469872,0.0010515274479985237,0.007080078125,1.906473159790039,-0.01894163154065609,0.6383841633796692,-0.019064731895923615,0.00012310221791267395,0.0,-0.010939051397144794,1.1302592754364014,0.7238148102935961,7.079174995422363,1.815532922744751,7.068236351013184,2.1506922245025635,6.741636753082275,4.199582099914551,,,,,,
8789940000.0,75.77,9.199999809265137,6391222784.0,2437.654843820585,4063.0,0.101318359375,66584576.0,139148.97625875473,0.0012354725040495396,0.0084228515625,1.8977818489074707,-0.018548445776104927,0.5444268584251404,-0.01897781901061535,0.00042936974205076694,0.0,0.06347280740737915,1.0432566404342651,0.7328335013922406,7.4144673347473145,1.7868521213531494,7.477940082550049,2.018366575241089,6.721214056015015,4.205151081085205,,,,,,
,,,,,,,,,,,,,,,,,,,,,,,,,,0.019242016598582268,0.6071276068687439,0.5743715763092041,0.019242016598582268,0.6071276068687439,0.5743715763092041
,,,,,,,,,,,,,,,,,,,,,,,,,,0.01895798183977604,0.562501072883606,0.5353107452392578,0.01895798183977604,0.562501072883606,0.5353107452392578
,,,,,,,,,,,,,,,,,,,,,,,,,,0.01747692935168743,0.5295931100845337,0.5117712616920471,0.01747692935168743,0.5295931100845337,0.5117712616920471
,,,,,,,,,,,,,,,,,,,,,,,,,,0.018062327057123184,0.5093722343444824,0.4948868155479431,0.018062327057123184,0.5093722343444824,0.4948868155479431
,,,,,,,,,,,,,,,,,,,,,,,,,,0.017736410722136497,0.48948830366134644,0.4765796363353729,0.017736410722136497,0.48948830366134644,0.4765796363353729
,,,,,,,,,,,,,,,,,,,,,,,,,,0.018117789179086685,0.4741944670677185,0.46116113662719727,0.018117789179086685,0.4741944670677185,0.46116113662719727
8789940000.0,78.58,8.800000190734863,6188634112.0,18.585582877572307,4064.0,0.0994873046875,66600960.0,140030.51977062225,0.0005741551867686212,0.0010986328125,1.9531285762786865,-0.019364330917596817,0.5938777923583984,-0.019531283527612686,0.00016695400699973106,0.0,0.012526154518127441,1.0894854068756104,0.7292536553507377,7.417070388793945,1.8833885192871094,7.429595947265625,2.093822956085205,881.5435118675232,4.326096057891846,,,,,,
8789940000.0,84.96,8.100000381469727,6391222784.0,2408.383872957484,4065.0,0.0970458984375,66617344.0,140037.32267284393,0.0004003621870651841,0.00048828125,1.8899319171905518,-0.018757743760943413,0.7798049449920654,-0.01889931783080101,0.00014157313853502274,0.0,-0.07965011894702911,1.2487068176269531,0.6900063939682236,7.328921318054199,1.8625411987304688,7.249271392822266,2.242767095565796,6.8029022216796875,4.1863179206848145,,,,,,
8789940000.0,78.14,8.399999618530273,6391222784.0,2375.8554799530825,4066.0,0.0946044921875,66633728.0,140044.2187151909,0.0003990588884335011,0.00079345703125,1.8834359645843506,-0.018526902422308922,0.6848618984222412,-0.01883435994386673,0.00030745938420295715,0.0,0.02924928441643715,1.1632006168365479,0.6951348363026446,7.280799865722656,1.794783115386963,7.310049057006836,2.1066911220550537,6.896042346954346,4.1886820793151855,,,,,,
8789940000.0,78.11,7.800000190734863,6391222784.0,2421.6454725615295,4067.0,0.0982666015625,66650112.0,140050.98436284065,0.0013844901695847511,0.0111083984375,1.8903603553771973,-0.018498774617910385,0.765896201133728,-0.01890360191464424,0.00040482962504029274,0.0,-0.03769756853580475,1.2356233596801758,0.6951457081066477,7.176469802856445,1.8903920650482178,7.138772010803223,2.2378957271575928,6.765647649765015,4.18485426902771,,,,,,
8789940000.0,87.79,9.300000190734863,6391222784.0,2405.9700138648927,4068.0,0.0958251953125,66666496.0,140057.794090271,0.0005892125191166997,0.00152587890625,1.9439778327941895,-0.01914967969059944,0.534172534942627,-0.019439779222011566,0.00029009580612182617,0.0,0.0706494152545929,1.031062364578247,0.7495569194950495,7.136117935180664,1.8295879364013672,7.2067670822143555,2.0602989196777344,6.809727430343628,4.198209524154663,,,,,,
8789940000.0,91.45,8.699999809265137,6391222784.0,2426.2215515148273,4069.0,0.081787109375,66682880.0,140064.54697728157,0.0006200509378686547,0.0037841796875,1.9356799125671387,-0.019256476312875748,0.5085965394973755,-0.019356798380613327,0.00010032299906015396,0.0,0.06959463655948639,1.0076035261154175,0.7489755970734621,7.1788740158081055,1.8035088777542114,7.248468399047852,2.01108980178833,6.752887010574341,4.182973146438599,,,,,,
8789940000.0,74.89,7.5,6391222784.0,2445.36824391154,4070.0,0.086669921875,66699264.0,140071.2469906807,0.0005971933715045452,0.0030517578125,1.912161946296692,-0.019245237112045288,0.7443963885307312,-0.019121620804071426,-0.00012361444532871246,0.0,-0.15968093276023865,1.2158945798873901,0.713180983278122,7.224628448486328,1.9214606285095215,7.064947605133057,2.270345687866211,6.7000133991241455,4.192087650299072,,,,,,
8789940000.0,117.67,7.5,6391222784.0,2452.521531675599,4071.0,0.07080078125,66715648.0,140077.92746210098,0.0006903987377882004,0.00323486328125,1.94399893283844,-0.019045304507017136,0.6881871223449707,-0.01943998970091343,0.0003946819342672825,0.0,-0.08445943892002106,1.1690860986709595,0.6888079045412456,6.870419502258301,1.7242618799209595,6.785959720611572,2.095714807510376,6.680471420288086,4.17138147354126,,,,,,
8789940000.0,120.45,8.100000381469727,6391222784.0,2442.6389308923062,4072.0,0.0775146484375,66732032.0,140084.6349618435,0.0006317062652669847,0.0013427734375,1.9784483909606934,-0.019713589921593666,0.5152639150619507,-0.019784482195973396,7.089227437973022e-05,0.0,0.02378220297396183,1.01386559009552,0.7549456523315611,6.741044998168945,1.7184466123580933,6.764827728271484,2.048091411590576,6.707499742507935,4.1820068359375,,,,,,
8789940000.0,87.84,8.699999809265137,6391222784.0,2438.207078731058,4073.0,0.0714111328125,66748416.0,140091.35465359688,0.0011728222016245127,0.00537109375,2.0060036182403564,-0.019978715106844902,0.43968164920806885,-0.020060036331415176,8.132215589284897e-05,0.0,0.01290226262062788,0.9350082874298096,0.7684089186128127,6.736654281616211,1.7094682455062866,6.749556541442871,1.9429190158843994,6.719691753387451,4.1952996253967285,,,,,,
8789940000.0,115.79,8.100000381469727,6391222784.0,2422.089395658012,4074.0,0.052490234375,66764800.0,140098.1190612316,0.0011632302775979042,0.00640869140625,2.0756561756134033,-0.020458783954381943,0.46791136264801025,-0.020756563171744347,0.0002977810800075531,0.0,-0.020268287509679794,0.9688720107078552,0.7349831095227304,6.594578742980957,1.6749624013900757,6.574310302734375,1.8820428848266602,6.764407634735107,4.201289892196655,,,,,,
8789940000.0,158.81,8.100000381469727,6391222784.0,2405.2753471820192,4075.0,0.0531005859375,66781184.0,140104.93075537682,0.0014720585895702243,0.0079345703125,2.0826425552368164,-0.020360181108117104,0.4451010823249817,-0.020826425403356552,0.0004662415012717247,0.0,-0.03309839218854904,0.9426494836807251,0.7520144113172258,6.5203142166137695,1.6420294046401978,6.487215995788574,1.8929426670074463,6.811694145202637,4.187521934509277,,,,,,
8789940000.0,190.06,8.0,6391222784.0,2400.246311295945,4076.0,0.0518798828125,66797568.0,140111.75672149658,0.0006832118378952146,0.00177001953125,2.097095012664795,-0.02079457975924015,0.4391639232635498,-0.02097095176577568,0.00017636967822909355,0.0,-0.031069118529558182,0.9402276277542114,0.7549255840511293,6.478466033935547,1.6317472457885742,6.447396278381348,1.8992586135864258,6.825966119766235,4.192255973815918,,,,,,
8789940000.0,144.95,8.100000381469727,6391222784.0,2412.048679809226,4077.0,0.0537109375,66813952.0,140118.5492875576,0.0008741816272959113,0.0040283203125,2.1140506267547607,-0.020529979839920998,0.4100261330604553,-0.021140508353710175,0.0006105266511440277,0.0,-0.030683530494570732,0.9059848785400391,0.7835559402215238,6.424860954284668,1.6975359916687012,6.394177436828613,1.9473683834075928,6.7925660610198975,4.186769247055054,,,,,,
8789940000.0,142.42,8.199999809265137,6391222784.0,2406.895877003602,4078.0,0.0469970703125,66830336.0,140125.35639548302,0.0009157531312666833,0.00634765625,2.1351101398468018,-0.020996462553739548,0.3726279139518738,-0.021351100876927376,0.00035463832318782806,0.0,-0.024080689996480942,0.8657315373420715,0.7958916439603103,6.4084954261779785,1.7063286304473877,6.3844146728515625,1.9162520170211792,6.807107925415039,4.1998069286346436,,,,,,
8789940000.0,183.48,8.5,6391222784.0,2457.0159005750506,4079.0,0.054931640625,66846720.0,140132.02464699745,0.0013186674332246184,0.00628662109375,2.1306538581848145,-0.021570995450019836,0.4080578684806824,-0.021306537091732025,-0.0002644588239490986,0.0,0.016321823000907898,0.9026623368263245,0.78444753051034,6.522499084472656,1.7229574918746948,6.538821220397949,1.944236159324646,6.6682515144348145,4.200751066207886,,,,,,
8789940000.0,132.55,8.5,6391222784.0,2433.573481836274,4080.0,0.0689697265625,66863104.0,140138.75713324547,0.0013712567742913961,0.00640869140625,2.071045160293579,-0.02160363830626011,0.46919742226600647,-0.020710451528429985,-0.0008931874763220549,0.0,-0.00010271463543176651,0.9688090085983276,0.7807417878810265,6.609643936157227,1.8202192783355713,6.609540939331055,2.068998098373413,6.732486248016357,4.1968817710876465,,,,,,
8789940000.0,154.43,8.300000190734863,6391222784.0,2357.3435011812194,4081.0,0.0543212890625,66879488.0,140145.70732951164,0.0016602135729044676,0.010498046875,2.042654514312744,-0.020528223365545273,0.4681529700756073,-0.020426545292139053,-0.00010167807340621948,0.0,0.026378264650702477,0.9682160019874573,0.750656736462501,6.54249382019043,1.6914664506912231,6.56887149810791,1.938978910446167,6.950196266174316,4.221359491348267,,,,,,
8789940000.0,143.56,8.199999809265137,6391222784.0,2424.056187171862,4082.0,0.059814453125,66895872.0,140152.4662487507,0.001432907534763217,0.0078125,2.009585380554199,-0.020031636580824852,0.5224414467811584,-0.020095854997634888,6.422027945518494e-05,0.0,0.01081138662993908,1.023016333580017,0.7193909441334466,6.486169338226318,1.7157819271087646,6.496980667114258,1.9312195777893066,6.7589192390441895,4.175577163696289,,,,,,
8789940000.0,129.45,8.800000190734863,6391222784.0,2412.6385846551016,4083.0,0.0640869140625,66912256.0,140159.25715398788,0.0011146672768518329,0.00848388671875,2.00034761428833,-0.019969968125224113,0.47783687710762024,-0.02000347711145878,3.3512304071336985e-05,0.0,0.06645485758781433,0.9745696783065796,0.753126267014836,6.490510940551758,1.737402081489563,6.5569658279418945,1.9614405632019043,6.790905237197876,4.2181010246276855,,,,,,
8789940000.0,144.01,8.300000190734863,6391222784.0,2415.1256031621797,4084.0,0.0604248046875,66928640.0,140166.04106616974,0.0007656922098249197,0.00311279296875,1.985130786895752,-0.020191434770822525,0.5820387005805969,-0.019851308315992355,-0.0003401264548301697,0.0,-0.013462066650390625,1.0816365480422974,0.7124248212897483,6.5833330154418945,1.752504825592041,6.569871425628662,2.0169990062713623,6.783912181854248,4.195122241973877,,,,,,
8789940000.0,125.3,8.100000381469727,6391222784.0,2431.4828165532026,4085.0,0.06103515625,66945024.0,140172.77934122086,0.001246968749910593,0.007568359375,1.9684810638427734,-0.019525196403265,0.523274838924408,-0.019684812054038048,0.00015961425378918648,0.0,-0.02695193700492382,1.0201088190078735,0.7364260436300113,6.572177410125732,1.6983437538146973,6.545225143432617,1.9869873523712158,6.738275051116943,4.1936540603637695,,,,,,
8789940000.0,109.73,8.0,6391222784.0,2430.216905441775,4086.0,0.078125,66961408.0,140179.5211262703,0.0008458253578282893,0.0054931640625,1.9050698280334473,-0.019031817093491554,0.5763377547264099,-0.01905069872736931,1.8879305571317673e-05,0.0,0.012690016999840736,1.071587085723877,0.7406315598442075,6.807229042053223,1.7530243396759033,6.819918632507324,2.104111671447754,6.741785049438477,4.19439172744751,,,,,,
8789940000.0,118.02,8.0,6391222784.0,2377.248011296857,4087.0,0.0775146484375,66977792.0,140186.41312909126,0.0011108764447271824,0.00592041015625,1.9314045906066895,-0.01915360800921917,0.6100506782531738,-0.01931404508650303,0.00016043893992900848,0.0,-0.005770400632172823,1.105437994003296,0.7108877732531353,6.912178993225098,1.7630647420883179,6.906408309936523,2.055896043777466,6.892002820968628,4.314615726470947,,,,,,
8789940000.0,86.06,8.899999618530273,6391222784.0,2459.5600874353067,4088.0,0.0836181640625,66994176.0,140193.0744829178,0.0007856831070967019,0.00372314453125,1.9246585369110107,-0.019468482583761215,0.4870096743106842,-0.01924658566713333,-0.00022189831361174583,0.0,0.06887316703796387,0.9827446937561035,0.7660494823239932,7.015706539154053,1.8011260032653809,7.0845794677734375,2.0317885875701904,6.661353826522827,4.196595668792725,,,,,,
8789940000.0,89.52,8.399999618530273,6391222784.0,2381.4105763643133,4089.0,0.0750732421875,67010560.0,140199.9544389248,0.0015056724660098553,0.01214599609375,1.9106945991516113,-0.01865057833492756,0.5674211382865906,-0.019106946885585785,0.00045636575669050217,0.0,-0.036958031356334686,1.066559910774231,0.7261599976980633,7.086879253387451,1.7670015096664429,7.049921035766602,2.0381529331207275,6.879956007003784,4.323578357696533,,,,,,
8789940000.0,122.47,8.0,6391222784.0,2335.4029403123627,4090.0,0.062255859375,67026944.0,140206.9699306488,0.0008964422740973532,0.0059814453125,1.9312864542007446,-0.01855350285768509,0.5468190908432007,-0.019312866032123566,0.0007593678310513496,0.0,-0.03387118875980377,1.043270230293274,0.704198100278667,6.768967628479004,1.6547073125839233,6.735096454620361,1.9182100296020508,7.015491724014282,4.180453538894653,,,,,,
8789940000.0,112.34,8.199999809265137,6391222784.0,2351.846062152523,4091.0,0.0628662109375,67043328.0,140213.93637299538,0.000721459393389523,0.00372314453125,1.951883316040039,-0.019244659692049026,0.5321831107139587,-0.019518833607435226,0.0002741701900959015,0.0,-0.0605698861181736,1.0310406684875488,0.7383894276209444,6.652566909790039,1.7210510969161987,6.5919976234436035,2.015805244445801,6.966442346572876,4.219606637954712,,,,,,
8789940000.0,131.51,7.5,6391222784.0,2395.5737580884347,4092.0,0.0604248046875,67059712.0,140220.77565312386,0.0010383075568825006,0.0076904296875,1.9126741886138916,-0.01944679580628872,0.5457183122634888,-0.019126741215586662,-0.00032005319371819496,0.0,-0.057634517550468445,1.0471725463867188,0.7303813243160908,6.518377780914307,1.6639597415924072,6.4607439041137695,2.0167107582092285,6.839280128479004,4.208078622817993,,,,,,
8789940000.0,139.67,8.5,6391222784.0,2412.8376558345276,4093.0,0.0665283203125,67076096.0,140227.5659980774,0.0016936238389462233,0.01324462890625,1.935873031616211,-0.019259050488471985,0.41954436898231506,-0.01935872808098793,9.96813178062439e-05,0.0,0.03805229067802429,0.9114287495613098,0.7735013564435496,6.618319511413574,1.6774985790252686,6.6563720703125,1.9150944948196411,6.790344953536987,4.229066848754883,,,,,,
8789940000.0,137.12,8.399999618530273,6391222784.0,2393.6392223204793,4094.0,0.06591796875,67092480.0,140234.4108057022,0.0011408813297748566,0.00653076171875,1.9471166133880615,-0.019795408472418785,0.44479718804359436,-0.019471164792776108,-0.0003242497332394123,0.0,0.004632569849491119,0.9398200511932373,0.7593034280860758,6.555418968200684,1.667855143547058,6.560050964355469,1.9156219959259033,6.8448076248168945,4.224798917770386,,,,,,
8789940000.0,119.93,8.800000190734863,6391222784.0,2419.6488509274045,4095.0,0.064697265625,67108864.0,140241.18203616142,0.001763416570611298,0.0135498046875,1.9511536359786987,-0.018546726554632187,0.3566202223300934,-0.01951153762638569,0.0009648054838180542,0.0,0.024096213281154633,0.8417101502418518,0.8129280362140692,6.4523701667785645,1.7209967374801636,6.476466178894043,1.946068286895752,6.771230459213257,4.253375291824341,,,,,,
,,,,,,,,,,,,,,,,,,,,,,,,,,0.026642560958862305,0.556972086429596,0.5133837461471558,0.026642560958862305,0.556972086429596,0.5133837461471558
,,,,,,,,,,,,,,,,,,,,,,,,,,0.025284040719270706,0.5083671808242798,0.4858046770095825,0.025284040719270706,0.5083671808242798,0.4858046770095825
,,,,,,,,,,,,,,,,,,,,,,,,,,0.02372661978006363,0.4824695885181427,0.46293261647224426,0.02372661978006363,0.4824695885181427,0.46293261647224426
,,,,,,,,,,,,,,,,,,,,,,,,,,0.023494159802794456,0.46537402272224426,0.4456924498081207,0.023494159802794456,0.46537402272224426,0.4456924498081207
,,,,,,,,,,,,,,,,,,,,,,,,,,0.022991923615336418,0.4471045136451721,0.4305766820907593,0.022991923615336418,0.4471045136451721,0.4305766820907593
,,,,,,,,,,,,,,,,,,,,,,,,,,0.023236768320202827,0.43328192830085754,0.4169565439224243,0.023236768320202827,0.43328192830085754,0.4169565439224243
8789940000.0,123.21,8.100000381469727,6188634112.0,18.5787931134045,4096.0,0.062255859375,67125248.0,141123.04771494865,0.0009656710317358375,0.00537109375,1.9562876224517822,-0.01956190913915634,0.44569239020347595,-0.019562873989343643,9.62521880865097e-07,0.0,-0.008263673633337021,0.9440457224845886,0.777701378505136,6.573455810546875,1.7441949844360352,6.565192222595215,2.00227952003479,881.8656787872314,4.265089511871338,,,,,,
8789940000.0,146.15,8.199999809265137,6391222784.0,2379.325990397657,4097.0,0.062255859375,67141632.0,141129.93369865417,0.0009288730216212571,0.0037841796875,1.9689117670059204,-0.02018457092344761,0.4610670208930969,-0.01968911662697792,-0.0004954524338245392,0.0,-0.020044252276420593,0.9621636271476746,0.7541642913762123,6.538293838500977,1.7052903175354004,6.51824951171875,1.9405570030212402,6.88598370552063,4.209887742996216,,,,,,
8789940000.0,90.38,8.600000381469727,6391222784.0,2439.567932473154,4098.0,0.078125,67158016.0,141136.64964199066,0.00105059496127069,0.00506591796875,1.9402680397033691,-0.018954558297991753,0.5315026640892029,-0.019402680918574333,0.0004481249488890171,0.0,-0.021571747958660126,1.0240572690963745,0.7809533238219979,6.827581882476807,1.9114117622375488,6.8060102462768555,2.1880433559417725,6.715943336486816,4.184390544891357,,,,,,
8789940000.0,123.53,8.300000190734863,6391222784.0,2430.2878104400684,4099.0,0.0567626953125,67174400.0,141143.39123034477,0.0011755075538530946,0.00604248046875,2.0009493827819824,-0.02032991498708725,0.46857213973999023,-0.020009493455290794,-0.0003204229287803173,0.0,-0.014135580509901047,0.9687969088554382,0.7748276340755791,6.4747724533081055,1.8308097124099731,6.460637092590332,2.041621685028076,6.741588354110718,4.193542957305908,,,,,,
8789940000.0,138.91,8.199999809265137,6391222784.0,2407.8443040698835,4100.0,0.059814453125,67190784.0,141150.19565701485,0.0009565476793795824,0.00396728515625,1.967814564704895,-0.01935659535229206,0.5015475749969482,-0.0196781437844038,0.00032155122607946396,0.0,0.0028521190397441387,1.0019243955612183,0.7541331017829458,6.341013431549072,1.7926932573318481,6.343865394592285,2.0206212997436523,6.804426670074463,4.193201065063477,,,,,,
8789940000.0,144.88,8.300000190734863,6391222784.0,2405.445839794897,4101.0,0.0634765625,67207168.0,141157.00686836243,0.000809595687314868,0.0035400390625,1.977921485900879,-0.01970924437046051,0.4982607364654541,-0.01977921463549137,6.997212767601013e-05,0.0,-0.009756185114383698,0.9954254031181335,0.7500973678913897,6.525744438171387,1.7550549507141113,6.515988349914551,1.9912389516830444,6.811211347579956,4.199119329452515,,,,,,
8789940000.0,154.4,8.699999809265137,6391222784.0,2391.6129177036664,4102.0,0.068359375,67223552.0,141163.85747528076,0.0017663405742496252,0.0140380859375,1.9928523302078247,-0.019360626116394997,0.41316714882850647,-0.019928524270653725,0.0005678976885974407,0.0,0.03201781585812569,0.9108397364616394,0.7967144109241373,6.5678510665893555,1.7913239002227783,6.599869251251221,2.0201730728149414,6.850606918334961,4.203461170196533,,,,,,
8789940000.0,97.27,8.699999809265137,6391222784.0,2409.0664016953897,4103.0,0.06591796875,67239936.0,141170.65845012665,0.001028761500492692,0.00634765625,1.9660329818725586,-0.019783420488238335,0.4066222012042999,-0.019660329446196556,-0.00012309104204177856,0.0,0.0015429318882524967,0.8971744179725647,0.7955250498109916,6.667131423950195,1.7679057121276855,6.668674468994141,1.984069585800171,6.8009748458862305,4.19974684715271,,,,,,
8789940000.0,153.61,7.900000095367432,6391222784.0,2422.4409110801957,4104.0,0.0537109375,67256320.0,141177.4218761921,0.0008729859837330878,0.0045166015625,1.9929680824279785,-0.01977183111011982,0.5095457434654236,-0.019929679110646248,0.00015784776769578457,0.0,-0.0523817241191864,1.0091696977615356,0.7309403140322085,6.5617828369140625,1.7124521732330322,6.509401321411133,1.9455393552780151,6.763426065444946,4.189033269882202,,,,,,
8789940000.0,145.97,7.699999809265137,6391222784.0,2376.2780886196647,4105.0,0.0506591796875,67272704.0,141184.31669211388,0.0015513745602220297,0.0130615234375,2.013390064239502,-0.02051851525902748,0.49709025025367737,-0.02013389952480793,-0.00038461550138890743,0.0,-0.07433794438838959,0.9983054995536804,0.7119615537624465,6.463690757751465,1.6163976192474365,6.389352321624756,1.8601083755493164,6.894815921783447,4.189450263977051,,,,,,
8789940000.0,161.44,7.5,6391222784.0,2400.8127587260533,4106.0,0.042724609375,67289088.0,141191.14104771614,0.0008953106007538736,0.00408935546875,2.048549175262451,-0.02015083283185959,0.40874022245407104,-0.020485492423176765,0.0003346633166074753,0.0,-0.04947477579116821,0.907988429069519,0.741306041999257,6.405810832977295,1.5460387468338013,6.35633659362793,1.7852025032043457,6.824355602264404,4.189902067184448,,,,,,
8789940000.0,184.21,7.599999904632568,6391222784.0,2416.801765319728,4107.0,0.0433349609375,67305472.0,141197.92025494576,0.002093264600262046,0.0155029296875,2.0274412631988525,-0.019885437563061714,0.4492117762565613,-0.020274410024285316,0.0003889733925461769,0.0,-0.011309701949357986,0.9515122175216675,0.7110339360459573,6.247697353363037,1.4968725442886353,6.236387252807617,1.770071029663086,6.779207229614258,4.189130067825317,,,,,,
8789940000.0,155.07,8.0,6391222784.0,2343.8316234749077,4108.0,0.05615234375,67321856.0,141204.9105181694,0.0008784554083831608,0.00384521484375,2.030306100845337,-0.020090756937861443,0.44129544496536255,-0.020303063094615936,0.00021230708807706833,0.0,-0.02661525271832943,0.9415163397789001,0.7527849389055127,6.398319244384766,1.6288102865219116,6.3717041015625,1.893609881401062,6.990263223648071,4.201572418212891,,,,,,
8789940000.0,168.83,8.399999618530273,6391222784.0,2332.3170798353262,4109.0,0.057373046875,67338240.0,141211.93529200554,0.001043309341184795,0.00494384765625,2.0409648418426514,-0.01983468607068062,0.42998239398002625,-0.02040964737534523,0.0005749594420194626,0.0,0.02816629782319069,0.9274693131446838,0.7775749045070499,6.385933876037598,1.7088348865509033,6.41409969329834,1.966560959815979,7.024773836135864,4.191948652267456,,,,,,
8789940000.0,143.06,8.199999809265137,6391222784.0,2364.387454902286,4110.0,0.05126953125,67354624.0,141218.86478233337,0.0012830551713705063,0.006591796875,2.087634801864624,-0.019957160577178,0.41467007994651794,-0.02087634988129139,0.0009191893041133881,0.0,-0.050678182393312454,0.9063165783882141,0.7765407398323876,6.327846527099609,1.7174453735351562,6.277168273925781,1.9172602891921997,6.929490327835083,4.189069747924805,,,,,,
8789940000.0,136.3,8.100000381469727,6391222784.0,2387.5218077040827,4111.0,0.0457763671875,67371008.0,141225.72712802887,0.0017381327925249934,0.0106201171875,2.067173957824707,-0.01995975710451603,0.364957720041275,-0.020671740174293518,0.0007119863294064999,0.0,-0.020513882860541344,0.8537310361862183,0.7896994541561488,6.262996196746826,1.6460832357406616,6.2424821853637695,1.8616621494293213,6.8623456954956055,4.184482097625732,,,,,,
8789940000.0,211.5,7.199999809265137,6391222784.0,2402.9028327859564,4112.0,0.0421142578125,67387392.0,141232.54554772377,0.001949594239704311,0.0167236328125,2.0626590251922607,-0.01950373873114586,0.4274895191192627,-0.02062658965587616,0.001122850924730301,0.0,-0.10784146189689636,0.9235594868659973,0.7697022736618934,6.156744480133057,1.670798659324646,6.04890251159668,1.924509048461914,6.818419694900513,4.207534551620483,,,,,,
8789940000.0,196.01,7.699999809265137,6391222784.0,2419.72578636053,4113.0,0.048828125,67403776.0,141239.316562891,0.0017271868418902159,0.012451171875,2.0736734867095947,-0.0215347558259964,0.4239848256111145,-0.020736735314130783,-0.0007980233058333397,0.0,-0.03451833128929138,0.9213249087333679,0.7909973099663773,6.14860725402832,1.744432806968689,6.114089012145996,2.015286922454834,6.771015167236328,4.28019118309021,,,,,,
8789940000.0,137.82,8.199999809265137,6391222784.0,2407.7610358861084,4114.0,0.0396728515625,67420160.0,141246.12122488022,0.0021170787513256073,0.016357421875,2.0843825340270996,-0.021382123231887817,0.3715618848800659,-0.020843826234340668,-0.0005382954841479659,0.0,-0.017667237669229507,0.8568857312202454,0.7855296545062882,5.926375389099121,1.6483864784240723,5.908708572387695,1.8502875566482544,6.804661989212036,4.197592496871948,,,,,,
8789940000.0,180.26,8.0,6391222784.0,2395.161038547225,4115.0,0.048828125,67436544.0,141252.96168351173,0.0009699741494841874,0.0045166015625,2.019650459289551,-0.019801005721092224,0.458232581615448,-0.020196503028273582,0.00039549730718135834,0.0,-0.001797712640836835,0.9579298496246338,0.751805575540553,6.085109233856201,1.6866631507873535,6.083311557769775,1.9228161573410034,6.840458631515503,4.210768699645996,,,,,,
8789940000.0,162.18,8.199999809265137,6391222784.0,2361.304411257419,4116.0,0.0518798828125,67452928.0,141259.9002213478,0.001572903012856841,0.01007080078125,1.969660758972168,-0.01969020441174507,0.48897266387939453,-0.019696608185768127,6.401911377906799e-06,0.0,0.034111201763153076,0.9926180243492126,0.7400934679379438,6.2246904373168945,1.7156985998153687,6.258801460266113,1.9470335245132446,6.938537836074829,4.360533952713013,,,,,,
8789940000.0,130.69,8.399999618530273,6391222784.0,2419.6582226453916,4117.0,0.0616455078125,67469312.0,141266.67142558098,0.0008622616878710687,0.005126953125,1.9833154678344727,-0.019244465976953506,0.43333059549331665,-0.0198331531137228,0.0005886864382773638,0.0,0.01852143183350563,0.9328039288520813,0.7958540629463633,6.3269195556640625,1.7972689867019653,6.3454413414001465,2.064523458480835,6.771204233169556,4.202685832977295,,,,,,
8789940000.0,114.77,8.300000190734863,6391222784.0,2397.2534890211095,4118.0,0.062255859375,67485696.0,141273.50591349602,0.001275224145501852,0.00921630859375,1.9572190046310425,-0.019355658441781998,0.48941418528556824,-0.019572189077734947,0.00021653110161423683,0.0,0.04296720772981644,0.9887425303459167,0.7730945593578009,6.338943958282471,1.797366738319397,6.381911277770996,2.0756824016571045,6.8344879150390625,4.322305202484131,,,,,,
8789940000.0,118.44,8.0,6391222784.0,2426.4983524614563,4119.0,0.06591796875,67502080.0,141280.25803017616,0.0014947265153750777,0.01129150390625,1.9659678936004639,-0.019564960151910782,0.5400502681732178,-0.019659677520394325,9.47203952819109e-05,0.0,-0.014882558025419712,1.0407863855361938,0.76115413715252,6.443878650665283,1.8761863708496094,6.4289960861206055,2.129622220993042,6.752116680145264,4.204585552215576,,,,,,
8789940000.0,151.09,7.699999809265137,6391222784.0,2405.6593895732844,4120.0,0.069580078125,67518464.0,141287.06863689423,0.0008325842209160328,0.00341796875,1.9451738595962524,-0.01872822642326355,0.5957866311073303,-0.019451739266514778,0.0007235128432512283,0.0,0.02838621474802494,1.0931371450424194,0.7436800056657487,6.371430397033691,1.8279834985733032,6.399816513061523,2.1591525077819824,6.8106067180633545,4.236088275909424,,,,,,
8789940000.0,115.39,8.100000381469727,6391222784.0,2432.2636401318205,4121.0,0.068359375,67534848.0,141293.80474877357,0.001453121192753315,0.009765625,1.9527785778045654,-0.01919221132993698,0.5660862922668457,-0.01952778361737728,0.0003355722874403,0.0,0.027258113026618958,1.0611706972122192,0.7598071190679612,6.507423400878906,1.9211632013320923,6.53468132019043,2.165234088897705,6.736111879348755,4.234853267669678,,,,,,
8789940000.0,125.87,8.399999618530273,6391222784.0,2420.115565483395,4122.0,0.07568359375,67551232.0,141300.57467341423,0.0016562942182645202,0.0107421875,1.9712759256362915,-0.019034504890441895,0.5111429691314697,-0.01971275918185711,0.0006782533600926399,0.0,0.042733967304229736,1.0077660083770752,0.7935132655365051,6.5253801345825195,1.9371943473815918,6.568113327026367,2.2177536487579346,6.769924640655518,4.211209535598755,,,,,,
8789940000.0,98.41,8.800000190734863,6391222784.0,2367.1755927181375,4123.0,0.0787353515625,67567616.0,141307.49600195885,0.0013540900545194745,0.00970458984375,1.9618403911590576,-0.019241267815232277,0.5577274560928345,-0.019618405029177666,0.0003771376796066761,0.0,0.048116132616996765,1.0535087585449219,0.7726278305466188,6.646231651306152,1.9706692695617676,6.694347381591797,2.2093751430511475,6.921328544616699,4.3500471115112305,,,,,,
8789940000.0,106.38,7.800000190734863,6391222784.0,2410.9539797234843,4124.0,0.0714111328125,67584000.0,141314.2916522026,0.0015387020539492369,0.01080322265625,1.951457142829895,-0.019239652901887894,0.5665633678436279,-0.019514571875333786,0.00027492130175232887,0.0,-0.037204790860414505,1.0614591836929321,0.7680090513784334,6.410802841186523,1.9117752313613892,6.373598098754883,2.203778028488159,6.795650243759155,4.205833196640015,,,,,,
8789940000.0,124.53,8.300000190734863,6391222784.0,2323.5087499772617,4125.0,0.0604248046875,67600384.0,141321.34305667877,0.0009272738243453205,0.00634765625,1.9536006450653076,-0.018950022757053375,0.4742497205734253,-0.019536007195711136,0.0005859844386577606,0.0,-0.0028445557691156864,0.9708688259124756,0.7778443882369104,6.313689708709717,1.8337260484695435,6.310845375061035,2.059832811355591,7.0514044761657715,4.196340322494507,,,,,,
8789940000.0,113.09,8.0,6391222784.0,2297.925759646304,4126.0,0.0531005859375,67616768.0,141328.47296500206,0.001260196091607213,0.0089111328125,1.9806768894195557,-0.019038859754800797,0.504633367061615,-0.019806768745183945,0.0007679080590605736,0.0,-0.05777530372142792,1.0028327703475952,0.7692726218416553,6.1549577713012695,1.8602683544158936,6.097182750701904,2.087752103805542,7.129908323287964,4.209035634994507,,,,,,
8789940000.0,141.3,8.699999809265137,6391222784.0,2305.479219613497,4127.0,0.06591796875,67633152.0,141335.5795135498,0.0019849285017699003,0.014892578125,1.9211666584014893,-0.019100718200206757,0.4456745684146881,-0.0192116666585207,0.00011095032095909119,0.0,0.03395531699061394,0.9444950222969055,0.8043819038221143,6.4605560302734375,1.9063256978988647,6.494511604309082,2.1354780197143555,7.106548547744751,4.207895755767822,,,,,,
,,,,,,,,,,,,,,,,,,,,,,,,,,0.01930977590382099,0.5060981512069702,0.4688374996185303,0.01930977590382099,0.5060981512069702,0.4688374996185303
,,,,,,,,,,,,,,,,,,,,,,,,,,0.018285883590579033,0.46268633008003235,0.44131460785865784,0.018285883590579033,0.46268633008003235,0.44131460785865784
,,,,,,,,,,,,,,,,,,,,,,,,,,0.018423503264784813,0.43842586874961853,0.42015430331230164,0.018423503264784813,0.43842586874961853,0.42015430331230164
,,,,,,,,,,,,,,,,,,,,,,,,,,0.018567677587270737,0.42218637466430664,0.4043264091014862,0.018567677587270737,0.42218637466430664,0.4043264091014862
,,,,,,,,,,,,,,,,,,,,,,,,,,0.01853787899017334,0.40546315908432007,0.38797760009765625,0.01853787899017334,0.40546315908432007,0.38797760009765625
,,,,,,,,,,,,,,,,,,,,,,,,,,0.018971117213368416,0.3933946490287781,0.37530001997947693,0.018971117213368416,0.3933946490287781,0.37530001997947693
8789940000.0,173.47,8.199999809265137,6188634112.0,18.589379097088116,4128.0,0.06591796875,67649536.0,142216.9430015087,0.0010701540159061551,0.00543212890625,1.9232643842697144,-0.019492359831929207,0.5153704285621643,-0.019232643768191338,-0.0002597123384475708,0.0,0.03207648918032646,1.0184953212738037,0.7486838097770672,6.564911842346191,1.7801029682159424,6.596987724304199,2.031648874282837,881.3634879589081,4.193769216537476,,,,,,
8789940000.0,114.33,8.100000381469727,6391222784.0,2408.1894180155246,4129.0,0.074462890625,67665920.0,142223.7464530468,0.0008411499438807368,0.00592041015625,1.8944740295410156,-0.018602361902594566,0.5637403726577759,-0.018944740295410156,0.0003423774614930153,0.0,0.033747825771570206,1.0618938207626343,0.7508355367247077,6.604262351989746,1.8671858310699463,6.638010025024414,2.1273462772369385,6.8034515380859375,4.201244592666626,,,,,,
8789940000.0,98.14,8.600000381469727,6391222784.0,2419.855641975829,4130.0,0.084228515625,67682304.0,142230.51710486412,0.0005702596390619874,0.002685546875,1.8723409175872803,-0.01850319653749466,0.6231028437614441,-0.018723411485552788,0.00022021273616701365,0.0,0.04163917154073715,1.1143841743469238,0.7185535477711725,6.957170486450195,1.8681466579437256,6.998809814453125,2.100569486618042,6.770651817321777,4.193847894668579,,,,,,
8789940000.0,105.56,8.699999809265137,6391222784.0,2428.4640751025904,4131.0,0.086669921875,67698688.0,142237.26375603676,0.0014112400822341442,0.01123046875,1.9236273765563965,-0.019253479316830635,0.5365769267082214,-0.019236275926232338,-1.720711588859558e-05,0.0,0.04682433605194092,1.0383622646331787,0.7467431816371828,6.967291831970215,1.833976149559021,7.014116287231445,2.0633280277252197,6.7466511726379395,4.173968315124512,,,,,,
8789940000.0,103.29,8.199999809265137,6391222784.0,2432.0233068315565,4132.0,0.0738525390625,67715072.0,142244.00053358078,0.0010934973834082484,0.0079345703125,1.8875017166137695,-0.018764197826385498,0.6150875091552734,-0.018875017762184143,0.00011082086712121964,0.0,-0.034304484724998474,1.1081342697143555,0.7009244626199446,6.969742774963379,1.7413897514343262,6.93543815612793,2.026291847229004,6.7367775440216064,4.182882308959961,,,,,,
8789940000.0,109.37,8.399999618530273,6391222784.0,2392.6086469507063,4133.0,0.076904296875,67731456.0,142250.84828948975,0.0014823571546003222,0.00946044921875,1.9288372993469238,-0.018642079085111618,0.5511968731880188,-0.01928837224841118,0.000646296888589859,0.0,-0.001894952729344368,1.045411467552185,0.7359344025858606,6.815881729125977,1.746236801147461,6.813986778259277,2.034377336502075,6.8477559089660645,4.173187255859375,,,,,,
8789940000.0,130.12,8.300000190734863,6391222784.0,2408.0585330880167,4134.0,0.081787109375,67747840.0,142257.65211081505,0.0006972745759412646,0.0028076171875,1.9111847877502441,-0.01894276589155197,0.5762730836868286,-0.01911184936761856,0.00016908440738916397,0.0,0.043794937431812286,1.072106122970581,0.7283977648839883,6.815752029418945,1.7544293403625488,6.859547138214111,2.0571746826171875,6.803821325302124,4.184971809387207,,,,,,
8789940000.0,80.57,8.899999618530273,6391222784.0,2353.497653470997,4135.0,0.0872802734375,67764224.0,142264.61366438866,0.0008086208254098892,0.0050048828125,1.9264485836029053,-0.019125282764434814,0.49865683913230896,-0.01926448568701744,0.00013920152559876442,0.0,0.016150034964084625,0.9997208118438721,0.7743642769317073,6.923334121704102,1.8760833740234375,6.939484596252441,2.1046252250671387,6.961553573608398,4.196579933166504,,,,,,
8789940000.0,120.49,8.5,6391222784.0,2394.0494992315435,4136.0,0.0799560546875,67780608.0,142271.45729899406,0.0008570236968807876,0.00469970703125,1.946113109588623,-0.019530529156327248,0.5843852162361145,-0.0194611307233572,-6.940215826034546e-05,0.0,0.04655580595135689,1.0813181400299072,0.724444897633026,6.837157249450684,1.795189380645752,6.883713245391846,2.0599148273468018,6.843634605407715,4.1968464851379395,,,,,,
8789940000.0,88.4,7.900000095367432,6391222784.0,2411.3587912347425,4137.0,0.0830078125,67796992.0,142278.25180840492,0.0013035868760198355,0.00616455078125,1.942061424255371,-0.019683612510561943,0.6528534889221191,-0.01942061446607113,-0.00026300176978111267,0.0,-0.10510216653347015,1.137890100479126,0.7406439477604778,6.899245262145996,1.8427255153656006,6.7941436767578125,2.2343544960021973,6.794509410858154,4.19704794883728,,,,,,
8789940000.0,101.35,8.800000190734863,6391222784.0,2429.803590182359,4138.0,0.081787109375,67813376.0,142284.99474024773,0.0009879822609946132,0.006103515625,1.9437261819839478,-0.01934790425002575,0.5611685514450073,-0.019437260925769806,8.935574442148209e-05,0.0,0.03997693210840225,1.0568139553070068,0.748883131309138,6.97468376159668,1.8243200778961182,7.014660835266113,2.1089229583740234,6.742931842803955,4.1929240226745605,,,,,,
8789940000.0,114.03,7.699999809265137,6391222784.0,2411.880974592648,4139.0,0.0836181640625,67829760.0,142291.78777861595,0.0008967692265287042,0.003662109375,1.9178097248077393,-0.019027478992938995,0.6893011927604675,-0.01917809620499611,0.0001506209373474121,0.0,-0.062008846551179886,1.1741055250167847,0.7203026465544817,6.931662559509277,1.9422149658203125,6.869653701782227,2.2200510501861572,6.793038368225098,4.196218013763428,,,,,,
8789940000.0,114.21,8.100000381469727,6391222784.0,2430.6794524492057,4140.0,0.0701904296875,67846144.0,142298.52828073502,0.001477171666920185,0.00994873046875,1.9163564443588257,-0.018839318305253983,0.525200605392456,-0.01916356384754181,0.0003242483362555504,0.0,-0.004167400766164064,1.024823546409607,0.7447072866961585,6.6452226638793945,1.7763584852218628,6.641055107116699,2.0282881259918213,6.740502119064331,4.1945624351501465,,,,,,
8789940000.0,114.54,8.5,6391222784.0,2401.1337943810877,4141.0,0.09521484375,67862528.0,142305.35172390938,0.001280690310522914,0.00799560546875,1.8467506170272827,-0.018151266500353813,0.6190906167030334,-0.018467508256435394,0.0003162398934364319,0.0,0.08601405471563339,1.105734944343567,0.7205458882513246,6.991887092590332,1.8197089433670044,7.0779008865356445,2.0916812419891357,6.823443174362183,4.18567967414856,,,,,,
8789940000.0,74.64,8.699999809265137,6391222784.0,2438.8734666823816,4142.0,0.0982666015625,67878912.0,142312.0695796013,0.002815956249833107,0.0201416015625,1.8182660341262817,-0.017696842551231384,0.5783611536026001,-0.0181826613843441,0.00048581697046756744,0.0,0.08694370090961456,1.0731853246688843,0.748637611175335,7.154378890991211,1.9004939794540405,7.2413225173950195,2.1405446529388428,6.71785569190979,4.188502550125122,,,,,,
8789940000.0,122.85,7.800000190734863,6391222784.0,2445.377815920079,4143.0,0.078125,67895296.0,142318.76956677437,0.0013515920145437121,0.00933837890625,1.8750317096710205,-0.018780231475830078,0.6268651485443115,-0.01875031739473343,-2.9913149774074554e-05,0.0,-0.07150976359844208,1.1177436113357544,0.7234714184033908,6.8385210037231445,1.8300457000732422,6.767010688781738,2.125553607940674,6.699987173080444,4.183161497116089,,,,,,
8789940000.0,94.94,8.300000190734863,6391222784.0,2441.5226269619197,4144.0,0.0836181640625,67911680.0,142325.48013329506,0.0011480795219540596,0.00799560546875,1.8273875713348389,-0.017815448343753815,0.6444987654685974,-0.01827387511730194,0.00045842863619327545,0.0,0.02637164667248726,1.134194016456604,0.7215513115172324,6.907005310058594,1.8474775552749634,6.933376789093018,2.1493875980377197,6.710566520690918,4.196614742279053,,,,,,
8789940000.0,92.75,8.600000381469727,6391222784.0,2399.388554047337,4145.0,0.0921630859375,67928064.0,142332.30853962898,0.0018661202630028129,0.015869140625,1.8015897274017334,-0.017513075843453407,0.6524541974067688,-0.018015896901488304,0.0005028173327445984,0.0,0.024017944931983948,1.1398783922195435,0.7172001571438275,6.868506908416748,1.8378316164016724,6.8925251960754395,2.1434783935546875,6.82840633392334,4.193177223205566,,,,,,
8789940000.0,86.91,8.399999618530273,6391222784.0,2402.472465609981,4146.0,0.0762939453125,67944448.0,142339.12818074226,0.0012324044946581125,0.00799560546875,1.8585983514785767,-0.017430566251277924,0.5309093594551086,-0.01858598366379738,0.0011554169468581676,0.0,0.003978142514824867,1.0293289422988892,0.7538359724773531,6.872380256652832,1.8001371622085571,6.876358985900879,2.0746376514434814,6.81964111328125,4.222999095916748,,,,,,
8789940000.0,96.67,8.600000381469727,6391222784.0,2443.9877012993243,4147.0,0.0799560546875,67960832.0,142345.8319787979,0.0012499074218794703,0.00750732421875,1.8584884405136108,-0.018314233049750328,0.5681877732276917,-0.018584884703159332,0.0002706525847315788,0.0,0.03265804797410965,1.069603681564331,0.7234944969685233,7.040239334106445,1.7583963871002197,7.072897911071777,2.034095287322998,6.703798055648804,4.192715167999268,,,,,,
8789940000.0,118.09,8.5,6391222784.0,2427.349283174138,4148.0,0.0677490234375,67977216.0,142352.5817284584,0.0018321071984246373,0.0169677734375,1.9486733675003052,-0.01938997581601143,0.5274263620376587,-0.01948673278093338,9.675510227680206e-05,0.0,-0.02765967696905136,1.0230344533920288,0.739788710529443,6.757730007171631,1.7658454179763794,6.730070114135742,2.005520820617676,6.749749660491943,4.20394229888916,,,,,,
8789940000.0,126.94,7.800000190734863,6391222784.0,2423.029417571152,4149.0,0.0634765625,67993600.0,142359.34351181984,0.000941410893574357,0.006591796875,1.9412587881088257,-0.019536569714546204,0.507625937461853,-0.019412586465477943,-0.00012398138642311096,0.0,-0.05088919401168823,1.0061700344085693,0.7412079376483107,6.682696342468262,1.7173378467559814,6.631807327270508,1.977863073348999,6.7617833614349365,4.182956695556641,,,,,,
8789940000.0,126.84,8.699999809265137,6391222784.0,2411.8147793569265,4150.0,0.062255859375,68009984.0,142366.1367366314,0.0008090954506769776,0.00494384765625,1.9641449451446533,-0.019419610500335693,0.4161616563796997,-0.019641447812318802,0.0002218354493379593,0.0,0.027492549270391464,0.9123900532722473,0.7740170560998083,6.535758018493652,1.6783902645111084,6.563250541687012,1.91930091381073,6.793224811553955,4.206821918487549,,,,,,
8789940000.0,156.54,7.699999809265137,6391222784.0,2380.819674644933,4151.0,0.054931640625,68026368.0,142373.01840019226,0.0019742485601454973,0.01629638671875,1.9803435802459717,-0.019079655408859253,0.509998619556427,-0.019803432747721672,0.0007237810641527176,0.0,-0.07524798810482025,1.0056730508804321,0.7239377880987283,6.604300022125244,1.6474039554595947,6.529051780700684,1.9140498638153076,6.88166356086731,4.221797227859497,,,,,,
8789940000.0,138.35,8.300000190734863,6391222784.0,2396.02087134166,4152.0,0.0494384765625,68042752.0,142379.8564040661,0.001214692834764719,0.0084228515625,2.0182974338531494,-0.019856179133057594,0.3892626464366913,-0.020182974636554718,0.00032679177820682526,0.0,-0.014132638461887836,0.8817287683486938,0.7615793156702468,6.387939453125,1.5863816738128662,6.373806476593018,1.8057712316513062,6.838003873825073,4.198711156845093,,,,,,
8789940000.0,119.63,7.5,6391222784.0,2393.1173232263523,4153.0,0.052490234375,68059136.0,142386.70270442963,0.0014304833021014929,0.00982666015625,2.028487205505371,-0.020106997340917587,0.49769338965415955,-0.020284872502088547,0.0001778770238161087,0.0,-0.0959639847278595,0.9928151369094849,0.7428054398509534,6.306245803833008,1.6725637912750244,6.210281848907471,1.9576606750488281,6.846300363540649,4.237897872924805,,,,,,
8789940000.0,181.69,8.0,6391222784.0,2448.9875339455707,4154.0,0.057373046875,68075520.0,142393.39281606674,0.0020986711606383324,0.01751708984375,1.9911166429519653,-0.018971653655171394,0.45022815465927124,-0.01991116814315319,0.0009395107626914978,0.0,-0.06589808315038681,0.9446614980697632,0.7771114804165808,6.473603248596191,1.6988317966461182,6.407705307006836,2.000933885574341,6.6901116371154785,4.202945232391357,,,,,,
8789940000.0,178.09,7.300000190734863,6391222784.0,2431.6260691124203,4155.0,0.059814453125,68091904.0,142400.13069415092,0.005649450235068798,0.0538330078125,1.9724829196929932,-0.01880316436290741,0.5397046804428101,-0.019724830985069275,0.0009216628968715668,0.0,-0.04603400453925133,1.0392556190490723,0.7603397526025082,6.317673683166504,1.7852680683135986,6.271640300750732,2.1228749752044678,6.737878084182739,4.236577749252319,,,,,,
8789940000.0,94.64,8.699999809265137,6391222784.0,2432.023048619314,4156.0,0.0677490234375,68108288.0,142406.8674724102,0.0030215622391551733,0.02935791015625,1.966169834136963,-0.0194940734654665,0.4759488105773926,-0.01966170035302639,0.00016762688755989075,0.0,0.0361538901925087,0.9752391576766968,0.77693626683908,6.416479110717773,1.8045663833618164,6.452633380889893,2.064889907836914,6.736778259277344,4.1866443157196045,,,,,,
8789940000.0,100.08,8.699999809265137,6391222784.0,2365.189919313093,4157.0,0.0689697265625,68124672.0,142413.79461169243,0.0019308621995151043,0.01641845703125,1.952209711074829,-0.018570689484477043,0.5162686705589294,-0.01952209696173668,0.0009514074772596359,0.0,0.07029257714748383,1.0137758255004883,0.7599141292030768,6.520408630371094,1.865271806716919,6.590701103210449,2.06899094581604,6.9271392822265625,4.22563362121582,,,,,,
8789940000.0,140.39,7.599999904632568,6391222784.0,2412.160863150178,4158.0,0.06591796875,68141056.0,142420.58686184883,0.0009046770283021033,0.00457763671875,1.9626972675323486,-0.019681574776768684,0.6329294443130493,-0.01962697133421898,-5.460251122713089e-05,0.0,-0.10995982587337494,1.1205928325653076,0.7413643503309206,6.555052757263184,1.924351692199707,6.44509220123291,2.203451633453369,6.792250156402588,4.190568685531616,,,,,,
8789940000.0,117.19,8.199999809265137,6391222784.0,2426.3736085937217,4159.0,0.0848388671875,68157440.0,142427.33932566643,0.0012925604823976755,0.0079345703125,1.933990240097046,-0.01836315728724003,0.5858942270278931,-0.019339904189109802,0.0009767450392246246,0.0,0.03926042467355728,1.0794838666915894,0.7447324621754299,6.7039408683776855,1.8648351430892944,6.74320125579834,2.1365747451782227,6.7524638175964355,4.198254108428955,,,,,,
,,,,,,,,,,,,,,,,,,,,,,,,,,0.021639509126544,0.5850704312324524,0.5419464707374573,0.021639509126544,0.5850704312324524,0.5419464707374573
,,,,,,,,,,,,,,,,,,,,,,,,,,0.021305153146386147,0.5316073298454285,0.5070346593856812,0.021305153146386147,0.5316073298454285,0.5070346593856812
,,,,,,,,,,,,,,,,,,,,,,,,,,0.020620455965399742,0.5053554177284241,0.48433756828308105,0.020620455965399742,0.5053554177284241,0.48433756828308105
,,,,,,,,,,,,,,,,,,,,,,,,,,0.0204036645591259,0.4854235351085663,0.465625137090683,0.0204036645591259,0.4854235351085663,0.465625137090683
,,,,,,,,,,,,,,,,,,,,,,,,,,0.020285075530409813,0.46780991554260254,0.4493405818939209,0.020285075530409813,0.46780991554260254,0.4493405818939209
,,,,,,,,,,,,,,,,,,,,,,,,,,0.020568907260894775,0.45298659801483154,0.43592795729637146,0.020568907260894775,0.45298659801483154,0.43592795729637146
8789940000.0,113.76,8.0,6188634112.0,18.600007599102877,4160.0,0.0689697265625,68173824.0,143308.19918084145,0.000505508971400559,0.0009765625,1.9816750288009644,-0.019852086901664734,0.6288794279098511,-0.019816748797893524,-3.5336241126060486e-05,0.0,-0.04245418682694435,1.118732213973999,0.7037331462920684,6.820504188537598,1.751895546913147,6.778049468994141,2.0553438663482666,880.8598551750183,4.17680025100708,,,,,,
8789940000.0,130.93,7.199999809265137,6391222784.0,2435.026145406468,4161.0,0.057373046875,68190208.0,143314.92765069008,0.0007996025960892439,0.0032958984375,2.008856773376465,-0.020200736820697784,0.6505833864212036,-0.020088564604520798,-0.00011217081919312477,0.0,-0.10301610827445984,1.1413757801055908,0.6973868131018413,6.565463066101074,1.7559137344360352,6.462447166442871,2.0748400688171387,6.7284698486328125,4.1864190101623535,,,,,,
8789940000.0,81.29,8.5,6391222784.0,2414.2837285593673,4162.0,0.0701904296875,68206592.0,143321.71392846107,0.0010287956101819873,0.0032958984375,2.0298268795013428,-0.019414758309721947,0.4903300702571869,-0.020298264920711517,0.0008835084736347198,0.0,0.035898610949516296,0.9869160056114197,0.7579862347044972,6.547562599182129,1.7517286539077759,6.583461284637451,2.0061347484588623,6.786277770996094,4.203023672103882,,,,,,
8789940000.0,125.21,8.600000381469727,6391222784.0,2395.7899018499597,4163.0,0.0677490234375,68222976.0,143328.55259156227,0.00042572966776788235,0.000732421875,2.048637866973877,-0.020289475098252296,0.45729702711105347,-0.02048637717962265,0.0001969020813703537,0.0,0.021820414811372757,0.9573240876197815,0.7622264399067795,6.66400146484375,1.7326284646987915,6.685822010040283,1.9632575511932373,6.838663101196289,4.1908557415008545,,,,,,
8789940000.0,131.37,8.199999809265137,6391222784.0,2412.731000423776,4164.0,0.0567626953125,68239360.0,143335.3432366848,0.001029068836942315,0.00457763671875,2.053255319595337,-0.020433466881513596,0.4520888328552246,-0.020532552152872086,9.908806532621384e-05,0.0,-0.01721213199198246,0.9501835107803345,0.7793992749494866,6.631368160247803,1.7801274061203003,6.6141557693481445,2.0230374336242676,6.790645122528076,4.190236806869507,,,,,,
8789940000.0,131.95,8.300000190734863,6391222784.0,2372.4800143620373,4165.0,0.0787353515625,68255744.0,143342.24909043312,0.0008341860375367105,0.003662109375,2.005629539489746,-0.01983165554702282,0.5011444091796875,-0.02005629427731037,0.00022463686764240265,0.0,0.012092284858226776,1.002331018447876,0.764594698059657,6.799328804016113,1.7965373992919922,6.8114213943481445,2.065871000289917,6.905853748321533,4.1706390380859375,,,,,,
8789940000.0,96.11,8.600000381469727,6391222784.0,2428.117930543709,4166.0,0.078125,68272128.0,143348.9967033863,0.0007315541733987629,0.001220703125,2.0116465091705322,-0.019969038665294647,0.5300108194351196,-0.020116465166211128,0.00014742277562618256,0.0,0.04711856693029404,1.0313736200332642,0.7415748278956347,6.720407485961914,1.8019322156906128,6.767525672912598,2.0288443565368652,6.747612953186035,4.192273378372192,,,,,,
8789940000.0,97.81,8.300000190734863,6391222784.0,2420.710105358053,4167.0,0.07080078125,68288512.0,143355.7649652958,0.0006817596149630845,0.0025634765625,2.012751340866089,-0.019619937986135483,0.6254493594169617,-0.020127512514591217,0.0005075773224234581,0.0,-0.07388822734355927,1.1137357950210571,0.6998366608525872,6.744692802429199,1.7540398836135864,6.670804977416992,2.032841920852661,6.768261909484863,4.193825006484985,,,,,,
8789940000.0,113.57,7.400000095367432,6391222784.0,2407.6481648077147,4168.0,0.0628662109375,68304896.0,143362.56994628906,0.001079149660654366,0.00506591796875,2.057969570159912,-0.02058776095509529,0.5520601868629456,-0.02057969570159912,-8.066417649388313e-06,0.0,-0.11479849368333817,1.0511797666549683,0.7360564880590389,6.5970354080200195,1.7160437107086182,6.482237339019775,2.046074628829956,6.804980993270874,4.195627927780151,,,,,,
8789940000.0,127.36,7.699999809265137,6391222784.0,2371.247614793827,4169.0,0.05615234375,68321280.0,143369.47938919067,0.0009656037436798215,0.0050048828125,2.0559329986572266,-0.019956275820732117,0.552002489566803,-0.02055932953953743,0.00060304906219244,0.0,-0.047046057879924774,1.0498074293136597,0.7182967939389986,6.378045082092285,1.6642251014709473,6.330998420715332,1.9779413938522339,6.909442901611328,4.16752552986145,,,,,,
8789940000.0,130.0,8.800000190734863,6391222784.0,2364.3904648553666,4170.0,0.0689697265625,68337664.0,143376.40887069702,0.000602818327024579,0.00189208984375,2.0397541522979736,-0.02024180442094803,0.42574769258499146,-0.02039753831923008,0.00015573948621749878,0.0,0.10491077601909637,0.9194165468215942,0.7680928750020217,6.411857604980469,1.6402984857559204,6.516767978668213,1.9092165231704712,6.929481506347656,4.198624610900879,,,,,,
8789940000.0,140.16,8.100000381469727,6391222784.0,2367.870126158614,4171.0,0.0628662109375,68354048.0,143383.32816910744,0.000766344484873116,0.0042724609375,2.038546323776245,-0.02010144665837288,0.5082461833953857,-0.020385462790727615,0.0002840207889676094,0.0,-0.00871374923735857,1.0051203966140747,0.7419326270629096,6.606260299682617,1.7072325944900513,6.597546577453613,1.9785704612731934,6.919298410415649,4.184070587158203,,,,,,
8789940000.0,139.42,8.800000190734863,6391222784.0,2394.193963519341,4172.0,0.06591796875,68370432.0,143390.17139077187,0.0011678531300276518,0.00677490234375,2.0462732315063477,-0.019870366901159286,0.4132483899593353,-0.020462732762098312,0.0005923658609390259,0.0,0.045250631868839264,0.9066567420959473,0.7723832843539848,6.5996551513671875,1.708428144454956,6.644906044006348,1.9003815650939941,6.843221664428711,4.187995433807373,,,,,,
8789940000.0,139.26,8.300000190734863,6391222784.0,2403.9609664010663,4173.0,0.0531005859375,68386816.0,143396.9868092537,0.0008596231928095222,0.00433349609375,2.07452392578125,-0.020366353914141655,0.4960780143737793,-0.02074524015188217,0.00037888064980506897,0.0,-0.009522037580609322,0.9928268194198608,0.7369266848897212,6.6183061599731445,1.7219936847686768,6.608784198760986,1.935686707496643,6.815418481826782,4.179234743118286,,,,,,
8789940000.0,143.7,8.399999618530273,6391222784.0,2446.7099257674945,4174.0,0.05615234375,68403200.0,143403.6831486225,0.0009731390746310353,0.005615234375,2.1087470054626465,-0.020871847867965698,0.4341930150985718,-0.021087471395730972,0.00021562352776527405,0.0,0.018619704991579056,0.9316114187240601,0.7660220504054549,6.521541595458984,1.6943295001983643,6.540161609649658,1.9259605407714844,6.69633936882019,4.17594313621521,,,,,,
8789940000.0,139.52,8.5,6391222784.0,2397.48415530708,4175.0,0.06591796875,68419584.0,143410.5169789791,0.0008268493111245334,0.0045166015625,2.080488443374634,-0.020849227905273438,0.432324081659317,-0.020804883912205696,-4.434306174516678e-05,0.0,-0.00012949761003255844,0.9295374155044556,0.7875880403278834,6.5303144454956055,1.7772972583770752,6.530184745788574,2.01686692237854,6.8338303565979,4.187095880508423,,,,,,
8789940000.0,176.32,8.100000381469727,6391222784.0,2414.364903748776,4176.0,0.0604248046875,68435968.0,143417.30302858353,0.0007531921146437526,0.0037841796875,2.0615103244781494,-0.020277468487620354,0.4986426830291748,-0.020615104585886,0.00033763423562049866,0.0,-0.018181420862674713,0.9973855018615723,0.745884857606929,6.582917213439941,1.7241475582122803,6.564735412597656,1.9785535335540771,6.7860496044158936,4.180701017379761,,,,,,
8789940000.0,118.97,8.100000381469727,6391222784.0,2419.839025814407,4177.0,0.0604248046875,68452352.0,143424.07372689247,0.0011097067035734653,0.00836181640625,2.0762593746185303,-0.020544618368148804,0.5096457004547119,-0.020762592554092407,0.0002179732546210289,0.0,-0.020335499197244644,1.0071808099746704,0.7530992974582608,6.603793144226074,1.7514652013778687,6.583457946777344,2.026965856552124,6.770698308944702,4.205485582351685,,,,,,
8789940000.0,131.67,7.800000190734863,6391222784.0,2418.5622240580565,4178.0,0.068359375,68468736.0,143430.84799957275,0.0007966755656525493,0.00439453125,2.066713333129883,-0.020673884078860283,0.5115188360214233,-0.02066713571548462,-6.752088665962219e-06,0.0,-0.05590737611055374,1.0079768896102905,0.7599276557018935,6.597418785095215,1.7550995349884033,6.541511058807373,2.057213306427002,6.774272680282593,4.177419900894165,,,,,,
8789940000.0,117.26,9.199999809265137,6391222784.0,2425.822695720939,4179.0,0.0665283203125,68485120.0,143437.60199689865,0.0010552501771599054,0.00701904296875,2.1014139652252197,-0.021050289273262024,0.42937278747558594,-0.02101413905620575,-3.614835441112518e-05,0.0,0.08907213807106018,0.9243635535240173,0.7823295966963607,6.523462295532227,1.7828032970428467,6.612534046173096,1.9812666177749634,6.753997325897217,4.180888414382935,,,,,,
8789940000.0,104.14,9.100000381469727,6391222784.0,2425.4719103895663,4180.0,0.0506591796875,68501504.0,143444.35697102547,0.001169190974906087,0.00836181640625,2.1431374549865723,-0.02170400321483612,0.3278740644454956,-0.021431373432278633,-0.00027262791991233826,0.0,0.03643753379583359,0.8105337619781494,0.7957657815154296,6.356753349304199,1.6667588949203491,6.393190860748291,1.793521523475647,6.754974126815796,4.195586681365967,,,,,,
8789940000.0,198.47,7.300000190734863,6391222784.0,2388.5477555908938,4181.0,0.05126953125,68517888.0,143451.21636915207,0.0017777333268895745,0.0147705078125,2.1472182273864746,-0.020582720637321472,0.47168758511543274,-0.021472182124853134,0.0008894603233784437,0.0,-0.10678030550479889,0.9661183953285217,0.7485930627929156,6.37520694732666,1.6274912357330322,6.268426418304443,1.9268230199813843,6.859398126602173,4.185570478439331,,,,,,
8789940000.0,143.87,8.300000190734863,6391222784.0,2297.4694156583428,4182.0,0.0494384765625,68534272.0,143458.34769368172,0.0015250133583322167,0.01202392578125,2.1810216903686523,-0.021669680252671242,0.3824516832828522,-0.021810216829180717,0.0001405365765094757,0.0,-0.04990355297923088,0.8755394816398621,0.765634730968227,6.347442150115967,1.600119948387146,6.297538757324219,1.8085442781448364,7.131324529647827,4.171459436416626,,,,,,
8789940000.0,177.53,7.400000095367432,6391222784.0,2422.277819827616,4183.0,0.04150390625,68550656.0,143465.11157512665,0.0010661273263394833,0.00653076171875,2.1719627380371094,-0.021587975323200226,0.4247414469718933,-0.02171962521970272,0.0001316545531153679,0.0,-0.07145901024341583,0.9212725162506104,0.7596858041725453,6.145339012145996,1.6227024793624878,6.073880195617676,1.8793107271194458,6.76388144493103,4.204479694366455,,,,,,
8789940000.0,160.23,8.0,6391222784.0,2445.307767953613,4184.0,0.0634765625,68567040.0,143471.81175422668,0.0007705274038016796,0.0025634765625,2.1210014820098877,-0.02175605297088623,0.4715660512447357,-0.021210014820098877,-0.0005460381507873535,0.0,0.03280778229236603,0.9699475765228271,0.773532240884863,6.279523849487305,1.7374461889266968,6.312331676483154,2.038191795349121,6.700179100036621,4.181124210357666,,,,,,
8789940000.0,168.94,8.399999618530273,6391222784.0,2428.1778166176114,4185.0,0.0592041015625,68583424.0,143478.5592007637,0.00113098812289536,0.00714111328125,2.149733543395996,-0.020655520260334015,0.44720879197120667,-0.02149733528494835,0.0008418168872594833,0.0,0.009445201605558395,0.9447870850563049,0.7767163113355497,6.309601306915283,1.7267048358917236,6.319046497344971,1.9994268417358398,6.747446537017822,4.195451736450195,,,,,,
8789940000.0,129.64,8.5,6391222784.0,2397.603604024795,4186.0,0.0701904296875,68599808.0,143485.39269065857,0.0011867285938933492,0.00909423828125,2.139531373977661,-0.021154072135686874,0.4665689468383789,-0.02139531448483467,0.00024123769253492355,0.0,-0.015442173928022385,0.9639976024627686,0.7893151646705844,6.493081092834473,1.8783237934112549,6.477639198303223,2.1001949310302734,6.833489894866943,4.194046497344971,,,,,,
8789940000.0,132.83,8.600000381469727,6391222784.0,2386.0432329882015,4187.0,0.052490234375,68616192.0,143492.25928878784,0.0013261265121400356,0.008056640625,2.1357274055480957,-0.02070041000843048,0.41221749782562256,-0.021357271820306778,0.0006568636745214462,0.0,0.015970155596733093,0.9067728519439697,0.7766804548283963,6.2754340171813965,1.713752031326294,6.2914042472839355,1.9188241958618164,6.866598129272461,4.177135705947876,,,,,,
8789940000.0,165.82,8.300000190734863,6391222784.0,2369.7443393301105,4188.0,0.0567626953125,68632576.0,143499.1731147766,0.0009201369248330593,0.0045166015625,2.1347556114196777,-0.021260611712932587,0.4106953740119934,-0.02134755812585354,8.694268763065338e-05,0.0,0.01478374470025301,0.9076842069625854,0.7967569571936826,6.32680606842041,1.7927882671356201,6.341589450836182,2.013385534286499,6.913825988769531,4.190643072128296,,,,,,
8789940000.0,154.05,8.0,6391222784.0,2409.9118245405307,4189.0,0.042724609375,68648960.0,143505.97170376778,0.0008297823369503021,0.0037841796875,2.128676652908325,-0.02127072773873806,0.45130565762519836,-0.02128676511347294,1.6038306057453156e-05,0.0,-0.044468894600868225,0.9487507343292236,0.7397483961665008,6.171483993530273,1.6362521648406982,6.127015113830566,1.8597546815872192,6.798588991165161,4.197815656661987,,,,,,
8789940000.0,203.52,7.800000190734863,6391222784.0,2438.9595932443144,4190.0,0.0531005859375,68665344.0,143512.6893222332,0.0012792134657502174,0.00872802734375,2.101008176803589,-0.02095896378159523,0.48836636543273926,-0.021010082215070724,5.1118433475494385e-05,0.0,0.0002569933421909809,0.9854896664619446,0.7396598015754063,6.416080474853516,1.6636650562286377,6.416337490081787,1.931441068649292,6.717618465423584,4.1817216873168945,,,,,,
8789940000.0,115.68,8.399999618530273,6391222784.0,2439.326413360284,4191.0,0.06103515625,68681728.0,143519.4059305191,0.0012463508173823357,0.00579833984375,2.094360589981079,-0.02073013037443161,0.4480840861797333,-0.02094360813498497,0.00021347030997276306,0.0,0.04246535897254944,0.943539559841156,0.7644381449871117,6.410022735595703,1.728292465209961,6.452487945556641,1.9440507888793945,6.716608285903931,4.190783262252808,,,,,,
,,,,,,,,,,,,,,,,,,,,,,,,,,0.017050907015800476,0.5033501386642456,0.46571019291877747,0.017050907015800476,0.5033501386642456,0.46571019291877747
,,,,,,,,,,,,,,,,,,,,,,,,,,0.01599777303636074,0.46033310890197754,0.4396245777606964,0.01599777303636074,0.46033310890197754,0.4396245777606964
,,,,,,,,,,,,,,,,,,,,,,,,,,0.016054989770054817,0.4390195608139038,0.41902655363082886,0.016054989770054817,0.4390195608139038,0.41902655363082886
,,,,,,,,,,,,,,,,,,,,,,,,,,0.016385143622756004,0.4212958514690399,0.4033398926258087,0.016385143622756004,0.4212958514690399,0.4033398926258087
,,,,,,,,,,,,,,,,,,,,,,,,,,0.016518576070666313,0.4062972068786621,0.38841718435287476,0.016518576070666313,0.4062972068786621,0.38841718435287476
,,,,,,,,,,,,,,,,,,,,,,,,,,0.01734374277293682,0.39378321170806885,0.3754388093948364,0.01734374277293682,0.39378321170806885,0.3754388093948364
8789940000.0,153.92,8.300000190734863,6188634112.0,18.60163550414011,4192.0,0.0604248046875,68698112.0,144400.18869805336,0.0005686513613909483,0.0006103515625,2.1281607151031494,-0.02107788249850273,0.49313652515411377,-0.021281607449054718,0.0002037249505519867,0.0,0.002661025384441018,0.9939519762992859,0.7518237412348948,6.357517242431641,1.760751485824585,6.360177993774414,1.9951947927474976,880.782767534256,4.187282085418701,,,,,,
8789940000.0,129.88,7.800000190734863,6391222784.0,2446.23768790333,4193.0,0.0592041015625,68714496.0,144406.88633012772,0.0011349401902407408,0.00732421875,2.0960335731506348,-0.02112092263996601,0.5967184901237488,-0.020960334688425064,-0.00016058888286352158,0.0,-0.019304998219013214,1.0892410278320312,0.7099639787336567,6.5546746253967285,1.7711961269378662,6.535369873046875,2.0225439071655273,6.697632074356079,4.18964695930481,,,,,,
8789940000.0,129.25,8.100000381469727,6391222784.0,2435.204247436779,4194.0,0.05615234375,68730880.0,144413.6143078804,0.0007636683294549584,0.00177001953125,2.1341331005096436,-0.021209262311458588,0.4572749137878418,-0.02134132944047451,0.0001320643350481987,0.0,-0.01994885504245758,0.9559983611106873,0.7552718730180431,6.191847324371338,1.7075423002243042,6.171898365020752,1.9324803352355957,6.727977752685547,4.1957526206970215,,,,,,
8789940000.0,165.39,7.800000190734863,6391222784.0,2432.2210274329154,4195.0,0.0445556640625,68747264.0,144420.35053777695,0.0015688230050727725,0.01202392578125,2.1510400772094727,-0.021740835160017014,0.3812869191169739,-0.021510399878025055,-0.00023043551482260227,0.0,-0.05193527787923813,0.8729756474494934,0.7861947461380857,6.020733833312988,1.6231776475906372,5.968798637390137,1.8879603147506714,6.73622989654541,4.195526599884033,,,,,,
8789940000.0,170.5,7.199999809265137,6391222784.0,2428.9512815537205,4196.0,0.0360107421875,68763648.0,144427.09583568573,0.0010913184378296137,0.0054931640625,2.1607718467712402,-0.02148345112800598,0.4033786356449127,-0.021607719361782074,0.00012426543980836868,0.0,-0.07627059519290924,0.8979406952857971,0.7606662506503574,5.967325210571289,1.6042182445526123,5.891055107116699,1.8354631662368774,6.745297908782959,4.1999876499176025,,,,,,
8789940000.0,190.65,7.900000095367432,6391222784.0,2415.2291598263355,4197.0,0.0372314453125,68780032.0,144433.87945699692,0.000602872867602855,0.00189208984375,2.1745119094848633,-0.021520055830478668,0.3398289084434509,-0.021745117381215096,0.00022505945526063442,0.0,-0.007482660934329033,0.8249363303184509,0.7758797529671141,5.899889945983887,1.503186821937561,5.892406940460205,1.7425287961959839,6.783621311187744,4.20055365562439,,,,,,
8789940000.0,223.98,8.199999809265137,6391222784.0,2424.4967176785085,4198.0,0.042724609375,68796416.0,144440.63714814186,0.0010071753058582544,0.00579833984375,2.175919532775879,-0.021596349775791168,0.3919278681278229,-0.021759195253252983,0.00016284501180052757,0.0,-0.004842281341552734,0.8846243619918823,0.7509968377053929,6.08835506439209,1.5532639026641846,6.083512306213379,1.7727859020233154,6.757691144943237,4.19084620475769,,,,,,
8789940000.0,169.61,7.900000095367432,6391222784.0,2408.7673045064694,4199.0,0.04638671875,68812800.0,144447.43896746635,0.0009203508961945772,0.004150390625,2.1824374198913574,-0.021503349766135216,0.3917752504348755,-0.02182437665760517,0.0003210306167602539,0.0,0.004583301953971386,0.8835591673851013,0.7767744128624747,6.024643898010254,1.6176015138626099,6.029226779937744,1.870094895362854,6.801819324493408,4.192545652389526,,,,,,
8789940000.0,141.72,8.5,6391222784.0,2401.500569626853,4200.0,0.0482177734375,68829184.0,144454.2613685131,0.0016672072233632207,0.01422119140625,2.1983249187469482,-0.021467432379722595,0.35635659098625183,-0.021983249112963676,0.0005158158019185066,0.0,0.019390426576137543,0.8411006927490234,0.8049319304900858,5.942769527435303,1.6663607358932495,5.962160110473633,1.904386043548584,6.82240104675293,4.19489598274231,,,,,,
8789940000.0,187.75,7.699999809265137,6391222784.0,2429.2348886175655,4201.0,0.0531005859375,68845568.0,144461.00587892532,0.0008608503849245608,0.00408935546875,2.111393690109253,-0.021408624947071075,0.4681659936904907,-0.021113935858011246,-0.0002946881577372551,0.0,-0.04675130918622017,0.9662318229675293,0.7778722108439119,6.154758453369141,1.7687928676605225,6.108007431030273,2.050123929977417,6.7445104122161865,4.186900615692139,,,,,,
8789940000.0,153.64,8.5,6391222784.0,2418.845708886816,4202.0,0.054931640625,68861952.0,144467.77935767174,0.0007070034043863416,0.00341796875,2.111227035522461,-0.02077837660908699,0.44675302505493164,-0.021112270653247833,0.0003338931128382683,0.0,0.03413582593202591,0.9464944005012512,0.781763127140984,6.229161739349365,1.83139169216156,6.263298034667969,2.026068687438965,6.773478746414185,4.184142112731934,,,,,,
8789940000.0,147.87,8.100000381469727,6391222784.0,2420.5371863844734,4203.0,0.067138671875,68878336.0,144474.5481030941,0.000798944616690278,0.00299072265625,2.082845449447632,-0.020852860063314438,0.566250205039978,-0.020828455686569214,-2.4405308067798615e-05,0.0,0.04770695045590401,1.061182975769043,0.7572175011725938,6.326504707336426,1.913461685180664,6.37421178817749,2.1536824703216553,6.768745422363281,4.182020425796509,,,,,,
8789940000.0,127.62,7.900000095367432,6391222784.0,2409.5389272883835,4204.0,0.0616455078125,68894720.0,144481.34774422646,0.0006880749715492129,0.003662109375,2.103677272796631,-0.020606188103556633,0.5715528130531311,-0.021036773920059204,0.0004305848851799965,0.0,-0.017801126465201378,1.0658555030822754,0.7459218851667084,6.2135419845581055,1.8579622507095337,6.195740699768066,2.114534378051758,6.799641132354736,4.172868967056274,,,,,,
8789940000.0,139.29,8.0,6391222784.0,2432.902062378144,4205.0,0.054931640625,68911104.0,144488.08208847046,0.0011472078040242195,0.007568359375,2.0843162536621094,-0.02061225287616253,0.4913279712200165,-0.02084316313266754,0.00023091258481144905,0.0,-0.024890225380659103,0.992405891418457,0.7628232524405569,6.140393257141113,1.789001703262329,6.115503311157227,2.0377614498138428,6.734344244003296,4.179907321929932,,,,,,
8789940000.0,113.01,8.5,6391222784.0,2421.9919081169915,4206.0,0.062255859375,68927488.0,144494.8467683792,0.0007876338786445558,0.0025634765625,2.093024730682373,-0.020490534603595734,0.435714989900589,-0.020930251106619835,0.0004397183656692505,0.0,0.05678623914718628,0.9340759515762329,0.7936416286854313,6.236937522888184,1.8242945671081543,6.293724060058594,2.0562283992767334,6.764679908752441,4.185094833374023,,,,,,
8789940000.0,143.64,7.900000095367432,6391222784.0,2422.1476187555736,4207.0,0.0537109375,68943872.0,144501.61101341248,0.0009240591316483915,0.0029296875,2.1050004959106445,-0.020779509097337723,0.4556523263454437,-0.02105000615119934,0.00027049798518419266,0.0,-0.010034523904323578,0.9551528692245483,0.7828619327713867,6.189842224121094,1.8051930665969849,6.179807662963867,2.0497682094573975,6.76424503326416,4.1934168338775635,,,,,,
8789940000.0,144.25,7.800000190734863,6391222784.0,2443.561695228856,4208.0,0.0701904296875,68960256.0,144508.315980196,0.001179657643660903,0.00738525390625,2.0499327182769775,-0.020416729152202606,0.6298782825469971,-0.020499326288700104,8.259247988462448e-05,0.0,-0.02051428146660328,1.118730902671814,0.7586396594628032,6.435693740844727,1.9801299571990967,6.415179252624512,2.2771551609039307,6.70496678352356,4.171106815338135,,,,,,
8789940000.0,120.43,8.0,6391222784.0,2422.100664426183,4209.0,0.0701904296875,68976640.0,144515.08035635948,0.00119106681086123,0.0076904296875,2.0496859550476074,-0.02044040523469448,0.5404459834098816,-0.020496858283877373,5.6453049182891846e-05,0.0,-0.0017388686537742615,1.0368188619613647,0.7590675726779502,6.341763019561768,1.8286479711532593,6.340023994445801,2.112297773361206,6.764376163482666,4.182829856872559,,,,,,
8789940000.0,105.13,8.300000190734863,6391222784.0,2447.8863482454753,4210.0,0.059814453125,68993024.0,144521.77347755432,0.0012363982386887074,0.00970458984375,2.0482327938079834,-0.019960224628448486,0.5039786100387573,-0.02048232965171337,0.0005221045576035976,0.0,0.018707580864429474,1.0063207149505615,0.7761180009875639,6.264758110046387,1.8571914434432983,6.283465385437012,2.1267995834350586,6.6931211948394775,4.206219434738159,,,,,,
8789940000.0,98.84,8.699999809265137,6391222784.0,2437.763800670142,4211.0,0.0836181640625,69009408.0,144528.49439120293,0.0005271023255772889,0.00177001953125,2.0133180618286133,-0.019723553210496902,0.4890934228897095,-0.020133178681135178,0.00040962593629956245,0.0,0.10883206129074097,0.9862403869628906,0.8040758900344744,6.419142723083496,1.9922115802764893,6.527974605560303,2.228120803833008,6.720913648605347,4.194006443023682,,,,,,
8789940000.0,121.36,8.199999809265137,6391222784.0,2375.797407657545,4212.0,0.069580078125,69025792.0,144535.39060211182,0.0011484433198347688,0.009521484375,2.0025620460510254,-0.01955375447869301,0.6049054265022278,-0.020025620236992836,0.0004718657582998276,0.0,-0.007868949323892593,1.0995622873306274,0.7474069000781689,6.450291633605957,1.930423617362976,6.442422389984131,2.1878068447113037,6.8962109088897705,4.192969560623169,,,,,,
8789940000.0,126.7,8.300000190734863,6391222784.0,2417.301224302744,4213.0,0.064697265625,69042176.0,144542.16840863228,0.002230243291705847,0.01605224609375,2.061206102371216,-0.020481254905462265,0.46803244948387146,-0.020612061023712158,0.00013080518692731857,0.0,-0.01135983131825924,0.9663200974464417,0.7796552491300424,6.43303108215332,1.8486329317092896,6.421670913696289,2.0585877895355225,6.777806520462036,4.1669299602508545,,,,,,
8789940000.0,110.05,8.100000381469727,6391222784.0,2414.019289678549,4214.0,0.0640869140625,69058560.0,144548.9554297924,0.0012995596043765545,0.0067138671875,2.050234794616699,-0.020695803686976433,0.5909255146980286,-0.020502347499132156,-0.00019345968030393124,0.0,-0.048418138176202774,1.0871318578720093,0.7297562363617724,6.548402786254883,1.8337070941925049,6.4999847412109375,2.0912420749664307,6.787021160125732,4.181707143783569,,,,,,
8789940000.0,148.71,8.100000381469727,6391222784.0,2422.3135955571215,4215.0,0.0640869140625,69074944.0,144555.71921133995,0.0013664662837982178,0.00836181640625,2.0793633460998535,-0.019860757514834404,0.4979017674922943,-0.02079363353550434,0.0009328774176537991,0.0,0.02960582822561264,0.9915089011192322,0.7687407798525832,6.560964584350586,1.8220971822738647,6.590570449829102,2.061802625656128,6.763781547546387,4.200449466705322,,,,,,
8789940000.0,134.97,7.5,6391222784.0,2444.5316788745963,4216.0,0.059814453125,69091328.0,144562.42151761055,0.001207672175951302,0.0074462890625,2.053039073944092,-0.019987259060144424,0.5738828182220459,-0.020530391484498978,0.0005431333556771278,0.0,-0.024954140186309814,1.0704344511032104,0.7340261312158802,6.472491264343262,1.7733392715454102,6.447536468505859,2.0755841732025146,6.702306270599365,4.199412822723389,,,,,,
8789940000.0,127.58,8.199999809265137,6391222784.0,2427.6031008273344,4217.0,0.050048828125,69107712.0,144569.17056155205,0.0015123793855309486,0.009765625,2.0427989959716797,-0.020777713507413864,0.46132707595825195,-0.020427990704774857,-0.00034972443245351315,0.0,-0.040154434740543365,0.9647355675697327,0.728071821358339,6.29871940612793,1.6506267786026,6.2585649490356445,1.8500399589538574,6.749043941497803,4.198940753936768,,,,,,
8789940000.0,147.88,8.199999809265137,6391222784.0,2417.6752523054374,4218.0,0.04638671875,69124096.0,144575.9473195076,0.001693048281595111,0.014404296875,2.046894073486328,-0.020418982952833176,0.43567755818367004,-0.02046893909573555,4.995428025722504e-05,0.0,0.005699153523892164,0.9329761862754822,0.7499767402370792,6.144429683685303,1.6441959142684937,6.150128364562988,1.8658653497695923,6.7767579555511475,4.186232566833496,,,,,,
8789940000.0,152.16,8.0,6391222784.0,2431.4664704872494,4219.0,0.057373046875,69140480.0,144582.68563985825,0.0008449897868558764,0.004150390625,2.0472655296325684,-0.020480677485466003,0.47557997703552246,-0.020472653210163116,-8.021481335163116e-06,0.0,0.005760941654443741,0.9767309427261353,0.7543166094807892,6.20791482925415,1.6911766529083252,6.2136759757995605,1.9705495834350586,6.738320350646973,4.199056386947632,,,,,,
8789940000.0,156.97,8.0,6391222784.0,2429.4365363381175,4220.0,0.0677490234375,69156864.0,144589.42959046364,0.0010284646414220333,0.00677490234375,2.0060160160064697,-0.01995951496064663,0.5398263335227966,-0.020060161128640175,0.00010064616799354553,0.0,0.002018613973632455,1.0392794609069824,0.767425180070617,6.372251510620117,1.8446810245513916,6.374269962310791,2.1550190448760986,6.743950605392456,4.194484233856201,,,,,,
8789940000.0,112.71,8.5,6391222784.0,2432.957705547635,4221.0,0.067138671875,69173248.0,144596.16378068924,0.0013427119702100754,0.0091552734375,2.0200819969177246,-0.02020827867090702,0.5008870363235474,-0.02020081877708435,-7.459660992026329e-06,0.0,0.0443146750330925,1.0005468130111694,0.767202440133921,6.28487491607666,1.8281724452972412,6.329189300537109,2.073709726333618,6.734190225601196,4.175877094268799,,,,,,
8789940000.0,121.7,8.5,6391222784.0,2447.574134814065,4222.0,0.0604248046875,69189632.0,144602.857755661,0.0008953637443482876,0.005126953125,2.0100722312927246,-0.019651222974061966,0.4371527433395386,-0.020100722089409828,0.00044949818402528763,0.0,0.04354410618543625,0.9361893534660339,0.7779587141426125,6.388970375061035,1.7608983516693115,6.432514667510986,1.9867664575576782,6.69397497177124,4.173291444778442,,,,,,
8789940000.0,138.0,8.600000381469727,6391222784.0,2462.3026630873187,4223.0,0.0555419921875,69206016.0,144609.51168990135,0.0010208220919594169,0.00555419921875,2.0651841163635254,-0.01979517936706543,0.37058764696121216,-0.020651841536164284,0.0008566631004214287,0.0,-0.005565378349274397,0.862396240234375,0.7881976601226746,6.337292671203613,1.6975252628326416,6.331727027893066,1.873878002166748,6.6539342403411865,4.186123609542847,,,,,,
,,,,,,,,,,,,,,,,,,,,,,,,,,0.019685819745063782,0.5047678351402283,0.4722038209438324,0.019685819745063782,0.5047678351402283,0.4722038209438324
,,,,,,,,,,,,,,,,,,,,,,,,,,0.01760885678231716,0.4609156548976898,0.44047653675079346,0.01760885678231716,0.4609156548976898,0.44047653675079346
,,,,,,,,,,,,,,,,,,,,,,,,,,0.01691552996635437,0.43748435378074646,0.4203566610813141,0.01691552996635437,0.43748435378074646,0.4203566610813141
,,,,,,,,,,,,,,,,,,,,,,,,,,0.0167219340801239,0.42059749364852905,0.4028601050376892,0.0167219340801239,0.42059749364852905,0.4028601050376892
,,,,,,,,,,,,,,,,,,,,,,,,,,0.016745273023843765,0.40439072251319885,0.3873661756515503,0.016745273023843765,0.40439072251319885,0.3873661756515503
,,,,,,,,,,,,,,,,,,,,,,,,,,0.017458440735936165,0.393250972032547,0.37732669711112976,0.017458440735936165,0.393250972032547,0.37732669711112976
8789940000.0,134.42,8.5,6188634112.0,18.604790542680217,4224.0,0.0628662109375,69222400.0,145490.14509248734,0.000786392018198967,0.00421142578125,2.0518882274627686,-0.0200469009578228,0.5158389210700989,-0.02051888033747673,0.00047197937965393066,0.0,0.04635529965162277,1.0134968757629395,0.7381640096976937,6.3222761154174805,1.7554538249969482,6.368631362915039,1.9806506633758545,880.6334025859833,4.215636491775513,,,,,,
8789940000.0,141.56,8.0,6391222784.0,2433.808087812691,4225.0,0.0579833984375,69238784.0,145496.87692975998,0.0005591498920693994,0.00115966796875,2.0307483673095703,-0.020276863127946854,0.4617791771888733,-0.02030748501420021,3.062118776142597e-05,0.0,-0.01658223569393158,0.9596153497695923,0.7800334832487643,6.352304935455322,1.7900406122207642,6.33572244644165,2.0460619926452637,6.731837272644043,4.184814929962158,,,,,,
8789940000.0,148.76,8.300000190734863,6391222784.0,2418.2688489339725,4226.0,0.0592041015625,69255168.0,145503.6520242691,0.0009446578333154321,0.0032958984375,2.021162748336792,-0.019767263904213905,0.47782111167907715,-0.020211627706885338,0.00044436054304242134,0.0,0.015930302441120148,0.9774684309959412,0.7498932979818334,6.228813171386719,1.7348161935806274,6.244743347167969,1.9545202255249023,6.775094509124756,4.192650556564331,,,,,,
8789940000.0,137.61,7.599999904632568,6391222784.0,2419.988835145774,4227.0,0.0653076171875,69271552.0,145510.4223034382,0.0008134511299431324,0.00384521484375,2.006998062133789,-0.019975734874606133,0.680414080619812,-0.02006998285651207,9.424984455108643e-05,0.0,-0.03776868060231209,1.1681973934173584,0.7240288205897736,6.498999118804932,1.87483811378479,6.461230278015137,2.2237415313720703,6.770279169082642,4.196386098861694,,,,,,
8789940000.0,105.15,8.100000381469727,6391222784.0,2431.302591815894,4228.0,0.0823974609375,69287936.0,145517.16107797623,0.0011424581753090024,0.005615234375,1.9784420728683472,-0.019508395344018936,0.6055899858474731,-0.019784418866038322,0.0002760235220193863,0.0,0.05579289793968201,1.0960593223571777,0.7448728412519328,6.738164901733398,1.8896913528442383,6.7939581871032715,2.169980049133301,6.738774538040161,4.185214996337891,,,,,,
8789940000.0,110.93,8.199999809265137,6391222784.0,2435.822370341893,4229.0,0.0762939453125,69304320.0,145523.88734841347,0.0006112582050263882,0.001708984375,1.950075626373291,-0.019584152847528458,0.6285977959632874,-0.01950075663626194,-8.33994708955288e-05,0.0,0.029497534036636353,1.1212201118469238,0.7118095513802227,6.714112758636475,1.8292616605758667,6.743610382080078,2.088580846786499,6.726270437240601,4.188886880874634,,,,,,
8789940000.0,101.89,8.399999618530273,6391222784.0,2414.936168379403,4230.0,0.0750732421875,69320704.0,145530.6717927456,0.001096472260542214,0.00579833984375,1.9775029420852661,-0.019989384338259697,0.5152427554130554,-0.01977502927184105,-0.00021435599774122238,0.0,0.0036529533099383116,1.015272855758667,0.7522351929300539,6.7170729637146,1.8265113830566406,6.720726013183594,2.0396859645843506,6.784444332122803,4.1978371143341064,,,,,,
8789940000.0,96.45,8.5,6391222784.0,2435.5799521180898,4231.0,0.0762939453125,69337088.0,145537.3987326622,0.0009518400765955448,0.0045166015625,1.9683418273925781,-0.019811950623989105,0.5523151159286499,-0.019683416932821274,-0.00012853369116783142,0.0,0.059945374727249146,1.051893711090088,0.7297939976057786,6.748100280761719,1.7812882661819458,6.808045387268066,2.023599147796631,6.726939916610718,4.187688589096069,,,,,,
8789940000.0,102.44,8.600000381469727,6391222784.0,2492.286500814714,4232.0,0.086669921875,69353472.0,145543.97261571884,0.0008707414963282645,0.00482177734375,1.9169272184371948,-0.01939697191119194,0.6300178170204163,-0.019169269129633904,-0.0002277018502354622,0.0,0.04633410647511482,1.1225050687789917,0.7232403215812798,6.961034774780273,1.8691437244415283,7.007369041442871,2.1337177753448486,6.573883056640625,4.193284273147583,,,,,,
8789940000.0,84.01,8.5,6391222784.0,2457.123695845388,4233.0,0.08544921875,69369856.0,145550.64057469368,0.0012241664808243513,0.00762939453125,1.9394997358322144,-0.018842507153749466,0.5933806300163269,-0.019394999369978905,0.0005524903535842896,0.0,0.05845341831445694,1.089721918106079,0.7398401930781988,6.878410339355469,1.8655192852020264,6.936863899230957,2.136465072631836,6.667958974838257,4.192334413528442,,,,,,
8789940000.0,129.04,8.199999809265137,6391222784.0,2475.181514489089,4234.0,0.0775146484375,69386240.0,145557.25988721848,0.0009312431211583316,0.0047607421875,1.972144365310669,-0.019616032019257545,0.5783235430717468,-0.019721444696187973,0.00010541127994656563,0.0,0.025420933961868286,1.0746818780899048,0.7315583256685936,7.0095319747924805,1.830797791481018,7.0349531173706055,2.074221134185791,6.619312524795532,4.172506809234619,,,,,,
8789940000.0,95.47,8.5,6391222784.0,2342.4519241827893,4235.0,0.0823974609375,69402624.0,145564.25426769257,0.001300982665270567,0.00689697265625,1.9778342247009277,-0.01998763531446457,0.5312170386314392,-0.019778341054916382,-0.00020929332822561264,0.0,0.042316846549510956,1.0286364555358887,0.754438627825613,7.079250812530518,1.8231532573699951,7.121567726135254,2.075782299041748,6.994380474090576,4.189216613769531,,,,,,
8789940000.0,85.57,8.699999809265137,6391222784.0,2307.5811783488407,4236.0,0.086669921875,69419008.0,145571.35434293747,0.001891043852083385,0.01593017578125,1.968401312828064,-0.019629409536719322,0.6369410753250122,-0.01968401111662388,5.460204556584358e-05,0.0,0.021711017936468124,1.1271295547485352,0.6946246731485235,7.124341011047363,1.7896003723144531,7.146052360534668,2.039655923843384,7.1000752449035645,4.203330993652344,,,,,,
8789940000.0,90.33,8.100000381469727,6391222784.0,2386.9798544243818,4237.0,0.0872802734375,69435392.0,145578.21824669838,0.0016482078935950994,0.01409912109375,1.9532815217971802,-0.018901988863945007,0.7007530927658081,-0.019532816484570503,0.000630826922133565,0.0,-0.07313331216573715,1.1813870668411255,0.6998196303978965,7.006051063537598,1.841035008430481,6.932917594909668,2.1562600135803223,6.863903760910034,4.1956398487091064,,,,,,
8789940000.0,100.64,8.199999809265137,6391222784.0,2413.8340134353084,4238.0,0.0811767578125,69451776.0,145585.0057888031,0.0007144727278500795,0.0028076171875,1.957263469696045,-0.019296538084745407,0.5740698575973511,-0.019572634249925613,0.00027609989047050476,0.0,-0.009921442717313766,1.0713779926300049,0.7419170832132713,6.898862838745117,1.8094542026519775,6.888940811157227,2.108933687210083,6.787542104721069,4.190963506698608,,,,,,
8789940000.0,94.96,8.100000381469727,6391222784.0,2404.2061310382087,4239.0,0.074462890625,69468160.0,145591.82051229477,0.0008818344795145094,0.0057373046875,1.9555116891860962,-0.01999153569340706,0.590655505657196,-0.019555116072297096,-0.0004364214837551117,0.0,-0.07683305442333221,1.0849615335464478,0.7197627556076855,6.952364444732666,1.7241172790527344,6.875531196594238,2.049516201019287,6.814723491668701,4.1938676834106445,,,,,,
8789940000.0,108.42,8.600000381469727,6391222784.0,2431.8974778957345,4240.0,0.07080078125,69484544.0,145598.55763840675,0.0013439739122986794,0.0087890625,2.0024986267089844,-0.01996266283094883,0.46835437417030334,-0.020024985074996948,6.232038140296936e-05,0.0,0.024955082684755325,0.9702178835868835,0.7547166319956515,6.564828395843506,1.7114434242248535,6.589783191680908,1.9590020179748535,6.737126111984253,4.183379173278809,,,,,,
8789940000.0,144.52,8.5,6391222784.0,2421.740371878827,4241.0,0.069580078125,69500928.0,145605.32302093506,0.0021153418347239494,0.02032470703125,2.021153211593628,-0.020701047033071518,0.418266624212265,-0.020211532711982727,-0.0004895165329799056,0.0,0.016278745606541634,0.9141953587532043,0.786012616789188,6.6053924560546875,1.7258068323135376,6.621670722961426,1.9762635231018066,6.765382528305054,4.198362350463867,,,,,,
8789940000.0,107.66,8.5,6391222784.0,2409.232026412003,4242.0,0.0738525390625,69517312.0,145612.1235282421,0.0019294596277177334,0.01300048828125,1.9702011346817017,-0.019732816144824028,0.6198136806488037,-0.019702009856700897,-3.080291207879782e-05,0.0,-0.01150643639266491,1.1123396158218384,0.7122170008008915,6.815409183502197,1.7745437622070312,6.803902626037598,2.073503255844116,6.800507307052612,4.181699752807617,,,,,,
8789940000.0,116.37,8.600000381469727,6391222784.0,2437.355781390221,4243.0,0.07568359375,69533696.0,145618.845566988,0.001045901793986559,0.0037841796875,1.9782073497772217,-0.019375460222363472,0.4979502558708191,-0.01978207379579544,0.0004066135734319687,0.0,0.01909276843070984,0.9975094199180603,0.748377461600129,6.848507881164551,1.7655346393585205,6.867600440979004,1.9885774850845337,6.722038745880127,4.185287714004517,,,,,,
8789940000.0,97.85,8.199999809265137,6391222784.0,2444.1998037582844,4244.0,0.0860595703125,69550080.0,145625.5487833023,0.0012915150728076696,0.0074462890625,1.9517781734466553,-0.019320109859108925,0.6960582733154297,-0.01951778121292591,0.00019767042249441147,0.0,-0.07291165739297867,1.1782476902008057,0.7042765276726005,7.069675445556641,1.8407217264175415,6.996763706207275,2.1666746139526367,6.703216314315796,4.181007385253906,,,,,,
8789940000.0,115.38,8.5,6391222784.0,2450.732632199256,4245.0,0.0787353515625,69566464.0,145632.2341310978,0.001198700163513422,0.0072021484375,1.9550044536590576,-0.01914554461836815,0.6710898876190186,-0.01955004408955574,0.0004045013338327408,0.0,0.017533615231513977,1.1593960523605347,0.6862971770864585,7.010406494140625,1.7419651746749878,7.027939796447754,2.0700085163116455,6.68534779548645,4.193968296051025,,,,,,
8789940000.0,108.53,8.100000381469727,6391222784.0,2433.1543720031027,4246.0,0.0750732421875,69582848.0,145638.96777701378,0.002653876319527626,0.02008056640625,1.9713629484176636,-0.01927250623703003,0.6176685094833374,-0.0197136290371418,0.00044112373143434525,0.0,0.023336943238973618,1.1138439178466797,0.7010387802069545,6.81265926361084,1.7041807174682617,6.835995674133301,2.0371205806732178,6.733645915985107,4.1849822998046875,,,,,,
8789940000.0,85.84,8.300000190734863,6391222784.0,2452.623068080652,4247.0,0.0762939453125,69599232.0,145645.64797186852,0.0009492551907896996,0.00506591796875,1.9604650735855103,-0.01961011067032814,0.5778558254241943,-0.019604649394750595,-5.46453520655632e-06,0.0,0.0062558650970458984,1.073142647743225,0.7234804241966672,6.852535247802734,1.766719102859497,6.858791351318359,2.0407729148864746,6.680194854736328,4.2010674476623535,,,,,,
8789940000.0,99.03,8.300000190734863,6391222784.0,2465.7801058542486,4248.0,0.0775146484375,69615616.0,145652.292522192,0.0011142073199152946,0.0067138671875,1.9630427360534668,-0.019824152812361717,0.6708998084068298,-0.01963042840361595,-0.00019372068345546722,0.0,0.003587626153603196,1.1563845872879028,0.6967262570733843,6.849380016326904,1.7920628786087036,6.852967262268066,2.0998337268829346,6.644550323486328,4.189105987548828,,,,,,
8789940000.0,98.86,8.399999618530273,6391222784.0,2433.70034616747,4249.0,0.0860595703125,69632000.0,145659.02465748787,0.0006235481705516577,0.0032958984375,1.944994330406189,-0.0195966474711895,0.6540997624397278,-0.01944994553923607,-0.00014670519158244133,0.0,-0.013730927370488644,1.141405701637268,0.7240165619777343,6.847594738006592,1.847111463546753,6.833863258361816,2.1726937294006348,6.73213529586792,4.185698509216309,,,,,,
8789940000.0,115.87,8.100000381469727,6391222784.0,2453.818678558589,4250.0,0.078125,69648384.0,145665.70159745216,0.000831276411190629,0.0048828125,1.9479846954345703,-0.019499734044075012,0.5833738446235657,-0.019479846581816673,-1.9888393580913544e-05,0.0,0.05193396285176277,1.0777993202209473,0.741569378820816,7.001102447509766,1.8359174728393555,7.053036689758301,2.120147228240967,6.676939964294434,4.177257776260376,,,,,,
8789940000.0,100.34,7.900000095367432,6391222784.0,2447.6523332712036,4251.0,0.089111328125,69664768.0,145672.39535856247,0.0022765398025512695,0.02117919921875,1.92714524269104,-0.018509702757000923,0.6304870843887329,-0.019271451979875565,0.0007617482915520668,0.0,-0.014657056890428066,1.1210076808929443,0.7271086008066232,7.0694732666015625,1.8434244394302368,7.054816722869873,2.145921230316162,6.693761110305786,4.182379245758057,,,,,,
8789940000.0,99.65,8.800000190734863,6391222784.0,2457.582656372397,4252.0,0.079345703125,69681152.0,145679.06207227707,0.0010225833393633366,0.00634765625,1.9553003311157227,-0.019526557996869087,0.5076502561569214,-0.01955300197005272,2.644956111907959e-05,0.0,0.05539172142744064,1.0041574239730835,0.7411397724806839,6.948803901672363,1.7562602758407593,7.004195213317871,1.9736443758010864,6.666713714599609,4.184754133224487,,,,,,
8789940000.0,107.23,8.399999618530273,6391222784.0,2450.5568831646033,4253.0,0.069580078125,69697536.0,145685.74789953232,0.0014446217101067305,0.01043701171875,1.9722168445587158,-0.02030997723340988,0.5022692084312439,-0.019722167402505875,-0.0005878121592104435,0.0,-0.01900492236018181,1.001652479171753,0.7524810270071941,7.064217567443848,1.7465465068817139,7.045212745666504,2.0133190155029297,6.685827255249023,4.174592971801758,,,,,,
8789940000.0,102.86,8.800000190734863,6391222784.0,2425.678927392756,4254.0,0.0732421875,69713920.0,145692.502297163,0.0015764657873660326,0.01275634765625,1.9518320560455322,-0.019087176769971848,0.5108345746994019,-0.019518321380019188,0.0004311464726924896,0.0,0.02875624969601631,1.0078139305114746,0.7360313100824185,7.073535919189453,1.7223236560821533,7.102292060852051,1.9615721702575684,6.754397630691528,4.171116590499878,,,,,,
8789940000.0,130.27,7.900000095367432,6391222784.0,2398.5411207910947,4255.0,0.0732421875,69730304.0,145699.33311605453,0.001139853149652481,0.0074462890625,2.0162861347198486,-0.019039904698729515,0.5762287974357605,-0.020162859931588173,0.001122957095503807,0.0,-0.08898693323135376,1.0711816549301147,0.7242386225013284,6.943975925445557,1.7406154870986938,6.854989051818848,2.039841413497925,6.8308188915252686,4.189345598220825,,,,,,
,,,,,,,,,,,,,,,,,,,,,,,,,,0.026462195441126823,0.6061250567436218,0.5651949644088745,0.026462195441126823,0.6061250567436218,0.5651949644088745
,,,,,,,,,,,,,,,,,,,,,,,,,,0.023550795391201973,0.554803192615509,0.5293369293212891,0.023550795391201973,0.554803192615509,0.5293369293212891
,,,,,,,,,,,,,,,,,,,,,,,,,,0.023139161989092827,0.5300940275192261,0.50709068775177,0.023139161989092827,0.5300940275192261,0.50709068775177
,,,,,,,,,,,,,,,,,,,,,,,,,,0.022699208930134773,0.509628176689148,0.4869893789291382,0.022699208930134773,0.509628176689148,0.4869893789291382
,,,,,,,,,,,,,,,,,,,,,,,,,,0.02250988408923149,0.492077112197876,0.47127431631088257,0.02250988408923149,0.492077112197876,0.47127431631088257
,,,,,,,,,,,,,,,,,,,,,,,,,,0.022849153727293015,0.47802865505218506,0.45667600631713867,0.022849153727293015,0.47802865505218506,0.45667600631713867
8789940000.0,100.82,8.5,6188634112.0,18.614024068592574,4256.0,0.0738525390625,69746688.0,146579.52967858315,0.0007440965273417532,0.0030517578125,2.042186975479126,-0.020523570477962494,0.5352795720100403,-0.020421866327524185,-0.00010170415043830872,0.0,0.006447276100516319,1.0337140560150146,0.7447931520695232,6.845191478729248,1.853385090827942,6.8516387939453125,2.046229600906372,880.1965625286102,4.296578407287598,,,,,,
8789940000.0,125.79,7.699999809265137,6391222784.0,2421.3183317567514,4257.0,0.067138671875,69763072.0,146586.29624032974,0.0007949116406962276,0.0037841796875,2.013368844985962,-0.020455438643693924,0.6958624720573425,-0.020133689045906067,-0.00032175565138459206,0.0,-0.10187920182943344,1.176699161529541,0.6967916537877648,6.8286590576171875,1.8345088958740234,6.726779460906982,2.1369521617889404,6.76656174659729,4.207284450531006,,,,,,
8789940000.0,115.8,9.0,6391222784.0,2476.862648089815,4258.0,0.0799560546875,69779456.0,146592.91106009483,0.0007362731266766787,0.00244140625,2.0392937660217285,-0.020042428746819496,0.4533613324165344,-0.02039293572306633,0.0003505114000290632,0.0,0.07884921133518219,0.9503260850906372,0.7646028186619542,6.809276103973389,1.7881054878234863,6.888125419616699,1.958717703819275,6.614819765090942,4.191580772399902,,,,,,
8789940000.0,106.86,8.0,6391222784.0,2423.8349987861334,4259.0,0.054931640625,69795840.0,146599.67059612274,0.0006285739946179092,0.001708984375,2.0763697624206543,-0.020600683987140656,0.480462908744812,-0.020763695240020752,0.00016301218420267105,0.0,-0.043646782636642456,0.9781893491744995,0.7432441815231747,6.448651313781738,1.6692689657211304,6.405004501342773,1.9304691553115845,6.759536027908325,4.18763279914856,,,,,,
8789940000.0,136.69,8.0,6391222784.0,2428.3538026765877,4260.0,0.0445556640625,69812224.0,146606.41755366325,0.0006614577723667026,0.00244140625,2.1229772567749023,-0.021221265196800232,0.4474279284477234,-0.02122977003455162,8.512288331985474e-06,0.0,-0.04334136098623276,0.944968044757843,0.7331005231424723,6.387220859527588,1.5916320085525513,6.343879699707031,1.8291248083114624,6.746957540512085,4.199455738067627,,,,,,
8789940000.0,168.24,7.5,6391222784.0,2407.3269872413152,4261.0,0.050048828125,69828608.0,146613.22344255447,0.0007785003399476409,0.00189208984375,2.103104829788208,-0.021070392802357674,0.49069303274154663,-0.021031050011515617,-3.9346516132354736e-05,0.0,-0.09009427577257156,0.9894359111785889,0.722947751383586,6.455732345581055,1.5956239700317383,6.36563777923584,1.8797789812088013,6.805888891220093,4.176017999649048,,,,,,
8789940000.0,158.7,8.300000190734863,6391222784.0,2429.9573854647556,4262.0,0.057373046875,69844992.0,146619.96594762802,0.0009694935870356858,0.00408935546875,2.1130361557006836,-0.020959168672561646,0.4097706973552704,-0.021130362525582314,0.00017119105905294418,0.0,0.0029530769679695368,0.9031516909599304,0.7848197350421691,6.442142963409424,1.7167086601257324,6.445096015930176,1.9469724893569946,6.742505073547363,4.170937776565552,,,,,,
8789940000.0,151.97,8.5,6391222784.0,2412.692796529909,4263.0,0.0592041015625,69861376.0,146626.75670027733,0.0009433511877432466,0.0048828125,2.093717575073242,-0.020770695060491562,0.41527941823005676,-0.020937176421284676,0.00016647949814796448,0.0,0.04137599468231201,0.9123362302780151,0.7854809368875237,6.464088439941406,1.7178095579147339,6.50546407699585,1.9697993993759155,6.790752649307251,4.20284366607666,,,,,,
8789940000.0,158.59,8.100000381469727,6391222784.0,2429.774293959034,4264.0,0.062255859375,69877760.0,146633.49971342087,0.0010238635586574674,0.00653076171875,2.070448637008667,-0.0212676040828228,0.46653521060943604,-0.020704487338662148,-0.0005631144158542156,0.0,-0.012543369084596634,0.9644438624382019,0.7658791009842183,6.506753921508789,1.7481902837753296,6.494210243225098,1.993227243423462,6.743013143539429,4.18287992477417,,,,,,
8789940000.0,95.45,8.600000381469727,6391222784.0,2432.814037670458,4265.0,0.087890625,69894144.0,146640.23430132866,0.0010943226516246796,0.00732421875,2.017674207687378,-0.02093730866909027,0.5234004855155945,-0.02017674222588539,-0.000760568305850029,0.0,0.06380321085453033,1.0204970836639404,0.7654084594040335,6.897464752197266,1.880980134010315,6.961267948150635,2.1069562435150146,6.734587907791138,4.188877820968628,,,,,,
8789940000.0,140.81,8.600000381469727,6391222784.0,2429.2330852753557,4266.0,0.0787353515625,69910528.0,146646.97881674767,0.0011027083965018392,0.00543212890625,2.0156912803649902,-0.01944657415151596,0.49810677766799927,-0.02015691250562668,0.0007103374227881432,0.0,0.06188526004552841,0.9977043867111206,0.7612364660380558,6.693536758422852,1.8458209037780762,6.7554216384887695,2.0418214797973633,6.744515419006348,4.193786144256592,,,,,,
8789940000.0,109.94,8.399999618530273,6391222784.0,2433.65690743456,4267.0,0.0823974609375,69926912.0,146653.7110722065,0.0008120147977024317,0.004638671875,1.9517799615859985,-0.019405508413910866,0.6930373311042786,-0.019517797976732254,0.00011228770017623901,0.0,0.019984159618616104,1.1760907173156738,0.6863997723755599,7.016343116760254,1.7845582962036133,7.036327362060547,2.100161075592041,6.732255458831787,4.178653240203857,,,,,,
8789940000.0,88.17,8.0,6391222784.0,2418.7763213229427,4268.0,0.081787109375,69943296.0,146660.48474526405,0.0013073752634227276,0.008544921875,1.9696190357208252,-0.018914321437478065,0.5900758504867554,-0.0196961909532547,0.0007818709127604961,0.0,0.005784376058727503,1.0872424840927124,0.7366692653948578,6.98344612121582,1.8251217603683472,6.989230155944824,2.11872935295105,6.773673057556152,4.193342208862305,,,,,,
8789940000.0,103.8,8.699999809265137,6391222784.0,2468.228295184393,4269.0,0.0885009765625,69959680.0,146667.12270498276,0.0006264351541176438,0.00238037109375,1.9902307987213135,-0.019768068566918373,0.5004065036773682,-0.0199023075401783,0.00013423827476799488,0.0,0.05385780334472656,0.996870756149292,0.7564048719558109,7.042531967163086,1.7734724283218384,7.0963897705078125,2.0197813510894775,6.637959718704224,4.186145305633545,,,,,,
8789940000.0,92.98,8.399999618530273,6391222784.0,2452.742909361429,4270.0,0.0830078125,69976064.0,146673.80257344246,0.0012466247426345944,0.01080322265625,1.9853054285049438,-0.01936868578195572,0.67591392993927,-0.019853051751852036,0.00048436596989631653,0.0,-0.10325756669044495,1.1576356887817383,0.7262941999740726,7.097109794616699,1.8628159761428833,6.993852615356445,2.212737798690796,6.679868459701538,4.176152467727661,,,,,,
8789940000.0,116.96,7.900000095367432,6391222784.0,2442.6122762817413,4271.0,0.062255859375,69992448.0,146680.51014637947,0.0010398440062999725,0.006103515625,2.03043794631958,-0.019758693873882294,0.5414638519287109,-0.020304379984736443,0.0005456826183944941,0.0,-0.05289718508720398,1.038804292678833,0.7336905716473372,6.747002124786377,1.7388726472854614,6.69410514831543,2.01298451423645,6.707572937011719,4.180780649185181,,,,,,
8789940000.0,118.95,7.900000095367432,6391222784.0,2426.4297246119,4272.0,0.0634765625,70008832.0,146687.2624540329,0.0007990095764398575,0.00433349609375,2.0428028106689453,-0.020479660481214523,0.4701065719127655,-0.02042802795767784,-5.1631592214107513e-05,0.0,-0.022904427722096443,0.9719116687774658,0.7535474183654342,6.564697742462158,1.6707700490951538,6.541793346405029,1.957762598991394,6.752307653427124,4.1802380084991455,,,,,,
8789940000.0,151.49,8.100000381469727,6391222784.0,2376.3563994620513,4273.0,0.0469970703125,70025216.0,146694.15704274178,0.0010871104896068573,0.0076904296875,2.1117968559265137,-0.02077159285545349,0.39532846212387085,-0.02111796848475933,0.00034637562930583954,0.0,-0.004812435247004032,0.8910537362098694,0.7548669867030061,6.514709949493408,1.5793215036392212,6.509897232055664,1.7997101545333862,6.8945887088775635,4.1908018589019775,,,,,,
8789940000.0,171.37,8.100000381469727,6391222784.0,2376.124850959442,4274.0,0.050048828125,70041600.0,146701.0523033142,0.0010426974622532725,0.00689697265625,2.1127846240997314,-0.020903725177049637,0.4203612804412842,-0.021127844229340553,0.00022411695681512356,0.0,-0.03966156765818596,0.9164652228355408,0.759412574328135,6.42722225189209,1.657810926437378,6.38755989074707,1.8684405088424683,6.895260572433472,4.191282510757446,,,,,,
8789940000.0,122.61,8.300000190734863,6391222784.0,2406.7545961587734,4275.0,0.0518798828125,70057984.0,146707.85981082916,0.0011069788597524166,0.0045166015625,2.116619348526001,-0.020741917192935944,0.3885413706302643,-0.02116619050502777,0.0004242723807692528,0.0,-0.029226278886198997,0.8814724683761597,0.7752858957586626,6.418787002563477,1.619778037071228,6.389560699462891,1.8594878911972046,6.807507514953613,4.173814058303833,,,,,,
8789940000.0,164.22,7.699999809265137,6391222784.0,2435.498811498009,4276.0,0.0482177734375,70074368.0,146714.58697485924,0.0015380725963041186,0.01019287109375,2.093266248703003,-0.021581968292593956,0.4652167558670044,-0.02093266136944294,-0.0006493069231510162,0.0,-0.08706054091453552,0.9622842073440552,0.7373114842202333,6.431212425231934,1.6125091314315796,6.344151973724365,1.877511978149414,6.727164030075073,4.209349632263184,,,,,,
8789940000.0,193.32,8.399999618530273,6391222784.0,2427.839044492503,4277.0,0.0701904296875,70090752.0,146721.33536291122,0.0011845720000565052,0.00653076171875,2.0322694778442383,-0.020484568551182747,0.4977048635482788,-0.02032269537448883,-0.00016187317669391632,0.0,0.08020967245101929,0.9963916540145874,0.7637900549220721,6.588917255401611,1.766343593597412,6.669126987457275,2.0501275062561035,6.748388051986694,4.217217683792114,,,,,,
8789940000.0,99.86,7.900000095367432,6391222784.0,2392.0225834827284,4278.0,0.0762939453125,70107136.0,146728.18479657173,0.0013405492063611746,0.00958251953125,1.981424331665039,-0.020495541393756866,0.5466459393501282,-0.01981423981487751,-0.000681302510201931,0.0,0.00502888485789299,1.0428701639175415,0.7725248010189041,6.726248741149902,1.9149951934814453,6.7312774658203125,2.1865696907043457,6.849433660507202,4.308670282363892,,,,,,
8789940000.0,87.58,8.899999618530273,6391222784.0,2404.5005628855515,4279.0,0.0811767578125,70123520.0,146734.99868559837,0.0010329062351956964,0.006103515625,1.9619587659835815,-0.01935541443526745,0.5107946991920471,-0.019619585946202278,0.00026417383924126625,0.0,0.04826345667243004,1.0102555751800537,0.7711722498176576,6.780890941619873,1.8674254417419434,6.829154014587402,2.1119165420532227,6.813889026641846,4.171065092086792,,,,,,
8789940000.0,94.7,8.899999618530273,6391222784.0,2439.1189650645724,4280.0,0.0567626953125,70139904.0,146741.7158651352,0.0015724438708275557,0.01519775390625,2.012606143951416,-0.019558003172278404,0.3596624433994293,-0.020126061514019966,0.000568061601370573,0.0,0.028724772855639458,0.8486008644104004,0.7822058234446184,6.398065567016602,1.6490142345428467,6.426790237426758,1.8183608055114746,6.717179536819458,4.185520887374878,,,,,,
8789940000.0,144.36,8.300000190734863,6391222784.0,2460.60131710489,4281.0,0.0634765625,70156288.0,146748.37440013885,0.001295317430049181,0.00872802734375,1.9812344312667847,-0.01867864280939102,0.5104641914367676,-0.019812341779470444,0.0011337012983858585,0.0,0.007632854860275984,1.009325385093689,0.7497647882505778,6.614400386810303,1.7759020328521729,6.62203311920166,2.0177011489868164,6.658535003662109,4.192188024520874,,,,,,
8789940000.0,144.57,8.199999809265137,6391222784.0,2444.621771087887,4282.0,0.0518798828125,70172672.0,146755.0764594078,0.0017315822187811136,0.01318359375,1.9953688383102417,-0.020377803593873978,0.46953070163726807,-0.019953686743974686,-0.00042411405593156815,0.0,-0.018794644623994827,0.9719070792198181,0.7367452238032166,6.552126884460449,1.6710481643676758,6.533332347869873,1.8942464590072632,6.702059268951416,4.223164319992065,,,,,,
8789940000.0,148.25,7.900000095367432,6391222784.0,2402.4633105364446,4283.0,0.0555419921875,70189056.0,146761.8961265087,0.0011680405586957932,0.00567626953125,2.0031886100769043,-0.019575582817196846,0.5018235445022583,-0.020031888037919998,0.0004563070833683014,0.0,-0.0942305326461792,1.0003055334091187,0.7108388197709563,6.367798328399658,1.6241295337677002,6.2735676765441895,1.8602120876312256,6.819667100906372,4.205085039138794,,,,,,
8789940000.0,148.88,7.699999809265137,6391222784.0,2419.8408152362113,4284.0,0.0469970703125,70205440.0,146768.66681981087,0.0017174939857795835,0.01446533203125,1.9540927410125732,-0.017551882192492485,0.4615539312362671,-0.019540926441550255,0.001989038661122322,0.0,-0.015506021678447723,0.9631648063659668,0.7343403558680328,6.143217086791992,1.5989717245101929,6.127710819244385,1.86869215965271,6.770693302154541,4.207843065261841,,,,,,
8789940000.0,144.45,7.900000095367432,6391222784.0,2408.4237974971197,4285.0,0.05126953125,70221824.0,146775.46960926056,0.0020491285249590874,0.01519775390625,1.9780750274658203,-0.019394606351852417,0.4036116600036621,-0.019780747592449188,0.00038614310324192047,0.0,-0.05415043979883194,0.8956637978553772,0.7921139926780906,6.310488700866699,1.6931613683700562,6.256338119506836,1.9644100666046143,6.8027894496917725,4.249865531921387,,,,,,
8789940000.0,151.81,8.600000381469727,6391222784.0,2434.708146208597,4286.0,0.0518798828125,70238208.0,146782.19895792007,0.0011068428866565228,0.0059814453125,1.9889841079711914,-0.019307833164930344,0.3296133279800415,-0.019889840856194496,0.0005820021033287048,0.0,0.039413049817085266,0.8115522861480713,0.8122407376285931,6.0838847160339355,1.631040334701538,6.123297691345215,1.8729039430618286,6.729348659515381,4.225618124008179,,,,,,
8789940000.0,165.45,7.400000095367432,6391222784.0,2409.3374434961015,4287.0,0.0537109375,70254592.0,146788.99916768074,0.0008665458299219608,0.0059814453125,1.9376227855682373,-0.01869479939341545,0.5104159116744995,-0.019376227632164955,0.000681429635733366,0.0,-0.10692115128040314,1.010453701019287,0.7403697388746517,6.276401519775391,1.6579599380493164,6.169480323791504,1.9830726385116577,6.8002097606658936,4.2015392780303955,,,,,,
,,,,,,,,,,,,,,,,,,,,,,,,,,0.020440751686692238,0.520906925201416,0.48087430000305176,0.020440751686692238,0.520906925201416,0.48087430000305176
,,,,,,,,,,,,,,,,,,,,,,,,,,0.019021661952137947,0.4762550890445709,0.4533335864543915,0.019021661952137947,0.4762550890445709,0.4533335864543915
,,,,,,,,,,,,,,,,,,,,,,,,,,0.018244419246912003,0.4552004933357239,0.4327716827392578,0.018244419246912003,0.4552004933357239,0.4327716827392578
,,,,,,,,,,,,,,,,,,,,,,,,,,0.01796882040798664,0.4361092448234558,0.417876660823822,0.01796882040798664,0.4361092448234558,0.417876660823822
,,,,,,,,,,,,,,,,,,,,,,,,,,0.01757061667740345,0.4192810654640198,0.40086543560028076,0.01757061667740345,0.4192810654640198,0.40086543560028076
,,,,,,,,,,,,,,,,,,,,,,,,,,0.018433092162013054,0.4083448052406311,0.3894428014755249,0.018433092162013054,0.4083448052406311,0.3894428014755249
8789940000.0,164.76,7.199999809265137,6188634112.0,18.593266525071513,4288.0,0.0457763671875,70270976.0,147670.17838263512,0.0012791450135409832,0.00927734375,1.9716153144836426,-0.020382048562169075,0.47706812620162964,-0.019716152921319008,-0.0006658937782049179,0.0,-0.1351936161518097,0.9754063487052917,0.7372602368263097,6.362112045288086,1.6226063966751099,6.226917743682861,1.9029273986816406,881.1792149543762,4.357926368713379,,,,,,
8789940000.0,149.82,8.5,6391222784.0,2452.3347616602946,4289.0,0.0616455078125,70287360.0,147676.85936284065,0.0011023642728105187,0.006591796875,1.9684820175170898,-0.01875334046781063,0.4401761591434479,-0.019684821367263794,0.0009314808994531631,0.0,0.027011308819055557,0.937522292137146,0.7973590635530342,6.48151969909668,1.8055833578109741,6.508531093597412,2.0826568603515625,6.680980205535889,4.200405120849609,,,,,,
8789940000.0,107.45,8.699999809265137,6391222784.0,2425.2554279267324,4290.0,0.0738525390625,70303744.0,147683.61493992805,0.0007006466621533036,0.003173828125,1.9225480556488037,-0.01902472972869873,0.42527180910110474,-0.019225480034947395,0.0002007531002163887,0.0,0.04472040757536888,0.9224047064781189,0.8068176125925304,6.58974552154541,1.8777822256088257,6.634466171264648,2.098640203475952,6.755577087402344,4.189305543899536,,,,,,
8789940000.0,134.71,8.5,6391222784.0,2393.6814943569193,4291.0,0.0579833984375,70320128.0,147690.45962667465,0.0013610284077003598,0.00982666015625,1.970666766166687,-0.019245818257331848,0.3942832052707672,-0.019706670194864273,0.0004608489107340574,0.0,-0.018968742340803146,0.8891586661338806,0.8122705765735296,6.417710304260254,1.828665018081665,6.398741245269775,2.052168130874634,6.84468674659729,4.200251340866089,,,,,,
8789940000.0,124.4,8.0,6391222784.0,2386.1227687568316,4292.0,0.05126953125,70336512.0,147697.3259959221,0.0010612248443067074,0.00634765625,1.968297004699707,-0.01947845332324505,0.45606404542922974,-0.01968296989798546,0.0002045168075710535,0.0,-0.07792946696281433,0.9538623094558716,0.7724417116959928,6.379265308380127,1.8150421380996704,6.301336288452148,1.9995839595794678,6.866369247436523,4.189104318618774,,,,,,
8789940000.0,142.22,9.0,6391222784.0,2370.6038447264737,4293.0,0.054931640625,70352896.0,147704.23731517792,0.000797382730524987,0.00286865234375,2.0263051986694336,-0.020199023187160492,0.3187643587589264,-0.020263051614165306,6.402842700481415e-05,0.0,0.04107046127319336,0.7946012616157532,0.8305054872023544,6.303388595581055,1.7345080375671387,6.344459533691406,1.9300631284713745,6.911319255828857,4.186997652053833,,,,,,
8789940000.0,166.46,8.100000381469727,6391222784.0,2384.665703238655,4294.0,0.0494384765625,70369280.0,147711.1078798771,0.0012895828112959862,0.009033203125,2.044800281524658,-0.020636584609746933,0.3831729590892792,-0.020448002964258194,-0.00018858350813388824,0.0,-0.045477017760276794,0.873752236366272,0.7943437962423658,6.231980323791504,1.7017627954483032,6.186503887176514,1.9267147779464722,6.870564699172974,4.179520606994629,,,,,,
8789940000.0,118.18,8.600000381469727,6391222784.0,2406.9266474062033,4295.0,0.059814453125,70385664.0,147717.91490077972,0.0008140961290337145,0.0030517578125,2.0254199504852295,-0.019300539046525955,0.4248920679092407,-0.02025419846177101,0.0009536594152450562,0.0,0.001291242428123951,0.9216896891593933,0.7872105596856053,6.407137870788574,1.8142954111099243,6.408429145812988,1.998065710067749,6.807020902633667,4.196220397949219,,,,,,
8789940000.0,171.27,7.699999809265137,6391222784.0,2391.1763506682646,4296.0,0.0494384765625,70402048.0,147724.76675844193,0.0008544769370928407,0.00469970703125,2.004302978515625,-0.01999763585627079,0.5317860245704651,-0.020043034106492996,4.5398715883493423e-05,0.0,0.0027758567593991756,1.0300008058547974,0.7389365680579663,6.274829387664795,1.7283486127853394,6.277605056762695,2.015878200531006,6.851857662200928,4.191012620925903,,,,,,
8789940000.0,169.49,7.900000095367432,6391222784.0,2440.3813435971233,4297.0,0.0665283203125,70418432.0,147731.48046326637,0.0012231144355610013,0.00775146484375,1.9790847301483154,-0.019677206873893738,0.5810511112213135,-0.019790848717093468,0.00011363858357071877,0.0,-0.021367883309721947,1.077825903892517,0.7410336910777472,6.656545639038086,1.8675668239593506,6.6351776123046875,2.1180059909820557,6.713704824447632,4.177333831787109,,,,,,
8789940000.0,101.36,8.399999618530273,6391222784.0,2443.2108862228342,4298.0,0.0738525390625,70434816.0,147738.18639278412,0.001533159171231091,0.01007080078125,1.9597036838531494,-0.01974853128194809,0.48599597811698914,-0.01959703490138054,-0.00015149544924497604,0.0,0.029582222923636436,0.9861818552017212,0.7797718390295447,6.7313737869262695,1.868594765663147,6.760955810546875,2.1014575958251953,6.705929517745972,4.1949615478515625,,,,,,
8789940000.0,103.22,8.300000190734863,6391222784.0,2425.3126905841073,4299.0,0.0640869140625,70451200.0,147744.9418103695,0.0017880034865811467,0.01416015625,1.9858354330062866,-0.019499197602272034,0.4791608452796936,-0.019858352839946747,0.00035915710031986237,0.0,0.01758364401757717,0.9775000810623169,0.7734975530674053,6.597420692443848,1.816075086593628,6.615004062652588,2.0539047718048096,6.755417585372925,4.176100492477417,,,,,,
8789940000.0,130.65,7.900000095367432,6391222784.0,2428.9438981792537,4300.0,0.06591796875,70467584.0,147751.68712878227,0.0018395533552393317,0.01519775390625,1.9674116373062134,-0.019154991954565048,0.5347655415534973,-0.019674114882946014,0.000519121065735817,0.0,0.005218901671469212,1.035099744796753,0.7659990673067456,6.485049247741699,1.8435025215148926,6.490268707275391,2.139801263809204,6.745318412780762,4.198033809661865,,,,,,
8789940000.0,159.88,8.0,6391222784.0,2409.781259347529,4301.0,0.0701904296875,70483968.0,147758.48608613014,0.0008213490364141762,0.00390625,1.9514057636260986,-0.019321400672197342,0.5889519453048706,-0.01951405592262745,0.0001926547847688198,0.0,-0.004085296764969826,1.0855722427368164,0.7466696432659083,6.696650505065918,1.895619511604309,6.692565441131592,2.1568264961242676,6.798957347869873,4.200077533721924,,,,,,
8789940000.0,108.19,8.199999809265137,6391222784.0,2396.9261328500843,4302.0,0.0726318359375,70500352.0,147765.32150745392,0.0010658677201718092,0.00823974609375,1.9332472085952759,-0.019053990021348,0.5321376919746399,-0.01933247223496437,0.0002784818352665752,0.0,0.023580947890877724,1.0304498672485352,0.7560089070413913,6.63435173034668,1.8431816101074219,6.657933235168457,2.086123466491699,6.835421323776245,4.220582008361816,,,,,,
8789940000.0,124.69,8.300000190734863,6391222784.0,2397.4353085601583,4303.0,0.0604248046875,70516736.0,147772.15547704697,0.0008465236169286072,0.0029296875,1.9551061391830444,-0.01975138857960701,0.47836601734161377,-0.01955105923116207,-0.00020032748579978943,0.0,0.03325043246150017,0.9719667434692383,0.7650895974862648,6.500799655914307,1.7570765018463135,6.534049987792969,2.005397081375122,6.833969593048096,4.219018936157227,,,,,,
8789940000.0,133.74,8.300000190734863,6391222784.0,2386.3295865728905,4304.0,0.072021484375,70533120.0,147779.02125120163,0.0009679896757006645,0.0057373046875,1.9531058073043823,-0.019178712740540504,0.5317103862762451,-0.01953106001019478,0.0003523448249325156,0.0,-0.009022047743201256,1.030239462852478,0.7765216396364956,6.65228271484375,1.9139615297317505,6.643260955810547,2.179316997528076,6.865774154663086,4.328415632247925,,,,,,
8789940000.0,122.05,7.900000095367432,6391222784.0,2476.5323790874854,4305.0,0.0640869140625,70549504.0,147785.63695311546,0.0012002845760434866,0.00604248046875,1.9185943603515625,-0.01912855915725231,0.5116662383079529,-0.01918594352900982,5.738716572523117e-05,0.0,-0.015409688465297222,1.0148340463638306,0.7632429417078372,6.5154876708984375,1.8172900676727295,6.500077724456787,2.0856597423553467,6.615701913833618,4.190503358840942,,,,,,
8789940000.0,116.3,7.800000190734863,6391222784.0,2429.1452399896766,4306.0,0.07080078125,70565888.0,147792.38171243668,0.0010592250619083643,0.00372314453125,1.9079442024230957,-0.019307754933834076,0.6452175378799438,-0.019079439342021942,-0.00022831372916698456,0.0,-0.06570042669773102,1.1311426162719727,0.7171430839528706,6.625269412994385,1.8272900581359863,6.559568881988525,2.1268348693847656,6.7447593212127686,4.236628532409668,,,,,,
8789940000.0,98.25,8.5,6391222784.0,2394.464589041659,4307.0,0.0830078125,70582272.0,147799.22416067123,0.000845236936584115,0.00408935546875,1.890993595123291,-0.01905890181660652,0.5468952655792236,-0.018909934908151627,-0.0001489659771323204,0.0,0.08511044830083847,1.0440527200698853,0.7455671816109044,6.671144485473633,1.7805676460266113,6.756255149841309,2.0698354244232178,6.8424482345581055,4.264026403427124,,,,,,
8789940000.0,104.87,7.800000190734863,6391222784.0,2452.9728203044874,4308.0,0.0830078125,70598656.0,147805.90340304375,0.0010057245381176472,0.00390625,1.8940235376358032,-0.01849624514579773,0.6493340730667114,-0.018940236419439316,0.0004439903423190117,0.0,-0.00246535986661911,1.1420438289642334,0.7242068425829258,6.8371806144714355,1.8404210805892944,6.834715366363525,2.1746585369110107,6.679242372512817,4.2113542556762695,,,,,,
8789940000.0,98.17,8.199999809265137,6391222784.0,2444.012386741729,4309.0,0.08056640625,70615040.0,147812.60713338852,0.0011788292322307825,0.005859375,1.9101345539093018,-0.018539447337388992,0.5104084610939026,-0.019101344048976898,0.0005618985742330551,0.0,-0.0014134924858808517,1.0122448205947876,0.7808034578592173,6.8427581787109375,1.8797566890716553,6.841344833374023,2.1620638370513916,6.703730344772339,4.344613552093506,,,,,,
8789940000.0,118.31,8.199999809265137,6391222784.0,2386.3374589528253,4310.0,0.0726318359375,70631424.0,147819.47288489342,0.0011963470606133342,0.00689697265625,1.9519269466400146,-0.019177181646227837,0.5690135359764099,-0.019519269466400146,0.00034208595752716064,0.0,-0.02544664591550827,1.0653537511825562,0.7575032766890568,6.769598007202148,1.892712950706482,6.744152069091797,2.163421630859375,6.865751504898071,4.27237343788147,,,,,,
8789940000.0,103.4,7.599999904632568,6391222784.0,2437.0312965147778,4311.0,0.0762939453125,70647808.0,147826.19581866264,0.0007773733232170343,0.00360107421875,1.9790195226669312,-0.01907382346689701,0.6515635251998901,-0.019790194928646088,0.0007163668051362038,0.0,-0.09744112193584442,1.1380351781845093,0.739993781862608,6.644094467163086,1.901136875152588,6.5466532707214355,2.231843948364258,6.722933769226074,4.2297186851501465,,,,,,
8789940000.0,108.91,8.600000381469727,6391222784.0,2427.8317536526215,4312.0,0.0579833984375,70664192.0,147832.9442269802,0.002474692417308688,0.0264892578125,2.022091865539551,-0.018968457356095314,0.4456108808517456,-0.020220918580889702,0.0012524574995040894,0.0,0.020837880671024323,0.9430880546569824,0.7635769813569712,6.427112579345703,1.7082877159118652,6.44795036315918,1.9395776987075806,6.748408317565918,4.192054510116577,,,,,,
8789940000.0,113.22,8.300000190734863,6391222784.0,2384.2630203541003,4313.0,0.0689697265625,70680576.0,147839.8159520626,0.0009416391258127987,0.00299072265625,2.004453659057617,-0.02041325718164444,0.49888908863067627,-0.020044535398483276,-0.00036872271448373795,0.0,-0.0031878736335784197,0.9978898167610168,0.7835232526416966,6.534863471984863,1.8738627433776855,6.531675815582275,2.1447505950927734,6.871725082397461,4.255817890167236,,,,,,
8789940000.0,149.5,8.0,6391222784.0,2355.4912666377118,4314.0,0.0537109375,70696960.0,147846.77161359787,0.0010532487649470568,0.00335693359375,2.0150837898254395,-0.020189661532640457,0.4663046896457672,-0.020150836557149887,-3.882311284542084e-05,0.0,-0.032183364033699036,0.9632124900817871,0.7784620825086652,6.367854595184326,1.804503083229065,6.3356709480285645,2.046436071395874,6.9556615352630615,4.339083433151245,,,,,,
8789940000.0,139.01,8.600000381469727,6391222784.0,2413.068704297247,4315.0,0.074462890625,70713344.0,147853.56130838394,0.0007742797024548054,0.0050048828125,2.015711545944214,-0.01957637444138527,0.5028623342514038,-0.020157115533947945,0.0005807406269013882,0.0,0.015503717586398125,1.0024049282073975,0.7793490523234228,6.549298286437988,1.8617339134216309,6.564802169799805,2.1339805126190186,6.789694786071777,4.245629549026489,,,,,,
8789940000.0,140.02,8.5,6391222784.0,2406.6760390461645,4316.0,0.05859375,70729728.0,147860.369038105,0.0009911316446959972,0.00653076171875,2.02030348777771,-0.019437924027442932,0.4500429630279541,-0.020203035324811935,0.0007651150226593018,0.0,0.030695348978042603,0.9444249272346497,0.7732743927434216,6.337609767913818,1.7635244131088257,6.368305206298828,1.9834320545196533,6.807729721069336,4.263436794281006,,,,,,
8789940000.0,116.64,8.199999809265137,6391222784.0,2409.07594497968,4317.0,0.05859375,70746112.0,147867.1699860096,0.0010682448046281934,0.0042724609375,2.032766103744507,-0.02003641240298748,0.4607744812965393,-0.020327657461166382,0.0002912429627031088,0.0,-0.03073745034635067,0.9581453800201416,0.7700223372745837,6.225788593292236,1.782149314880371,6.195051193237305,1.997968316078186,6.800947904586792,4.326282262802124,,,,,,
8789940000.0,143.12,8.399999618530273,6391222784.0,2417.5333835864203,4318.0,0.0506591796875,70762496.0,147873.94714164734,0.001436346210539341,0.00726318359375,2.034977436065674,-0.02043718844652176,0.37523218989372253,-0.02034977450966835,-8.741393685340881e-05,0.0,0.014516493305563927,0.8655063509941101,0.8064871559628022,6.301279067993164,1.7694634199142456,6.3157958984375,1.9675036668777466,6.777155637741089,4.199410438537598,,,,,,
8789940000.0,171.06,7.800000190734863,6391222784.0,2358.6098955833527,4319.0,0.0408935546875,70778880.0,147880.8936061859,0.0013174079358577728,0.00714111328125,2.0763823986053467,-0.020060814917087555,0.41133472323417664,-0.0207638218998909,0.0007030069828033447,0.0,-0.05217185616493225,0.9068041443824768,0.7581780157248514,6.084499835968018,1.624891757965088,6.032328128814697,1.8440196514129639,6.946464538574219,4.367734909057617,,,,,,
,,,,,,,,,,,,,,,,,,,,,,,,,,0.01960817165672779,0.5180171728134155,0.4793837368488312,0.01960817165672779,0.5180171728134155,0.4793837368488312
,,,,,,,,,,,,,,,,,,,,,,,,,,0.0184683445841074,0.47357630729675293,0.44906333088874817,0.0184683445841074,0.47357630729675293,0.44906333088874817
,,,,,,,,,,,,,,,,,,,,,,,,,,0.017929179593920708,0.450670063495636,0.4279024004936218,0.017929179593920708,0.450670063495636,0.4279024004936218
,,,,,,,,,,,,,,,,,,,,,,,,,,0.01804259419441223,0.43380746245384216,0.41110295057296753,0.01804259419441223,0.43380746245384216,0.41110295057296753
,,,,,,,,,,,,,,,,,,,,,,,,,,0.017863167449831963,0.4146735966205597,0.3955368995666504,0.017863167449831963,0.4146735966205597,0.3955368995666504
,,,,,,,,,,,,,,,,,,,,,,,,,,0.018157243728637695,0.4037446081638336,0.38319826126098633,0.018157243728637695,0.4037446081638336,0.38319826126098633
8789940000.0,185.65,7.800000190734863,6188634112.0,18.659171196629043,4320.0,0.048828125,70795264.0,148758.96047353745,0.0007331329397857189,0.00274658203125,2.0762243270874023,-0.02061048522591591,0.4660485088825226,-0.0207622442394495,0.00015176087617874146,0.0,-0.056363265961408615,0.95854252576828,0.7821545209372395,6.328724384307861,1.8100093603134155,6.2723612785339355,2.0537002086639404,878.066867351532,4.24859881401062,,,,,,
8789940000.0,128.96,8.199999809265137,6391222784.0,2407.2440078101513,4321.0,0.07080078125,70811648.0,148765.76659703255,0.0008975178934633732,0.004150390625,2.005201816558838,-0.0196688175201416,0.5479189157485962,-0.020052015781402588,0.00038319919258356094,0.0,0.05211390554904938,1.0464532375335693,0.7733688763143329,6.591461658477783,1.9468388557434082,6.643575668334961,2.1981637477874756,6.806123495101929,4.2450947761535645,,,,,,
8789940000.0,131.88,8.300000190734863,6391222784.0,2422.502908594342,4322.0,0.0634765625,70828032.0,148772.5298500061,0.0005108879995532334,0.00103759765625,2.0380311012268066,-0.020391397178173065,0.4633776545524597,-0.020380310714244843,-1.1088326573371887e-05,0.0,0.002258296124637127,0.962302565574646,0.7890770486112785,6.446444511413574,1.8700470924377441,6.448702812194824,2.0953171253204346,6.7632529735565186,4.198076248168945,,,,,,
8789940000.0,111.88,8.100000381469727,6391222784.0,2452.5488406407853,4323.0,0.0592041015625,70844416.0,148779.2102470398,0.0007035834714770317,0.0023193359375,2.048227548599243,-0.020487269386649132,0.544590950012207,-0.020482275635004044,-4.995148628950119e-06,0.0,-0.05770010128617287,1.0412476062774658,0.756366604258496,6.426754474639893,1.840649962425232,6.369053840637207,2.1095287799835205,6.680397033691406,4.200606107711792,,,,,,
8789940000.0,136.04,8.100000381469727,6391222784.0,2409.4038407213457,4324.0,0.0384521484375,70860800.0,148786.01026940346,0.0008852991741150618,0.0037841796875,2.086690902709961,-0.021002337336540222,0.3952201306819916,-0.020866909995675087,-0.00013543013483285904,0.0,-0.04858815670013428,0.8959013223648071,0.7482989711307877,6.073502540588379,1.6060373783111572,6.024914741516113,1.7857393026351929,6.80002236366272,4.19425892829895,,,,,,
8789940000.0,131.57,8.199999809265137,6391222784.0,2391.5268566126047,4325.0,0.048828125,70877184.0,148792.8611228466,0.0007495552417822182,0.0037841796875,2.1041135787963867,-0.02090725302696228,0.3991178572177887,-0.021041138097643852,0.0001338869333267212,0.0,-0.038850508630275726,0.8935168981552124,0.7822477050856185,5.994204521179199,1.6805490255355835,5.955353736877441,1.9147899150848389,6.850853443145752,4.193558931350708,,,,,,
8789940000.0,211.62,7.300000190734863,6391222784.0,2438.1407281276056,4326.0,0.04150390625,70893568.0,148799.58099746704,0.0014999593840911984,0.01263427734375,2.102196455001831,-0.0208428967744112,0.4473513960838318,-0.021021965891122818,0.00017906725406646729,0.0,-0.06725938618183136,0.9469172954559326,0.7599681388997707,5.904695987701416,1.6531524658203125,5.837436199188232,1.9327584505081177,6.719874620437622,4.194097995758057,,,,,,
8789940000.0,178.34,7.800000190734863,6391222784.0,2432.065310086264,4327.0,0.0433349609375,70909952.0,148806.3176586628,0.0007554519106633961,0.00140380859375,2.126044511795044,-0.021262776106595993,0.40861400961875916,-0.021260444074869156,-2.332031726837158e-06,0.0,-0.020626476034522057,0.9031050205230713,0.7816394512943043,5.855694770812988,1.6704699993133545,5.835068225860596,1.9326415061950684,6.736661195755005,4.175472259521484,,,,,,
8789940000.0,179.78,8.300000190734863,6391222784.0,2423.101099938308,4328.0,0.0543212890625,70926336.0,148813.07924199104,0.001390803954564035,0.010498046875,2.0843007564544678,-0.020720716565847397,0.4419882297515869,-0.020843006670475006,0.0001222863793373108,0.0,0.05228744447231293,0.9395593404769897,0.7866790766614815,6.155755043029785,1.7982394695281982,6.208043098449707,2.0342659950256348,6.76158332824707,4.214066743850708,,,,,,
8789940000.0,134.5,9.0,6391222784.0,2354.41123257313,4329.0,0.069580078125,70942720.0,148820.03809428215,0.002409434411674738,0.0213623046875,2.0449695587158203,-0.020111897960305214,0.3810587525367737,-0.020449694246053696,0.00033779535442590714,0.0,0.09868975728750229,0.8704585433006287,0.8319478170718488,6.357672214508057,1.9228287935256958,6.456361770629883,2.12337064743042,6.958852291107178,4.204860687255859,,,,,,
8789940000.0,127.42,8.399999618530273,6391222784.0,2415.7370555653283,4330.0,0.0714111328125,70959104.0,148826.8202893734,0.0010481174103915691,0.00518798828125,1.9951591491699219,-0.020150693133473396,0.615946888923645,-0.0199515912681818,-0.00019910396076738834,0.0,0.06160424277186394,1.111039400100708,0.7304186807613289,6.612726211547852,1.9075860977172852,6.674330234527588,2.13985538482666,6.782195091247559,4.192945718765259,,,,,,
8789940000.0,127.5,8.0,6391222784.0,2402.8896414177407,4331.0,0.068359375,70975488.0,148833.63874650002,0.0015019152779132128,0.011474609375,1.9865493774414062,-0.018937867134809494,0.6327381134033203,-0.0198654942214489,0.0009276289492845535,0.0,0.017515376210212708,1.1250909566879272,0.735724098563348,6.606471538543701,1.9389727115631104,6.623987197875977,2.1885619163513184,6.818457126617432,4.188087224960327,,,,,,
8789940000.0,124.37,8.899999618530273,6391222784.0,2411.3044700704027,4332.0,0.069580078125,70991872.0,148840.4334089756,0.0007804372580721974,0.00494384765625,2.004326820373535,-0.01967512257397175,0.49109524488449097,-0.0200432650744915,0.00036814436316490173,0.0,0.07082518935203552,0.9906222224235535,0.7560596441430194,6.561745643615723,1.8297640085220337,6.632570266723633,2.0057003498077393,6.7946624755859375,4.18439245223999,,,,,,
8789940000.0,117.71,8.100000381469727,6391222784.0,2398.872686577392,4333.0,0.05859375,71008256.0,148847.26328372955,0.0013246613088995218,0.00958251953125,1.9851888418197632,-0.019454997032880783,0.528934895992279,-0.019851887598633766,0.0003968896344304085,0.0,0.005968261044472456,1.029766321182251,0.7496306812313986,6.455382347106934,1.8047006130218506,6.461350917816162,2.058013439178467,6.829874753952026,4.196075677871704,,,,,,
8789940000.0,113.89,7.900000095367432,6391222784.0,2358.0699015203218,4334.0,0.0555419921875,71024640.0,148854.2113389969,0.0010614973725751042,0.00457763671875,2.0052669048309326,-0.020330341532826424,0.5245270729064941,-0.02005266770720482,-0.0002776719629764557,0.0,-0.044400036334991455,1.0257489681243896,0.7503716824956511,6.441292762756348,1.7919167280197144,6.396892547607422,2.053025007247925,6.948055267333984,4.189002275466919,,,,,,
8789940000.0,145.55,8.0,6391222784.0,2396.881656101577,4335.0,0.0628662109375,71041024.0,148861.04688715935,0.000934424577280879,0.00372314453125,2.0056235790252686,-0.019327528774738312,0.5210532546043396,-0.020056236535310745,0.0007287077605724335,0.0,0.013342553749680519,1.020767092704773,0.7485194917202904,6.589696884155273,1.7725255489349365,6.603039741516113,2.0355169773101807,6.835548162460327,4.1913323402404785,,,,,,
8789940000.0,124.54,8.300000190734863,6391222784.0,2420.081559200833,4336.0,0.062255859375,71057408.0,148867.81690692902,0.0011956533417105675,0.0064697265625,2.008312225341797,-0.019886359572410583,0.4987127184867859,-0.020083121955394745,0.00019675958901643753,0.0,0.009394126944243908,1.000308871269226,0.7637448607198091,6.815973281860352,1.8141720294952393,6.825367450714111,2.0579910278320312,6.770019769668579,4.19100284576416,,,,,,
8789940000.0,143.87,8.0,6391222784.0,2407.1563121902345,4337.0,0.0653076171875,71073792.0,148874.62327837944,0.0007649592589586973,0.00421142578125,1.985133409500122,-0.019689157605171204,0.474372535943985,-0.019851334393024445,0.00016217585653066635,0.0,-0.012670431286096573,0.9730362892150879,0.7851274465341365,6.6804399490356445,1.824142336845398,6.667769432067871,2.0991268157958984,6.806371450424194,4.228095054626465,,,,,,
8789940000.0,104.33,8.199999809265137,6391222784.0,2375.7297286776375,4338.0,0.069580078125,71090176.0,148881.51968574524,0.0008989132475107908,0.00408935546875,1.993669033050537,-0.020107023417949677,0.5133743286132812,-0.019936688244342804,-0.00017033331096172333,0.0,0.038195062428712845,1.0111191272735596,0.769268120336903,6.652849197387695,1.8774174451828003,6.691044330596924,2.1049835681915283,6.89640736579895,4.329898118972778,,,,,,
8789940000.0,123.02,8.399999618530273,6391222784.0,2406.4005396653433,4339.0,0.069580078125,71106560.0,148888.32819485664,0.0009834677912294865,0.0069580078125,1.961810827255249,-0.019334087148308754,0.4853387773036957,-0.019618108868598938,0.00028402614407241344,0.0,0.029838986694812775,0.981609046459198,0.7779356140963429,6.647642135620117,1.8603084087371826,6.677481651306152,2.083048105239868,6.808509111404419,4.180612802505493,,,,,,
8789940000.0,130.83,7.599999904632568,6391222784.0,2405.304139793757,4340.0,0.069580078125,71122944.0,148895.1398074627,0.001179558108560741,0.007080078125,1.9612164497375488,-0.01978515274822712,0.6401481032371521,-0.01961216703057289,-0.00017298688180744648,0.0,-0.043658703565597534,1.1287437677383423,0.7200095092662948,6.606741905212402,1.8182088136672974,6.563083171844482,2.1331615447998047,6.811612606048584,4.218074083328247,,,,,,
8789940000.0,127.3,7.900000095367432,6391222784.0,2421.2313138764493,4341.0,0.074462890625,71139328.0,148901.90661239624,0.0008385928813368082,0.004150390625,1.9194248914718628,-0.018781907856464386,0.6065696477890015,-0.01919424720108509,0.00041233934462070465,0.0,0.006249220110476017,1.1011955738067627,0.7468553542708073,6.702483177185059,1.901182770729065,6.708732604980469,2.188669443130493,6.766804933547974,4.245382070541382,,,,,,
8789940000.0,90.89,8.399999618530273,6391222784.0,2371.645503664793,4342.0,0.0811767578125,71155712.0,148908.81489610672,0.0012613445287570357,0.00982666015625,1.9369240999221802,-0.018372783437371254,0.571319580078125,-0.01936924271285534,0.0009964569471776485,0.0,0.045634664595127106,1.0686287879943848,0.7568677800009641,6.639705657958984,1.8896493911743164,6.685340404510498,2.1672325134277344,6.908283710479736,4.360313177108765,,,,,,
8789940000.0,111.81,8.199999809265137,6391222784.0,2413.946108523792,4343.0,0.07568359375,71172096.0,148915.60212302208,0.0006877371924929321,0.0032958984375,1.9382691383361816,-0.019255904480814934,0.5759549140930176,-0.019382691010832787,0.00012678280472755432,0.0,-0.012457121163606644,1.072417140007019,0.7603803239008059,6.7559356689453125,1.923021912574768,6.743478775024414,2.190797805786133,6.787226915359497,4.199167013168335,,,,,,
8789940000.0,118.6,8.600000381469727,6391222784.0,2365.838652500033,4344.0,0.0830078125,71188480.0,148922.5273628235,0.0012392313219606876,0.0093994140625,1.8927103281021118,-0.01853647269308567,0.5456638932228088,-0.01892710290849209,0.0003906320780515671,0.0,0.02681690827012062,1.0438734292984009,0.7629466117861268,7.0424394607543945,1.8936057090759277,7.069256782531738,2.1440017223358154,6.92523980140686,4.287187099456787,,,,,,
8789940000.0,115.39,9.100000381469727,6391222784.0,2434.1208511950235,4345.0,0.084228515625,71204864.0,148929.25833511353,0.0014387425035238266,0.01104736328125,1.8890999555587769,-0.01811152696609497,0.4796268343925476,-0.018890999257564545,0.0007794732227921486,0.0,0.07612062990665436,0.9787397980690002,0.7814728521597176,6.915876865386963,1.865264654159546,6.991997241973877,2.093700885772705,6.7309722900390625,4.19526481628418,,,,,,
8789940000.0,95.24,9.0,6391222784.0,2418.0462479497296,4346.0,0.0872802734375,71221248.0,148936.03405332565,0.0031565602403134108,0.0323486328125,1.9140758514404297,-0.01860162988305092,0.5802372097969055,-0.019140757620334625,0.0005391272716224194,0.0,0.06540568172931671,1.0764871835708618,0.750116294050888,7.057919979095459,1.9431039094924927,7.123325347900391,2.153474807739258,6.7757182121276855,4.211719512939453,,,,,,
8789940000.0,98.55,8.100000381469727,6391222784.0,2410.0533917866915,4347.0,0.078125,71237632.0,148942.8322429657,0.0026651080697774887,0.02392578125,1.9470129013061523,-0.017628198489546776,0.6895771026611328,-0.019470129162073135,0.0018419311381876469,0.0,-0.04959873855113983,1.1741771697998047,0.715963704124474,7.035719871520996,1.930699110031128,6.98612117767334,2.20316219329834,6.798189640045166,4.294658184051514,,,,,,
8789940000.0,111.69,7.800000190734863,6391222784.0,2300.6893561941192,4348.0,0.0860595703125,71254016.0,148949.9535868168,0.002658143173903227,0.02508544921875,1.8789453506469727,-0.01883559115231037,0.6790802478790283,-0.01878945343196392,-4.6133995056152344e-05,0.0,-0.05150381103157997,1.1595921516418457,0.7169689509019795,7.1200385093688965,1.8496333360671997,7.068534851074219,2.1796576976776123,7.1213438510894775,4.4131152629852295,,,,,,
8789940000.0,97.89,8.100000381469727,6391222784.0,2326.0547237650203,4349.0,0.0897216796875,71270400.0,148956.9972732067,0.002206707838922739,0.0211181640625,1.9067972898483276,-0.017886707559227943,0.6090772151947021,-0.019067972898483276,0.0011812634766101837,0.0,0.042846281081438065,1.101071834564209,0.7389275933169841,6.97098445892334,1.8573861122131348,7.013830661773682,2.154939889907837,7.043686389923096,4.198859691619873,,,,,,
8789940000.0,98.09,8.800000190734863,6391222784.0,2376.5389256661933,4350.0,0.084228515625,71286784.0,148963.89133238792,0.0021719031501561403,0.02081298828125,1.9351634979248047,-0.01906341314315796,0.4340723752975464,-0.019351636990904808,0.0002882201224565506,0.0,0.06205427646636963,0.9313685297966003,0.7932879944772796,6.757717132568359,1.8067377805709839,6.819771766662598,2.0485129356384277,6.894059181213379,4.259690284729004,,,,,,
8789940000.0,127.26,8.0,6391222784.0,2391.071851212403,4351.0,0.067138671875,71303168.0,148970.74348950386,0.0012233370216563344,0.00933837890625,1.9423208236694336,-0.019657954573631287,0.5384435057640076,-0.01942320726811886,-0.00023474707268178463,0.0,-0.030235644429922104,1.039426565170288,0.7325262580492873,6.8468170166015625,1.757806658744812,6.8165812492370605,2.00980281829834,6.852157115936279,4.19588041305542,,,,,,
,,,,,,,,,,,,,,,,,,,,,,,,,,0.03434832766652107,0.5618883371353149,0.5248574018478394,0.03434832766652107,0.5618883371353149,0.5248574018478394
,,,,,,,,,,,,,,,,,,,,,,,,,,0.030296912416815758,0.512803852558136,0.4920424520969391,0.030296912416815758,0.512803852558136,0.4920424520969391
,,,,,,,,,,,,,,,,,,,,,,,,,,0.028066124767065048,0.48692408204078674,0.46474114060401917,0.028066124767065048,0.48692408204078674,0.46474114060401917
,,,,,,,,,,,,,,,,,,,,,,,,,,0.027194783091545105,0.46607229113578796,0.4484374225139618,0.027194783091545105,0.46607229113578796,0.4484374225139618
,,,,,,,,,,,,,,,,,,,,,,,,,,0.026954244822263718,0.4482249319553375,0.43065136671066284,0.026954244822263718,0.4482249319553375,0.43065136671066284
,,,,,,,,,,,,,,,,,,,,,,,,,,0.026816317811608315,0.4344547390937805,0.4156229496002197,0.026816317811608315,0.4344547390937805,0.4156229496002197
8789940000.0,113.3,8.5,6188634112.0,18.653215014296965,4352.0,0.0762939453125,71319552.0,149849.09073352814,0.0012702848762273788,0.01031494140625,1.965524673461914,-0.019722288474440575,0.5488271117210388,-0.019655246287584305,-6.70403242111206e-05,0.0,0.046964969485998154,1.048021674156189,0.7577300928643398,6.691516876220703,1.9048006534576416,6.738481521606445,2.1292202472686768,878.3472440242767,4.282005310058594,,,,,,
8789940000.0,85.75,9.100000381469727,6391222784.0,2433.2097682502304,4353.0,0.0738525390625,71335936.0,149855.82422614098,0.0010380842722952366,0.00653076171875,1.9938266277313232,-0.019327834248542786,0.47507286071777344,-0.019938265904784203,0.0006104297935962677,0.0,0.07551697641611099,0.9756291508674622,0.7867678974441917,6.580071449279785,1.9272891283035278,6.655588626861572,2.1128010749816895,6.733492612838745,4.194652795791626,,,,,,
8789940000.0,155.07,7.699999809265137,6391222784.0,2479.390334345013,4354.0,0.0506591796875,71352320.0,149862.43230223656,0.0013966369442641735,0.0107421875,2.0236148834228516,-0.020553069189190865,0.5209945440292358,-0.020236147567629814,-0.0003169197589159012,0.0,-0.0420258492231369,1.0191057920455933,0.7476921051014667,6.450721740722656,1.7822933197021484,6.408696174621582,2.028869390487671,6.608076095581055,4.17568039894104,,,,,,
8789940000.0,126.62,8.699999809265137,6391222784.0,2459.979449994237,4355.0,0.0726318359375,71368704.0,149869.0925204754,0.0008818504866212606,0.00433349609375,1.973697304725647,-0.019423596560955048,0.4883800148963928,-0.01973697356879711,0.00031337584368884563,0.0,0.05836731940507889,0.986741840839386,0.7864650978438624,6.7080535888671875,1.9147322177886963,6.766420364379883,2.1353490352630615,6.660218238830566,4.18710470199585,,,,,,
8789940000.0,119.94,8.399999618530273,6391222784.0,2386.899598256591,4356.0,0.07568359375,71385088.0,149875.95665502548,0.0008900947286747396,0.00518798828125,1.931107997894287,-0.0192587748169899,0.6988645792007446,-0.019311079755425453,5.2303075790405273e-05,0.0,-0.006433296948671341,1.1794979572296143,0.7085464136108315,6.942906379699707,1.8868043422698975,6.936473369598389,2.184805154800415,6.8641345500946045,4.181886672973633,,,,,,
8789940000.0,107.51,8.699999809265137,6391222784.0,2418.232086313244,4357.0,0.0799560546875,71401472.0,149882.73185253143,0.0012844138545915484,0.0107421875,1.9548062086105347,-0.019431741908192635,0.5531357526779175,-0.019548064097762108,0.00011632218956947327,0.0,0.04036582633852959,1.0500377416610718,0.7619755678132849,6.862083435058594,1.9039604663848877,6.902449607849121,2.152256965637207,6.775197505950928,4.180936336517334,,,,,,
8789940000.0,102.71,8.100000381469727,6391222784.0,2395.133907407712,4358.0,0.07080078125,71417856.0,149889.572388649,0.0015419465489685535,0.01165771484375,1.9343503713607788,-0.019245073199272156,0.7016801834106445,-0.019343502819538116,9.84326470643282e-05,0.0,-0.0654507651925087,1.1849513053894043,0.7037405517970626,6.929455280303955,1.8475432395935059,6.864004611968994,2.177030086517334,6.840536117553711,4.1901161670684814,,,,,,
8789940000.0,98.26,8.100000381469727,6391222784.0,2455.8099766110195,4359.0,0.069580078125,71434240.0,149896.2439146042,0.0008077323436737061,0.004638671875,1.971185564994812,-0.01947448030114174,0.5951807498931885,-0.019711855798959732,0.00023737712763249874,0.0,-0.003692065365612507,1.0944453477859497,0.7215273646937417,6.72775936126709,1.8179765939712524,6.724067211151123,2.073972225189209,6.671525955200195,4.173301935195923,,,,,,
8789940000.0,99.03,8.100000381469727,6391222784.0,2449.4095846426267,4360.0,0.084228515625,71450624.0,149902.93287348747,0.0007699012057855725,0.0048828125,1.9781906604766846,-0.019112996757030487,0.645177960395813,-0.01978190802037716,0.0006689121946692467,0.0,-0.007577206008136272,1.1370331048965454,0.7396061840931001,6.718031883239746,1.8625620603561401,6.71045446395874,2.2282187938690186,6.6889588832855225,4.1897077560424805,,,,,,
8789940000.0,90.71,8.0,6391222784.0,2395.8410203738686,4361.0,0.087890625,71467008.0,149909.7713906765,0.0005100163398310542,0.00177001953125,1.899138331413269,-0.01865396462380886,0.6934673190116882,-0.01899138279259205,0.0003374144434928894,0.0,-0.0012288419529795647,1.1795448064804077,0.7189666008761327,6.952410697937012,1.8800439834594727,6.951181411743164,2.225027322769165,6.838517189025879,4.192537307739258,,,,,,
8789940000.0,105.34,8.100000381469727,6391222784.0,2414.640193594338,4362.0,0.0799560546875,71483392.0,149916.55666661263,0.0005596972187049687,0.001953125,1.9372718334197998,-0.019937755540013313,0.6633306741714478,-0.019372716546058655,-0.0005650402745231986,0.0,-0.04142115265130997,1.1486374139785767,0.7208319825672267,6.907611846923828,1.8753820657730103,6.866190433502197,2.1739535331726074,6.785275936126709,4.198183298110962,,,,,,
8789940000.0,96.5,8.199999809265137,6391222784.0,2421.578142934245,4363.0,0.0799560546875,71499776.0,149923.32250237465,0.0007628049934282899,0.00335693359375,1.9186491966247559,-0.018869545310735703,0.6812922358512878,-0.019186491146683693,0.00031694420613348484,0.0,-0.013741480186581612,1.1638827323913574,0.706645639611404,6.938876152038574,1.8527554273605347,6.925135135650635,2.1488847732543945,6.765835762023926,4.205333232879639,,,,,,
8789940000.0,101.68,7.800000190734863,6391222784.0,2403.141478723101,4364.0,0.074462890625,71516160.0,149930.14024496078,0.0008491777116432786,0.00347900390625,1.9410698413848877,-0.019230559468269348,0.6308038234710693,-0.019410697743296623,0.00018013827502727509,0.0,-0.009994249790906906,1.1208475828170776,0.7184178395804435,6.738161563873291,1.789136290550232,6.728167533874512,2.112243175506592,6.817742586135864,4.1925413608551025,,,,,,
8789940000.0,124.08,8.5,6391222784.0,2424.7175135306406,4365.0,0.086669921875,71532544.0,149936.89732074738,0.0014555566012859344,0.00982666015625,2.005159854888916,-0.019250759854912758,0.557400643825531,-0.02005160041153431,0.0008008396252989769,0.0,0.000288892537355423,1.0542469024658203,0.7619656656253644,6.839110374450684,1.8975460529327393,6.8393988609313965,2.1608388423919678,6.757075786590576,4.186961889266968,,,,,,
8789940000.0,104.9,8.300000190734863,6391222784.0,2400.1550171061244,4366.0,0.0750732421875,71548928.0,149943.72354650497,0.0010620784014463425,0.00750732421875,1.9905784130096436,-0.019296515733003616,0.5167912244796753,-0.019905783236026764,0.0006092675030231476,0.0,0.021709881722927094,1.0153521299362183,0.7514380650895848,6.642621994018555,1.7887932062149048,6.664331912994385,2.036569595336914,6.826225757598877,4.197106599807739,,,,,,
8789940000.0,91.32,8.600000381469727,6391222784.0,2379.2383400420727,4367.0,0.0799560546875,71565312.0,149950.60978388786,0.0022181482054293156,0.019287109375,1.976134181022644,-0.019417062401771545,0.5389882922172546,-0.0197613425552845,0.0003442782908678055,0.0,0.012854701839387417,1.0343620777130127,0.7569742145724765,6.876672744750977,1.836344599723816,6.889527320861816,2.098196506500244,6.886237382888794,4.1906821727752686,,,,,,
8789940000.0,91.79,9.100000381469727,6391222784.0,2426.371980839566,4368.0,0.0665283203125,71581696.0,149957.3622522354,0.0008984887972474098,0.0064697265625,2.017019510269165,-0.019873589277267456,0.39436569809913635,-0.020170195028185844,0.0002966001629829407,0.0,0.03538522496819496,0.8878443837165833,0.8009500694508576,6.643560409545898,1.7848998308181763,6.678945541381836,1.9900116920471191,6.7524683475494385,4.227729558944702,,,,,,
8789940000.0,94.13,8.399999618530273,6391222784.0,2412.764715729773,4369.0,0.0823974609375,71598080.0,149964.15280246735,0.000986409024335444,0.00653076171875,1.9934425354003906,-0.019738294184207916,0.5925335884094238,-0.01993442513048649,0.0001961340894922614,0.0,-0.02943303994834423,1.088273286819458,0.7561226021144678,6.878907203674316,1.9430198669433594,6.849474906921387,2.2036991119384766,6.790550231933594,4.264800071716309,,,,,,
8789940000.0,116.41,8.399999618530273,6391222784.0,2475.0573310769514,4370.0,0.0579833984375,71614464.0,149970.77244710922,0.0009221931104548275,0.00347900390625,2.0427346229553223,-0.019958406686782837,0.44408053159713745,-0.020427348092198372,0.0004689423367381096,0.0,-0.025801952928304672,0.944408655166626,0.7737382775590501,6.596627235412598,1.7880514860153198,6.570825099945068,1.9854291677474976,6.619644641876221,4.207428216934204,,,,,,
8789940000.0,98.4,8.699999809265137,6391222784.0,2414.8992524262594,4371.0,0.0701904296875,71630848.0,149977.55699515343,0.0013325667241588235,0.00933837890625,2.0659360885620117,-0.020594045519828796,0.4556428790092468,-0.02065936103463173,6.531551480293274e-05,0.0,0.022775724530220032,0.9528073668479919,0.7854596358913809,6.6436567306518555,1.8749421834945679,6.666431903839111,2.057075023651123,6.784548044204712,4.207130432128906,,,,,,
8789940000.0,110.4,8.100000381469727,6391222784.0,2425.5061539392805,4372.0,0.078125,71647232.0,149984.3118739128,0.0007229161565192044,0.0032958984375,1.989184856414795,-0.019648393616080284,0.5297903418540955,-0.019891846925020218,0.00024345144629478455,0.0,-0.019342515617609024,1.0281685590744019,0.7803588154248918,6.854996681213379,1.9142446517944336,6.835654258728027,2.193852424621582,6.754878759384155,4.283953905105591,,,,,,
8789940000.0,127.22,8.399999618530273,6391222784.0,2431.671156292855,4373.0,0.0689697265625,71663616.0,149991.04962706566,0.001190435141324997,0.00689697265625,2.016308307647705,-0.02021363563835621,0.49634772539138794,-0.02016308344900608,-5.055125802755356e-05,0.0,-0.03140626102685928,0.9963592886924744,0.7634617124009,6.699913024902344,1.7912003993988037,6.668506622314453,2.0486369132995605,6.73775315284729,4.313427209854126,,,,,,
8789940000.0,129.99,7.599999904632568,6391222784.0,2412.6753468168226,4374.0,0.0592041015625,71680000.0,149997.8404288292,0.0009330412140116096,0.0050048828125,2.0293335914611816,-0.019927509129047394,0.532557487487793,-0.020293332636356354,0.0003658253699541092,0.0,-0.07438349723815918,1.0301457643508911,0.7527963451945515,6.370068073272705,1.777182936668396,6.295684814453125,2.0719118118286133,6.790801763534546,4.184313774108887,,,,,,
8789940000.0,143.64,7.900000095367432,6391222784.0,2352.7130094859017,4375.0,0.04638671875,71696384.0,150004.80430412292,0.0011798630002886057,0.0078125,2.104210615158081,-0.021122967824339867,0.4064527451992035,-0.021042106673121452,-8.0860685557127e-05,0.0,-0.04473374783992767,0.901460587978363,0.7684690815719679,6.057625770568848,1.6242830753326416,6.012892723083496,1.8734511137008667,6.9638752937316895,4.224262952804565,,,,,,
8789940000.0,149.51,8.5,6391222784.0,2367.6084965544005,4376.0,0.0482177734375,71712768.0,150011.72436714172,0.001039253082126379,0.00640869140625,2.10563325881958,-0.020337922498583794,0.3495164215564728,-0.02105633169412613,0.0007184110581874847,0.0,0.009947642683982849,0.8388526439666748,0.7996523483473513,6.021448135375977,1.644921898841858,6.03139591217041,1.874103307723999,6.920063018798828,4.208519458770752,,,,,,
8789940000.0,174.14,7.800000190734863,6391222784.0,2325.669386725586,4377.0,0.04150390625,71729152.0,150018.7692205906,0.0011004474945366383,0.0072021484375,2.132995128631592,-0.02131549082696438,0.34520816802978516,-0.02132995054125786,1.4457851648330688e-05,0.0,-0.027128683403134346,0.8292059302330017,0.8045155418684158,6.030740737915039,1.6621218919754028,6.0036115646362305,1.8754535913467407,7.044853448867798,4.176947832107544,,,,,,
8789940000.0,220.43,7.099999904632568,6391222784.0,2348.2788043260603,4378.0,0.0335693359375,71745536.0,150025.74624562263,0.0019159220391884446,0.01434326171875,2.1141457557678223,-0.021881254389882088,0.4511641263961792,-0.021141456440091133,-0.0007397998124361038,0.0,-0.07290581613779068,0.9498094320297241,0.7050005499707821,5.945276737213135,1.4992800951004028,5.872370719909668,1.7487417459487915,6.977025032043457,4.218673229217529,,,,,,
8789940000.0,169.65,7.599999904632568,6391222784.0,2324.3511540920917,4379.0,0.048828125,71761920.0,150032.79509449005,0.001245287130586803,0.007568359375,2.074496030807495,-0.020672205835580826,0.46489185094833374,-0.020744960755109787,7.275119423866272e-05,0.0,-0.0509258471429348,0.9660217761993408,0.7454033030320859,6.08194637298584,1.6320899724960327,6.031020641326904,1.9145234823226929,7.048848867416382,4.378470182418823,,,,,,
8789940000.0,136.12,8.399999618530273,6391222784.0,2355.012016958409,4380.0,0.0604248046875,71778304.0,150039.75217151642,0.0011043694103136659,0.00750732421875,2.0419816970825195,-0.020529678091406822,0.4502699375152588,-0.02041981928050518,-0.00010985648259520531,0.0,0.03984703868627548,0.9493657946586609,0.7833814092728616,6.216007232666016,1.7618197202682495,6.255854606628418,2.0397913455963135,6.9570770263671875,4.276182413101196,,,,,,
8789940000.0,113.67,7.900000095367432,6391222784.0,2370.0222983135154,4381.0,0.05615234375,71794688.0,150046.6651866436,0.0008687959052622318,0.0032958984375,2.0361552238464355,-0.020519625395536423,0.5419816374778748,-0.02036154828965664,-0.0001580752432346344,0.0,-0.01166444644331932,1.0415070056915283,0.7490111120266919,6.1333794593811035,1.8143210411071777,6.121715545654297,2.078906536102295,6.913015127182007,4.271138906478882,,,,,,
8789940000.0,184.53,7.5,6391222784.0,2451.3854227213055,4382.0,0.0579833984375,71811072.0,150053.34875416756,0.0009467730997130275,0.00506591796875,2.0519659519195557,-0.02063995972275734,0.5482908487319946,-0.02051965892314911,-0.00012030079960823059,0.0,-0.013271497562527657,1.0471134185791016,0.7601253110332896,6.2985615730285645,1.8599317073822021,6.285290241241455,2.1379692554473877,6.683567523956299,4.191614866256714,,,,,,
8789940000.0,118.09,8.100000381469727,6391222784.0,2439.7664486670933,4383.0,0.068359375,71827456.0,150060.06415104866,0.0012827003374695778,0.00927734375,2.045053482055664,-0.020799340680241585,0.5217264890670776,-0.020450534299016,-0.0003488045185804367,0.0,0.027419287711381912,1.0218195915222168,0.7765040989488092,6.372374534606934,1.9153186082839966,6.39979362487793,2.1614198684692383,6.715396881103516,4.222112417221069,,,,,,
,,,,,,,,,,,,,,,,,,,,,,,,,,0.01705506443977356,0.5677871704101562,0.5276253819465637,0.01705506443977356,0.5677871704101562,0.5276253819465637
,,,,,,,,,,,,,,,,,,,,,,,,,,0.016863146796822548,0.5146762132644653,0.4907952845096588,0.016863146796822548,0.5146762132644653,0.4907952845096588
,,,,,,,,,,,,,,,,,,,,,,,,,,0.016642211005091667,0.48869824409484863,0.4672357141971588,0.016642211005091667,0.48869824409484863,0.4672357141971588
,,,,,,,,,,,,,,,,,,,,,,,,,,0.016734829172492027,0.4701296091079712,0.4472585618495941,0.016734829172492027,0.4701296091079712,0.4472585618495941
,,,,,,,,,,,,,,,,,,,,,,,,,,0.01711963303387165,0.4526218771934509,0.4325866997241974,0.01711963303387165,0.4526218771934509,0.4325866997241974
,,,,,,,,,,,,,,,,,,,,,,,,,,0.017283882945775986,0.4375692307949066,0.4193896949291229,0.017283882945775986,0.4375692307949066,0.4193896949291229
8789940000.0,145.99,7.699999809265137,6188634112.0,18.65343085717296,4384.0,0.0634765625,71843840.0,150938.40123152733,0.0006394129013642669,0.00152587890625,2.082796812057495,-0.020303070545196533,0.5411028861999512,-0.020827969536185265,0.0005248973611742258,0.0,-0.08361056447029114,1.0406789779663086,0.771842894002295,6.678380012512207,1.8820586204528809,6.594769477844238,2.1787123680114746,878.3370804786682,4.3552210330963135,,,,,,
8789940000.0,108.97,8.699999809265137,6391222784.0,2429.5004385119055,4385.0,0.0701904296875,71860224.0,150945.1450047493,0.0009487949428148568,0.0048828125,2.070077896118164,-0.021011274307966232,0.492279976606369,-0.02070077881217003,-0.00031049735844135284,0.0,0.05816572159528732,0.9900828003883362,0.7653568341577031,6.741478443145752,1.8806718587875366,6.799644470214844,2.043938159942627,6.7437732219696045,4.204928159713745,,,,,,
8789940000.0,127.92,8.699999809265137,6391222784.0,2401.3906343794115,4386.0,0.079345703125,71876608.0,150951.9677181244,0.0006357688689604402,0.00201416015625,2.032928466796875,-0.020725544542074203,0.6543435454368591,-0.02032928355038166,-0.00039626192301511765,0.0,0.017748601734638214,1.1448676586151123,0.7304884813995993,6.80717658996582,1.982504963874817,6.824925422668457,2.2052950859069824,6.822713375091553,4.200721025466919,,,,,,
8789940000.0,92.46,8.0,6391222784.0,2409.752528453496,4387.0,0.0811767578125,71892992.0,150958.76675653458,0.0007252782233990729,0.00164794921875,2.029756546020508,-0.020554400980472565,0.7296046018600464,-0.020297564566135406,-0.00025683362036943436,0.0,-0.05563513934612274,1.210721492767334,0.7015737083064661,6.854700088500977,1.90862238407135,6.799065113067627,2.2162857055664062,6.799038410186768,4.1898767948150635,,,,,,
8789940000.0,113.63,7.599999904632568,6391222784.0,2421.539487691794,4388.0,0.07568359375,71909376.0,150965.53270030022,0.0006807960453443229,0.0035400390625,2.0100884437561035,-0.019946657121181488,0.6620610952377319,-0.02010088600218296,0.00015422794967889786,0.0,-0.041381508111953735,1.1491161584854126,0.7203227717467946,6.750463485717773,1.83280348777771,6.709082126617432,2.1728787422180176,6.765943765640259,4.205727815628052,,,,,,
8789940000.0,107.26,8.100000381469727,6391222784.0,2419.398823259106,4389.0,0.079345703125,71925760.0,150972.30463051796,0.0009006362524814904,0.0037841796875,2.0101935863494873,-0.0199592188000679,0.6086695790290833,-0.020101936534047127,0.00014271913096308708,0.0,0.052250489592552185,1.106892466545105,0.7332156422561404,6.783507347106934,1.8398388624191284,6.835758209228516,2.1430158615112305,6.77193021774292,4.177192211151123,,,,,,
8789940000.0,110.06,8.399999618530273,6391222784.0,2400.2256039239937,4390.0,0.078125,71942144.0,150979.13065552711,0.0005374805768951774,0.00213623046875,2.0151875019073486,-0.01981043815612793,0.561159074306488,-0.020151875913143158,0.0003414386883378029,0.0,0.04640836641192436,1.0590823888778687,0.7625688623387981,6.838486671447754,1.8977887630462646,6.884895324707031,2.17350697517395,6.826025009155273,4.1978864669799805,,,,,,
8789940000.0,111.68,8.100000381469727,6391222784.0,2430.6358635695487,4391.0,0.07568359375,71958528.0,150985.8712785244,0.0010363049805164337,0.0042724609375,2.0552873611450195,-0.020474908873438835,0.5624844431877136,-0.020552871748805046,7.795915007591248e-05,0.0,0.0022590146400034428,1.0587066411972046,0.7664082978850753,6.903648853302002,1.9323128461837769,6.90590763092041,2.1905181407928467,6.7406229972839355,4.195541858673096,,,,,,
8789940000.0,127.94,9.0,6391222784.0,2411.764077279658,4392.0,0.0750732421875,71974912.0,150992.66464614868,0.000733962981030345,0.00152587890625,2.06836199760437,-0.02061457931995392,0.47840678691864014,-0.020683620125055313,6.904010660946369e-05,0.0,0.050868235528469086,0.9765228033065796,0.7798882650923531,6.816563606262207,1.8705699443817139,6.867432117462158,2.081425428390503,6.793367624282837,4.22800612449646,,,,,,
8789940000.0,99.83,9.0,6391222784.0,2418.8846187475124,4393.0,0.0799560546875,71991296.0,150999.4380159378,0.000631850038189441,0.00152587890625,2.057800769805908,-0.02044014260172844,0.45796677470207214,-0.02057800441980362,0.00013786274939775467,0.0,0.08634687960147858,0.9583330154418945,0.7779025243768596,7.071799278259277,1.912217617034912,7.158145904541016,2.0335023403167725,6.773369789123535,4.204534292221069,,,,,,
8789940000.0,133.86,8.100000381469727,6391222784.0,2402.280727587576,4394.0,0.0775146484375,72007680.0,151006.2582013607,0.0005500228144228458,0.00225830078125,2.089944839477539,-0.02104404754936695,0.5430971384048462,-0.020899448543787003,-0.0001445980742573738,0.0,-0.12693268060684204,1.0381734371185303,0.7764963813423159,6.987804889678955,1.914294958114624,6.860872268676758,2.195976734161377,6.820185422897339,4.199347496032715,,,,,,
8789940000.0,169.32,7.400000095367432,6391222784.0,2437.1382096636457,4395.0,0.0689697265625,72024064.0,151012.98084020615,0.0006145391962490976,0.0028076171875,2.0554282665252686,-0.020340269431471825,0.6256318092346191,-0.020554283633828163,0.000214011175557971,0.0,-0.10685157775878906,1.1176754236221313,0.7277604848214358,6.848274230957031,1.8160282373428345,6.741422653198242,2.1421022415161133,6.722638845443726,4.205419540405273,,,,,,
8789940000.0,79.66,9.300000190734863,6391222784.0,2420.6777024860185,4396.0,0.0848388671875,72040448.0,151019.7491927147,0.0006720992387272418,0.00299072265625,2.0588159561157227,-0.02048150822520256,0.516217827796936,-0.020588159561157227,0.00010665087029337883,0.0,0.10076208412647247,1.0110485553741455,0.7679072726445091,6.986693859100342,1.857774257659912,7.087456226348877,2.0986568927764893,6.768352508544922,4.207588195800781,,,,,,
8789940000.0,108.71,8.100000381469727,6391222784.0,2446.3412301772587,4397.0,0.0701904296875,72056832.0,151026.44654130936,0.0007485357346013188,0.00311279296875,2.077493906021118,-0.020529597997665405,0.5500910878181458,-0.02077494002878666,0.0002453392371535301,0.0,-0.044849246740341187,1.0446584224700928,0.7558007882869172,6.806324005126953,1.834100365638733,6.761475086212158,2.1139864921569824,6.697348594665527,4.1933372020721436,,,,,,
8789940000.0,124.2,8.100000381469727,6391222784.0,2438.3598632123635,4398.0,0.0701904296875,72073216.0,151033.16581201553,0.0009349969914183021,0.00494384765625,2.0844664573669434,-0.021732354536652565,0.5828825235366821,-0.020844662562012672,-0.0008876901119947433,0.0,-0.0157057736068964,1.0713125467300415,0.7289815101796604,6.8686628341674805,1.8103219270706177,6.852956771850586,2.057863473892212,6.719270706176758,4.184471845626831,,,,,,
8789940000.0,101.29,8.800000190734863,6391222784.0,2435.2854547322454,4399.0,0.0762939453125,72089600.0,151039.89356541634,0.0012023602612316608,0.0052490234375,2.076045513153076,-0.020515162497758865,0.4587281346321106,-0.02076045423746109,0.00024528801441192627,0.0,0.029857590794563293,0.9553854465484619,0.7991189388368436,6.883229732513428,1.8957877159118652,6.913087368011475,2.131615400314331,6.727753400802612,4.191450595855713,,,,,,
8789940000.0,146.95,8.5,6391222784.0,2392.9975711168286,4400.0,0.068359375,72105984.0,151046.74020838737,0.0007414435967803001,0.00201416015625,2.1024670600891113,-0.02098281867802143,0.43961411714553833,-0.0210246704518795,4.185084253549576e-05,0.0,0.0059655276127159595,0.9353480339050293,0.7923614815224608,6.720361709594727,1.8351051807403564,6.726327419281006,2.05267071723938,6.846642971038818,4.339069366455078,,,,,,
8789940000.0,115.81,8.100000381469727,6391222784.0,2416.9728758499696,4401.0,0.0653076171875,72122368.0,151053.5189356804,0.001144856563769281,0.0076904296875,2.077258586883545,-0.02082926407456398,0.6106373071670532,-0.02077258564531803,-5.668122321367264e-05,0.0,-0.036244992166757584,1.1055974960327148,0.7228231073553952,6.830085754394531,1.8577241897583008,6.793840408325195,2.0999960899353027,6.778727293014526,4.188600063323975,,,,,,
8789940000.0,88.56,8.699999809265137,6391222784.0,2412.578615606771,4402.0,0.076904296875,72138752.0,151060.31000971794,0.0008324276423081756,0.00323486328125,2.089890718460083,-0.020862236618995667,0.4452569782733917,-0.020898906514048576,3.667175769805908e-05,0.0,0.024013463407754898,0.9365236759185791,0.8040677633070058,6.944988250732422,1.8896088600158691,6.969001770019531,2.115757465362549,6.79107403755188,4.231656551361084,,,,,,
8789940000.0,148.98,8.199999809265137,6391222784.0,2385.445641608015,4403.0,0.064697265625,72155136.0,151067.17832803726,0.0007302839076146483,0.0023193359375,2.110241413116455,-0.02106282487511635,0.4409973621368408,-0.021102415397763252,3.959052264690399e-05,0.0,-0.03256349638104439,0.9314115047454834,0.7939243499046098,6.608404636383057,1.8249388933181763,6.575840950012207,2.0517685413360596,6.868318319320679,4.200150489807129,,,,,,
8789940000.0,166.38,8.100000381469727,6391222784.0,2390.309847177618,4404.0,0.057373046875,72171520.0,151074.03266954422,0.0012069381773471832,0.00799560546875,2.0693070888519287,-0.020924076437950134,0.514914333820343,-0.02069307118654251,-0.00023100338876247406,0.0,-0.07499398291110992,1.0062079429626465,0.7565911050409393,6.682068824768066,1.7970261573791504,6.607074737548828,2.0394792556762695,6.854341506958008,4.261349439620972,,,,,,
8789940000.0,113.49,8.100000381469727,6391222784.0,2400.4862745947357,4405.0,0.0640869140625,72187904.0,151080.85795331,0.0010663343127816916,0.006103515625,2.048734188079834,-0.019688889384269714,0.579086422920227,-0.020487342029809952,0.000798448920249939,0.0,0.0001962555106729269,1.0751259326934814,0.7318143210464588,6.560249328613281,1.7817143201828003,6.560445785522461,2.076068878173828,6.825283765792847,4.256448268890381,,,,,,
8789940000.0,113.21,8.600000381469727,6391222784.0,2409.6216425504554,4406.0,0.0775146484375,72204288.0,151087.65736103058,0.0009249113500118256,0.00445556640625,2.0144472122192383,-0.01977001689374447,0.5686513185501099,-0.020144468173384666,0.00037445127964019775,0.0,0.03235314041376114,1.0672392845153809,0.7496078758111768,6.685791492462158,1.8473151922225952,6.71814489364624,2.1328070163726807,6.799407720565796,4.321866512298584,,,,,,
8789940000.0,99.29,8.800000190734863,6391222784.0,2399.555364312858,4407.0,0.0738525390625,72220672.0,151094.4852926731,0.0010583974653854966,0.007080078125,2.021721839904785,-0.01982341893017292,0.4851224422454834,-0.02021721564233303,0.00039379484951496124,0.0,0.040898218750953674,0.9870620369911194,0.7872548666975103,6.740248680114746,1.8752549886703491,6.781147003173828,2.140005588531494,6.827931642532349,4.274501085281372,,,,,,
8789940000.0,116.96,7.900000095367432,6391222784.0,2391.1927419370836,4408.0,0.07568359375,72237056.0,151101.33710336685,0.0005226435023359954,0.00213623046875,2.0147547721862793,-0.019702769815921783,0.6328930854797363,-0.020147547125816345,0.00044477730989456177,0.0,-0.022164899855852127,1.1240851879119873,0.7342206631124975,6.763904571533203,1.906540870666504,6.741739273071289,2.1804118156433105,6.851810693740845,4.247029781341553,,,,,,
8789940000.0,130.16,8.100000381469727,6391222784.0,2436.12649732788,4409.0,0.0689697265625,72253440.0,151108.06253409386,0.0015085465274751186,0.01092529296875,2.0317745208740234,-0.021016832441091537,0.5582914352416992,-0.020317746326327324,-0.0006990861147642136,0.0,0.043026044964790344,1.0600497722625732,0.7296931514398202,6.818700790405273,1.7909187078475952,6.861726760864258,2.0389091968536377,6.725430727005005,4.197493076324463,,,,,,
8789940000.0,113.33,8.100000381469727,6391222784.0,2359.8714923429966,4410.0,0.0689697265625,72269824.0,151115.00528502464,0.0007929144194349647,0.0029296875,2.0666344165802,-0.020587226375937462,0.5500119924545288,-0.020666344091296196,7.911771535873413e-05,0.0,-0.02099117636680603,1.0470366477966309,0.7305203279688469,6.860189437866211,1.7748645544052124,6.839198112487793,2.0169677734375,6.942750930786133,4.218113899230957,,,,,,
8789940000.0,129.2,8.800000190734863,6391222784.0,2355.8224236647043,4411.0,0.067138671875,72286208.0,151121.9599688053,0.0006489841616712511,0.003662109375,2.0970311164855957,-0.020426832139492035,0.4175650477409363,-0.020970311015844345,0.0005434807389974594,0.0,0.021624401211738586,0.9134108424186707,0.7892133938750923,6.893697738647461,1.7869404554367065,6.915322303771973,1.9895046949386597,6.954683780670166,4.330083131790161,,,,,,
8789940000.0,155.94,8.300000190734863,6391222784.0,2375.3477104491312,4412.0,0.054931640625,72302592.0,151128.85748529434,0.0007627857266925275,0.00335693359375,2.1211180686950684,-0.02155783213675022,0.4409908652305603,-0.021211180835962296,-0.0003466503694653511,0.0,-0.01602635532617569,0.9389203786849976,0.7626714264988609,6.669492244720459,1.6814333200454712,6.653465747833252,1.9273186922073364,6.897516489028931,4.24383020401001,,,,,,
8789940000.0,104.09,8.600000381469727,6391222784.0,2402.9261070818043,4413.0,0.0762939453125,72318976.0,151135.6758389473,0.0018870714120566845,0.01513671875,2.094409227371216,-0.020625373348593712,0.5029264688491821,-0.02094409242272377,0.00031872279942035675,0.0,0.015124627389013767,1.001126766204834,0.758776336469628,7.084695816040039,1.7986927032470703,7.099820613861084,2.0383527278900146,6.818353652954102,4.201244831085205,,,,,,
8789940000.0,126.67,8.0,6391222784.0,2400.7076669342096,4414.0,0.0750732421875,72335360.0,151142.50049328804,0.0011966138845309615,0.00494384765625,2.032222032546997,-0.0201340951025486,0.6058821678161621,-0.020322218537330627,0.00018812203779816628,0.0,-0.05670657753944397,1.0952330827713013,0.7342690697508881,7.086850166320801,1.824430227279663,7.0301432609558105,2.1246399879455566,6.8246543407440186,4.271387577056885,,,,,,
8789940000.0,114.88,8.699999809265137,6391222784.0,2413.113699078989,4415.0,0.081787109375,72351744.0,151149.29006147385,0.0007473109290003777,0.00244140625,2.0144190788269043,-0.019395407289266586,0.49701762199401855,-0.02014419063925743,0.0007487824186682701,0.0,0.09881890565156937,0.9923531413078308,0.746123969956825,6.992672920227051,1.7461978197097778,7.09149169921875,1.9694972038269043,6.789568185806274,4.245702505111694,,,,,,
,,,,,,,,,,,,,,,,,,,,,,,,,,0.017023034393787384,0.5618060231208801,0.521855354309082,0.017023034393787384,0.5618060231208801,0.521855354309082
,,,,,,,,,,,,,,,,,,,,,,,,,,0.01628446765244007,0.5157669186592102,0.491172730922699,0.01628446765244007,0.5157669186592102,0.491172730922699
,,,,,,,,,,,,,,,,,,,,,,,,,,0.0157893318682909,0.48893892765045166,0.46942374110221863,0.0157893318682909,0.48893892765045166,0.46942374110221863
,,,,,,,,,,,,,,,,,,,,,,,,,,0.01607251539826393,0.4716643691062927,0.4527115523815155,0.01607251539826393,0.4716643691062927,0.4527115523815155
,,,,,,,,,,,,,,,,,,,,,,,,,,0.016352225095033646,0.45563939213752747,0.4373457729816437,0.016352225095033646,0.45563939213752747,0.4373457729816437
,,,,,,,,,,,,,,,,,,,,,,,,,,0.016507109627127647,0.4405667781829834,0.42396318912506104,0.016507109627127647,0.4405667781829834,0.42396318912506104
8789940000.0,99.62,8.199999809265137,6188634112.0,18.608690859671924,4416.0,0.07568359375,72368128.0,152029.73888635635,0.0003727590083144605,0.00128173828125,2.0556647777557373,-0.020579863339662552,0.6189362406730652,-0.020556649193167686,-2.321600914001465e-05,0.0,-0.04004208743572235,1.1120587587356567,0.7198946968455189,6.8856096267700195,1.800705075263977,6.84556770324707,2.101198434829712,880.4488248825073,4.201227188110352,,,,,,
8789940000.0,91.11,8.0,6391222784.0,2448.4381694464655,4417.0,0.0738525390625,72384512.0,152036.43049907684,0.0007745956536382437,0.0028076171875,2.059389114379883,-0.021177545189857483,0.640630304813385,-0.02059388905763626,-0.0005836524069309235,0.0,-0.04387719929218292,1.1359232664108276,0.7305179013794305,6.698576927185059,1.8528244495391846,6.654699325561523,2.1881840229034424,6.691612720489502,4.18732762336731,,,,,,
8789940000.0,94.1,8.300000190734863,6391222784.0,2367.8493209402995,4418.0,0.0799560546875,72400896.0,152043.349858284,0.001019874936901033,0.00286865234375,2.0290629863739014,-0.020752867683768272,0.6259562969207764,-0.02029062807559967,-0.0004622386768460274,0.0,0.015302106738090515,1.1185529232025146,0.7362408494684969,6.787951469421387,1.8489556312561035,6.803254127502441,2.1779751777648926,6.91935920715332,4.202990293502808,,,,,,
8789940000.0,106.49,8.800000190734863,6391222784.0,2436.8492978083013,4419.0,0.0738525390625,72417280.0,152050.07329416275,0.000845425296574831,0.00164794921875,2.055769681930542,-0.020641900599002838,0.5202178359031677,-0.020557695999741554,-8.420925587415695e-05,0.0,0.020831504836678505,1.0172730684280396,0.7687488926071196,6.801456451416016,1.8680535554885864,6.822288513183594,2.1154167652130127,6.723435878753662,4.168964147567749,,,,,,
8789940000.0,108.04,8.5,6391222784.0,2444.9772479116577,4420.0,0.0799560546875,72433664.0,152056.77437901497,0.0007956883637234569,0.00323486328125,2.0330779552459717,-0.01977609656751156,0.6141282916069031,-0.020330777391791344,0.0005546770989894867,0.0,0.0252817515283823,1.1081457138061523,0.7329940789058851,6.931966781616211,1.903114676475525,6.957248687744141,2.144552707672119,6.701084852218628,4.197992563247681,,,,,,
8789940000.0,103.27,9.199999809265137,6391222784.0,2450.590178286429,4421.0,0.08544921875,72450048.0,152063.46011543274,0.0006359955295920372,0.0030517578125,2.0246291160583496,-0.020057667046785355,0.4824143648147583,-0.020246289670467377,0.0001886221580207348,0.0,0.11226387321949005,0.9817299842834473,0.7877080337185904,6.968155860900879,1.9295190572738647,7.080419540405273,2.1307144165039062,6.685736417770386,4.203638553619385,,,,,,
8789940000.0,114.43,8.5,6391222784.0,2465.4777296278844,4422.0,0.08544921875,72466432.0,152070.10548067093,0.0007398500456474721,0.004638671875,2.0089335441589355,-0.01963658258318901,0.6204661726951599,-0.02008933573961258,0.00045274943113327026,0.0,0.020556120201945305,1.113013505935669,0.7413158174417946,7.04486083984375,1.9323176145553589,7.06541633605957,2.1883418560028076,6.645365238189697,4.191827058792114,,,,,,
8789940000.0,85.91,8.699999809265137,6391222784.0,2466.109371563296,4423.0,0.0823974609375,72482816.0,152076.74914383888,0.0008187615894712508,0.00537109375,2.024730682373047,-0.019918303936719894,0.5416911244392395,-0.020247308537364006,0.0003290027379989624,0.0,0.013563704676926136,1.0344789028167725,0.7553897710809342,6.955238342285156,1.8586777448654175,6.968801975250244,2.0916268825531006,6.643663167953491,4.186458587646484,,,,,,
8789940000.0,126.63,8.199999809265137,6391222784.0,2439.3179277211675,4424.0,0.0634765625,72499200.0,152083.4657754898,0.0007538017816841602,0.00384521484375,2.0265419483184814,-0.019468223676085472,0.6129536628723145,-0.02026541717350483,0.00079719303175807,0.0,-0.010736580938100815,1.108492136001587,0.6949342760458823,6.805603981018066,1.7663623094558716,6.794867515563965,2.0069451332092285,6.716631650924683,4.184544086456299,,,,,,
8789940000.0,124.2,7.900000095367432,6391222784.0,2411.5749155556327,4425.0,0.05126953125,72515584.0,152090.2596759796,0.0008206257480196655,0.0048828125,2.0531015396118164,-0.02013533189892769,0.5369739532470703,-0.02053101360797882,0.0003956765867769718,0.0,-0.040902893990278244,1.0361676216125488,0.7198189301461919,6.675095558166504,1.7282227277755737,6.63419246673584,1.9575389623641968,6.793900489807129,4.201626300811768,,,,,,
8789940000.0,104.26,8.300000190734863,6391222784.0,2453.338262514905,4426.0,0.07568359375,72531968.0,152096.9379234314,0.0008194796973839402,0.002197265625,2.0417704582214355,-0.020873604342341423,0.520095944404602,-0.020417703315615654,-0.00045590102672576904,0.0,0.0007626023143529892,1.0177325010299683,0.769655556860521,6.842324733734131,1.8262622356414795,6.843087196350098,2.1205313205718994,6.678247451782227,4.1848063468933105,,,,,,
8789940000.0,114.5,8.100000381469727,6391222784.0,2470.0391969306584,4427.0,0.0653076171875,72548352.0,152103.57101655006,0.0008392968447878957,0.0045166015625,2.058948278427124,-0.020438088104128838,0.5348935127258301,-0.02058948390185833,0.0001513957977294922,0.0,-0.022492367774248123,1.032961130142212,0.7295756114460992,6.7215094566345215,1.6820929050445557,6.699017524719238,1.9863749742507935,6.6330931186676025,4.170690536499023,,,,,,
8789940000.0,134.6,8.5,6391222784.0,2416.1765211814013,4428.0,0.0677490234375,72564736.0,152110.35197806358,0.0009842503350228071,0.00543212890625,2.090519428253174,-0.02072278782725334,0.4321616291999817,-0.02090519294142723,0.0001824069768190384,0.0,-0.024781253188848495,0.930048942565918,0.7814937988668094,6.916514873504639,1.7286739349365234,6.8917341232299805,1.9896385669708252,6.780961513519287,4.180066823959351,,,,,,
8789940000.0,106.3,8.899999618530273,6391222784.0,2446.1447772773918,4429.0,0.06103515625,72581120.0,152117.04986453056,0.002069715177640319,0.01910400390625,2.0994248390197754,-0.01974749192595482,0.3651028275489807,-0.020994246006011963,0.0012467540800571442,0.0,0.05655013397336006,0.8523710370063782,0.7933140798147178,6.6500959396362305,1.6809099912643433,6.706645965576172,1.8748791217803955,6.6978864669799805,4.188907861709595,,,,,,
8789940000.0,127.05,7.800000190734863,6391222784.0,2456.5999188515093,4430.0,0.0592041015625,72597504.0,152123.7192451954,0.0005529897753149271,0.00177001953125,2.0751233100891113,-0.019821805879473686,0.4715292453765869,-0.020751232281327248,0.0009294305928051472,0.0,-0.07837645709514618,0.9661352634429932,0.7560198146808964,6.564772605895996,1.679731845855713,6.486396312713623,1.9559634923934937,6.6693806648254395,4.196022272109985,,,,,,
8789940000.0,122.55,8.100000381469727,6391222784.0,2487.6903905276486,4431.0,0.076904296875,72613888.0,152130.3052737713,0.0008708159439265728,0.005126953125,2.0076119899749756,-0.019590873271226883,0.583888590335846,-0.020076120272278786,0.00048524560406804085,0.0,-0.010854288004338741,1.0786325931549072,0.7491897474261311,6.8706817626953125,1.8584272861480713,6.859827518463135,2.153777837753296,6.586028575897217,4.177690744400024,,,,,,
8789940000.0,105.72,8.199999809265137,6391222784.0,2435.8211615843265,4432.0,0.0714111328125,72630272.0,152137.0315475464,0.000963596161454916,0.0054931640625,2.0416622161865234,-0.02017553336918354,0.5630270838737488,-0.0204166229814291,0.0002410896122455597,0.0,-0.012243516743183136,1.0623750686645508,0.7568585441291827,6.63637638092041,1.8331845998764038,6.6241326332092285,2.154508352279663,6.726273775100708,4.183480501174927,,,,,,
8789940000.0,127.2,8.300000190734863,6391222784.0,2423.6841145271414,4433.0,0.0714111328125,72646656.0,152143.7915043831,0.001291133463382721,0.01068115234375,2.026732921600342,-0.020557060837745667,0.5990291237831116,-0.02026733011007309,-0.00028973817825317383,0.0,-0.003113171085715294,1.0891412496566772,0.7273439713025269,6.747881889343262,1.790814995765686,6.744768142700195,2.0858190059661865,6.7599568367004395,4.189311504364014,,,,,,
8789940000.0,89.58,8.399999618530273,6391222784.0,2368.092316053962,4434.0,0.0677490234375,72663040.0,152150.7101535797,0.000989187741652131,0.00653076171875,2.051255702972412,-0.019604027271270752,0.5194886326789856,-0.020512554794549942,0.0009085278725251555,0.0,-0.022745881229639053,1.0123443603515625,0.756295482474403,6.781545639038086,1.8373609781265259,6.7587995529174805,2.050673484802246,6.918649196624756,4.313687324523926,,,,,,
8789940000.0,143.77,7.599999904632568,6391222784.0,2387.93471978926,4435.0,0.0714111328125,72679424.0,152157.57131266594,0.0007704184972681105,0.00506591796875,1.9957386255264282,-0.019685935229063034,0.7001844048500061,-0.01995738595724106,0.00027144700288772583,0.0,-0.07937580347061157,1.179735779762268,0.692308356315801,6.639350891113281,1.7694265842437744,6.559974670410156,2.126800298690796,6.861159086227417,4.201276063919067,,,,,,
8789940000.0,104.0,7.5,6391222784.0,2431.9385300914696,4436.0,0.07568359375,72695808.0,152164.30832505226,0.000640787766315043,0.0020751953125,1.9549858570098877,-0.01909722574055195,0.6561797261238098,-0.019549857825040817,0.00045263394713401794,0.0,-0.021647954359650612,1.1449251174926758,0.7474143475486166,6.687167167663574,1.9133211374282837,6.6655192375183105,2.27810001373291,6.7370123863220215,4.179980754852295,,,,,,
8789940000.0,114.05,8.800000190734863,6391222784.0,2471.036450402465,4437.0,0.084228515625,72712192.0,152170.93874120712,0.0006069513619877398,0.0018310546875,1.9698505401611328,-0.01940690539777279,0.4631553292274475,-0.019698504358530045,0.00029159896075725555,0.0,0.10600670427083969,0.9576975703239441,0.7959372799201462,6.756645202636719,1.8718241453170776,6.86265230178833,2.1200525760650635,6.63041615486145,4.174623012542725,,,,,,
8789940000.0,124.38,7.800000190734863,6391222784.0,2407.1622988995346,4438.0,0.068359375,72728576.0,152177.74509572983,0.001005514757707715,0.00726318359375,1.9838035106658936,-0.019711734727025032,0.5836398601531982,-0.019838035106658936,0.00012629665434360504,0.0,-0.017266545444726944,1.0798554420471191,0.7402344248628097,6.762260437011719,1.8491483926773071,6.744994163513184,2.1187264919281006,6.806354522705078,4.202576398849487,,,,,,
8789940000.0,92.16,8.800000190734863,6391222784.0,2472.5000362854375,4439.0,0.1043701171875,72744960.0,152184.37158703804,0.0011198546271771193,0.00665283203125,1.917795181274414,-0.018620196729898453,0.5603978633880615,-0.01917795091867447,0.0005577551200985909,0.0,0.14655284583568573,1.0548816919326782,0.7721783246350564,7.131394863128662,1.9826104640960693,7.277947902679443,2.210071325302124,6.62649130821228,4.191208124160767,,,,,,
8789940000.0,98.14,8.100000381469727,6391222784.0,2444.680560706982,4440.0,0.0982666015625,72761344.0,152191.07348513603,0.0011197425192222,0.007568359375,1.9169104099273682,-0.0191936232149601,0.6930948495864868,-0.019169103354215622,-2.4520326405763626e-05,0.0,-0.0054556867107748985,1.174939513206482,0.7267918690903845,7.272500514984131,1.9524195194244385,7.267045021057129,2.2478578090667725,6.701898097991943,4.204455375671387,,,,,,
8789940000.0,84.95,8.300000190734863,6391222784.0,2439.2024249945753,4441.0,0.0909423828125,72777728.0,152197.79043483734,0.0017418169882148504,0.01129150390625,1.9430395364761353,-0.01948559656739235,0.6617657542228699,-0.01943039335310459,-5.520367994904518e-05,0.0,0.006675961893051863,1.1510969400405884,0.6725649994650061,7.193943977355957,1.7644740343093872,7.200619697570801,2.01163387298584,6.716949701309204,4.1932220458984375,,,,,,
8789940000.0,107.53,8.699999809265137,6391222784.0,2382.902913686209,4442.0,0.086669921875,72794112.0,152204.66608214378,0.0009126376826316118,0.0052490234375,1.9141961336135864,-0.018897030502557755,0.680803656578064,-0.01914196088910103,0.0002449285238981247,0.0,0.04224870353937149,1.1693205833435059,0.6750807563303458,7.032059669494629,1.7140953540802002,7.074308395385742,2.0513789653778076,6.875647306442261,4.314684629440308,,,,,,
8789940000.0,96.19,7.900000095367432,6391222784.0,2433.1342990244975,4443.0,0.0927734375,72810496.0,152211.3997836113,0.0009656598558649421,0.00616455078125,1.891380786895752,-0.0188896507024765,0.6981292963027954,-0.018913807347416878,2.415291965007782e-05,0.0,-0.030612630769610405,1.1769893169403076,0.7084256412878153,7.164781093597412,1.826734185218811,7.13416862487793,2.1797056198120117,6.733701467514038,4.186206579208374,,,,,,
8789940000.0,74.54,8.399999618530273,6391222784.0,2399.7952732752756,4444.0,0.1019287109375,72826880.0,152218.22703266144,0.0005665891221724451,0.00250244140625,1.9148229360580444,-0.018720239400863647,0.7664650678634644,-0.01914822869002819,0.00042799022048711777,0.0,0.011430652812123299,1.2379041910171509,0.6673567656021671,7.179965972900391,1.7923511266708374,7.191397190093994,2.146336078643799,6.827249050140381,4.235199213027954,,,,,,
8789940000.0,91.84,7.199999809265137,6391222784.0,2406.2080056606546,4445.0,0.0823974609375,72843264.0,152225.0360865593,0.0019293730147182941,0.01727294921875,1.9301906824111938,-0.01869746670126915,0.7346108555793762,-0.01930190622806549,0.0006044376641511917,0.0,-0.06921613216400146,1.2123173475265503,0.6967353260931697,7.045738220214844,1.8050285577774048,6.976522445678711,2.2014338970184326,6.809053897857666,4.196007966995239,,,,,,
8789940000.0,69.11,8.300000190734863,6391222784.0,2441.6879730673227,4446.0,0.1080322265625,72859648.0,152231.74619865417,0.0009175874874927104,0.005615234375,1.8906499147415161,-0.01856793463230133,0.7422010898590088,-0.018906498327851295,0.00033856136724352837,0.0,0.012417448684573174,1.2194538116455078,0.6861197752657904,7.355392932891846,1.7923731803894043,7.367810249328613,2.1766228675842285,6.71011209487915,4.1888039112091064,,,,,,
8789940000.0,116.57,8.399999618530273,6391222784.0,2443.5530063202523,4447.0,0.0738525390625,72876032.0,152238.45118927956,0.001666064141318202,0.00994873046875,1.9564459323883057,-0.0190599225461483,0.6293927431106567,-0.01956445723772049,0.0005045346915721893,0.0,-0.0028417566791176796,1.1166445016860962,0.6962989086353915,6.977901935577393,1.7425838708877563,6.975059509277344,2.026242971420288,6.70499062538147,4.198827505111694,,,,,,
,,,,,,,,,,,,,,,,,,,,,,,,,,0.01777295209467411,0.6198999881744385,0.5808501243591309,0.01777295209467411,0.6198999881744385,0.5808501243591309
,,,,,,,,,,,,,,,,,,,,,,,,,,0.018392831087112427,0.569739043712616,0.5428659319877625,0.018392831087112427,0.569739043712616,0.5428659319877625
,,,,,,,,,,,,,,,,,,,,,,,,,,0.01681680604815483,0.5431445240974426,0.5198891758918762,0.01681680604815483,0.5431445240974426,0.5198891758918762
,,,,,,,,,,,,,,,,,,,,,,,,,,0.01750286854803562,0.5196223855018616,0.5008822679519653,0.01750286854803562,0.5196223855018616,0.5008822679519653
,,,,,,,,,,,,,,,,,,,,,,,,,,0.016974061727523804,0.5014344453811646,0.48367026448249817,0.016974061727523804,0.5014344453811646,0.48367026448249817
,,,,,,,,,,,,,,,,,,,,,,,,,,0.017381832003593445,0.4880165159702301,0.4703181982040405,0.017381832003593445,0.4880165159702301,0.4703181982040405
8789940000.0,81.94,8.399999618530273,6188634112.0,18.57474546192146,4448.0,0.0860595703125,72892416.0,153120.5090367794,0.0005531325004994869,0.0013427734375,2.010704755783081,-0.019721338525414467,0.6017394065856934,-0.020107047632336617,0.00038570770993828773,0.0,0.011920385994017124,1.0950274467468262,0.7258527428693329,6.9251203536987305,1.8342081308364868,6.937041282653809,2.0913825035095215,882.0578474998474,4.259604215621948,,,,,,
8789940000.0,86.25,8.0,6391222784.0,2433.9232526302653,4449.0,0.0653076171875,72908800.0,153127.24055552483,0.0004316587874200195,0.00128173828125,2.0546703338623047,-0.02047005295753479,0.5714820623397827,-0.020546704530715942,7.664831355214119e-05,0.0,-0.042389824986457825,1.0692222118377686,0.7224310702539372,6.769918441772461,1.754079818725586,6.7275285720825195,2.0294687747955322,6.731518745422363,4.189434051513672,,,,,,
8789940000.0,111.58,8.699999809265137,6391222784.0,2414.353282723344,4450.0,0.0811767578125,72925184.0,153134.0266377926,0.000630446127615869,0.0025634765625,2.0270097255706787,-0.02031250298023224,0.5398383736610413,-0.02027009427547455,-4.2409636080265045e-05,0.0,0.006092871073633432,1.0386005640029907,0.7677681887414749,6.870085716247559,1.8320245742797852,6.87617826461792,2.155200242996216,6.7860822677612305,4.191460847854614,,,,,,
8789940000.0,109.27,8.0,6391222784.0,2424.196342490612,4451.0,0.0787353515625,72941568.0,153140.78516626358,0.0009099704911932349,0.00250244140625,2.0083746910095215,-0.019676828756928444,0.7128377556800842,-0.020083744078874588,0.00040691765025258064,0.0,-0.06242097169160843,1.1906284093856812,0.7228589792225748,6.878851890563965,1.9173146486282349,6.816431045532227,2.2616524696350098,6.758528470993042,4.178705930709839,,,,,,
8789940000.0,106.5,8.399999618530273,6391222784.0,2430.471752995698,4452.0,0.084228515625,72957952.0,153147.52624440193,0.0005772900767624378,0.00262451171875,2.0291907787323,-0.019477147608995438,0.5345869660377502,-0.020291907712817192,0.0008147623157128692,0.0,0.044026222079992294,1.0303174257278442,0.7651286420675134,6.969350814819336,1.8680819272994995,7.0133771896362305,2.125964879989624,6.74107813835144,4.186615228652954,,,,,,
8789940000.0,116.59,8.100000381469727,6391222784.0,2482.365183768488,4453.0,0.0762939453125,72974336.0,153154.1264014244,0.000840414606500417,0.00360107421875,2.0529956817626953,-0.019914504140615463,0.5343879461288452,-0.020529955625534058,0.0006154500879347324,0.0,-0.016587436199188232,1.0298486948013306,0.7706115157395886,6.81337833404541,1.883705735206604,6.796790599822998,2.1502435207366943,6.600157022476196,4.191448211669922,,,,,,
8789940000.0,93.45,8.100000381469727,6391222784.0,2466.6329620768806,4454.0,0.0750732421875,72990720.0,153160.76865434647,0.0005091011989861727,0.001708984375,2.055690288543701,-0.020369375124573708,0.6226595640182495,-0.02055690437555313,0.0001875273883342743,0.0,-0.03958768770098686,1.1197254657745361,0.743551372558963,6.8411865234375,1.9453904628753662,6.80159854888916,2.2111151218414307,6.6422529220581055,4.204492807388306,,,,,,
8789940000.0,132.58,7.599999904632568,6391222784.0,2466.5755023182287,4455.0,0.054931640625,73007104.0,153167.41106200218,0.0006403037114068866,0.00262451171875,2.0636391639709473,-0.02049417421221733,0.5075996518135071,-0.020636390894651413,0.00014221691526472569,0.0,-0.08098579943180084,1.005321741104126,0.7606454430086144,6.477693557739258,1.7965247631072998,6.396707534790039,2.054868459701538,6.642407655715942,4.200253248214722,,,,,,
8789940000.0,112.16,7.900000095367432,6391222784.0,2450.003844595843,4456.0,0.08544921875,73023488.0,153174.09839844704,0.0008434574701823294,0.00518798828125,2.0212111473083496,-0.020800858736038208,0.6236413717269897,-0.02021211013197899,-0.0005887500010430813,0.0,-0.000850355252623558,1.1166881322860718,0.736201428424861,6.679457664489746,1.8640342950820923,6.678606986999512,2.1741814613342285,6.687336444854736,4.183950662612915,,,,,,
8789940000.0,107.33,8.600000381469727,6391222784.0,2429.2195173579166,4457.0,0.0750732421875,73039872.0,153180.84295153618,0.000984319718554616,0.0067138671875,2.043407440185547,-0.019577259197831154,0.5475280284881592,-0.020434074103832245,0.0008568167686462402,0.0,0.07377975434064865,1.045745849609375,0.7526351831331274,6.552217483520508,1.855064868927002,6.625997066497803,2.1026017665863037,6.744553089141846,4.182687997817993,,,,,,
8789940000.0,114.65,7.699999809265137,6391222784.0,2443.9114751052716,4458.0,0.076904296875,73056256.0,153187.54695868492,0.0008288510725833476,0.0042724609375,2.020357131958008,-0.01977631449699402,0.6467517614364624,-0.020203571766614914,0.0004272591322660446,0.0,-0.05314257740974426,1.1345967054367065,0.7407284911461547,6.712035655975342,1.9167064428329468,6.658893585205078,2.2282533645629883,6.704007148742676,4.1960227489471436,,,,,,
8789940000.0,101.03,8.800000190734863,6391222784.0,2320.7813992682527,4459.0,0.081787109375,73072640.0,153194.60664987564,0.0007661313284188509,0.00396728515625,2.053694248199463,-0.020499950274825096,0.5780599117279053,-0.020536942407488823,3.698933869600296e-05,0.0,0.007292990572750568,1.0722302198410034,0.7573818879454397,6.669519424438477,1.9168130159378052,6.676812171936035,2.1768393516540527,7.0596911907196045,4.183956623077393,,,,,,
8789940000.0,93.0,8.300000190734863,6391222784.0,2402.260237029243,4460.0,0.0811767578125,73089024.0,153201.42689347267,0.0007017005700618029,0.00360107421875,2.046628952026367,-0.01969946175813675,0.5833368897438049,-0.020466288551688194,0.0007668239995837212,0.0,0.035255733877420425,1.0788066387176514,0.7588633439852495,6.720218181610107,1.8950539827346802,6.755474090576172,2.1969099044799805,6.82024359703064,4.196945905685425,,,,,,
8789940000.0,82.84,8.0,6391222784.0,2371.1921402801327,4461.0,0.0689697265625,73105408.0,153208.33649802208,0.0006003470625728369,0.00311279296875,2.0606603622436523,-0.020031888037919998,0.6617343425750732,-0.02060660347342491,0.0005747159011662006,0.0,-0.07914325594902039,1.1491178274154663,0.7034801346008178,6.683316707611084,1.8152432441711426,6.60417366027832,2.110269069671631,6.909604549407959,4.205171346664429,,,,,,
8789940000.0,115.62,7.900000095367432,6391222784.0,2485.4724884456477,4462.0,0.068359375,73121792.0,153214.92840361595,0.0010238420218229294,0.00738525390625,2.0842809677124023,-0.02161244861781597,0.5023581981658936,-0.020842809230089188,-0.0007696365937590599,0.0,-0.012920207343995571,1.0043154954910278,0.7614909126693663,6.554520606994629,1.7472350597381592,6.541600704193115,2.0564472675323486,6.59190559387207,4.1907570362091064,,,,,,
8789940000.0,110.87,8.199999809265137,6391222784.0,2476.023937049999,4463.0,0.078125,73138176.0,153221.54546403885,0.0006243027746677399,0.00213623046875,2.062753200531006,-0.020551450550556183,0.6242425441741943,-0.02062753215432167,7.607787847518921e-05,0.0,0.023658733814954758,1.1163650751113892,0.7345034486832436,6.608090400695801,1.8409367799758911,6.631749153137207,2.166590452194214,6.617060422897339,4.192887544631958,,,,,,
8789940000.0,106.63,8.399999618530273,6391222784.0,2490.915329764976,4464.0,0.059814453125,73154560.0,153228.12296581268,0.000578718725591898,0.00140380859375,2.1127450466156006,-0.02038666605949402,0.47777700424194336,-0.021127449348568916,0.000740785151720047,0.0,0.04244685545563698,0.978759229183197,0.7562986260266777,6.4746785163879395,1.7500234842300415,6.517125606536865,1.9826536178588867,6.5775017738342285,4.193514108657837,,,,,,
8789940000.0,139.73,8.300000190734863,6391222784.0,2473.7321175380157,4465.0,0.062255859375,73170944.0,153234.7461566925,0.0006915185367688537,0.00384521484375,2.1318883895874023,-0.021123230457305908,0.4788548946380615,-0.021318884566426277,0.00019565504044294357,0.0,0.02640688046813011,0.9775822162628174,0.7620992831622146,6.536626815795898,1.7975231409072876,6.563033580780029,2.0042667388916016,6.623190879821777,4.195195436477661,,,,,,
8789940000.0,117.41,7.800000190734863,6391222784.0,2473.253842714254,4466.0,0.0579833984375,73187328.0,153241.37062835693,0.0004505353863351047,0.00189208984375,2.1154263019561768,-0.02113625407218933,0.5429317951202393,-0.021154262125492096,1.8007121980190277e-05,0.0,-0.04478713124990463,1.0405268669128418,0.7406085513793004,6.453216552734375,1.7723686695098877,6.408429145812988,2.0430331230163574,6.624471664428711,4.2052013874053955,,,,,,
8789940000.0,155.82,8.0,6391222784.0,2485.1654432654686,4467.0,0.0738525390625,73203712.0,153247.96334838867,0.0006288959993980825,0.00225830078125,2.097482681274414,-0.020653486251831055,0.5594046115875244,-0.02097482793033123,0.0003213416785001755,0.0,-0.02075939252972603,1.0567986965179443,0.7574600603422729,6.672181129455566,1.8522827625274658,6.651422023773193,2.1458566188812256,6.592720031738281,4.177908658981323,,,,,,
8789940000.0,116.99,8.100000381469727,6391222784.0,2472.1028955193296,4468.0,0.0787353515625,73220096.0,153254.59090423584,0.0013984574470669031,0.0101318359375,2.0890135765075684,-0.021227974444627762,0.5364373922348022,-0.020890135318040848,-0.00033784215338528156,0.0,-0.006311965174973011,1.033798098564148,0.7712306118206713,6.707352161407471,1.893435001373291,6.701040267944336,2.1614089012145996,6.627555847167969,4.192199945449829,,,,,,
8789940000.0,127.02,8.899999618530273,6391222784.0,2457.1512831150767,4469.0,0.0726318359375,73236480.0,153261.25878834724,0.0008538679103367031,0.005126953125,2.138054132461548,-0.02131989598274231,0.3796766400337219,-0.02138054184615612,6.0647027567029e-05,0.0,0.03266236558556557,0.8713068962097168,0.8242004947929856,6.651331901550293,1.8676390647888184,6.683994293212891,2.07807993888855,6.667884111404419,4.200555801391602,,,,,,
8789940000.0,138.38,8.899999618530273,6391222784.0,2475.4023653096374,4470.0,0.04638671875,73252864.0,153267.87751030922,0.0009017994161695242,0.00537109375,2.1810457706451416,-0.021752791479229927,0.34158679842948914,-0.021810458973050117,5.766749382019043e-05,0.0,-0.017062079161405563,0.8256698250770569,0.7956271519481412,6.322501182556152,1.7112904787063599,6.3054399490356445,1.8263965845108032,6.618721961975098,4.189564228057861,,,,,,
8789940000.0,166.44,8.399999618530273,6391222784.0,2467.5964535571616,4471.0,0.040283203125,73269248.0,153274.51716971397,0.0009193234145641327,0.00286865234375,2.2119884490966797,-0.022102324292063713,0.33328723907470703,-0.022119887173175812,1.7559155821800232e-05,0.0,-0.0014680945314466953,0.8167883157730103,0.8141848052391918,6.168485641479492,1.7068215608596802,6.167017936706543,1.8948240280151367,6.639659404754639,4.183172702789307,,,,,,
8789940000.0,179.67,8.100000381469727,6391222784.0,2440.8416128587583,4472.0,0.0592041015625,73285632.0,153281.22960853577,0.0006969972746446729,0.00274658203125,2.150876045227051,-0.021140746772289276,0.42136263847351074,-0.02150876075029373,0.0003680149093270302,0.0,-0.033066391944885254,0.9169357419013977,0.8051402003093778,6.413362503051758,1.8166439533233643,6.380295753479004,2.077197551727295,6.7124388217926025,4.205651044845581,,,,,,
8789940000.0,160.87,8.100000381469727,6391222784.0,2426.980570410467,4473.0,0.0634765625,73302016.0,153287.98038363457,0.001191683579236269,0.0069580078125,2.104656934738159,-0.020567769184708595,0.4529641568660736,-0.02104656957089901,0.00047879572957754135,0.0,-0.006801826413720846,0.9520085453987122,0.7763860800951862,6.497502326965332,1.7580595016479492,6.490700721740723,2.013221502304077,6.750775098800659,4.181787729263306,,,,,,
8789940000.0,149.16,8.0,6391222784.0,2405.2542162008895,4474.0,0.0537109375,73318400.0,153294.79213762283,0.001024053548462689,0.00543212890625,2.1046395301818848,-0.02025657892227173,0.46438950300216675,-0.021046394482254982,0.0007898126496002078,0.0,-0.02317436784505844,0.9611163139343262,0.7675754757522502,6.431934356689453,1.7608613967895508,6.408760070800781,1.993585228919983,6.811753988265991,4.1851701736450195,,,,,,
8789940000.0,141.35,8.300000190734863,6391222784.0,2428.034026371788,4475.0,0.05615234375,73334784.0,153301.5399837494,0.0006757488008588552,0.00311279296875,2.117725372314453,-0.02082190476357937,0.4317060708999634,-0.021177250891923904,0.0003553442656993866,0.0,0.0017486533615738153,0.9259551167488098,0.7918506264198087,6.3098626136779785,1.8217215538024902,6.311611175537109,2.029561996459961,6.7478461265563965,4.199490547180176,,,,,,
8789940000.0,121.56,9.0,6391222784.0,2479.697564660086,4476.0,0.054931640625,73351168.0,153308.14724111557,0.0007120138616301119,0.00311279296875,2.121934413909912,-0.02103259786963463,0.34123480319976807,-0.021219344809651375,0.00018674321472644806,0.0,0.044010456651449203,0.8207371830940247,0.8258882939842371,6.263873100280762,1.7873915433883667,6.307883262634277,1.9669349193572998,6.60725736618042,4.182399272918701,,,,,,
8789940000.0,177.09,8.0,6391222784.0,2469.6500353469555,4477.0,0.0494384765625,73367552.0,153314.7813794613,0.0010745078325271606,0.00762939453125,2.0982260704040527,-0.0211741141974926,0.45562130212783813,-0.020982256159186363,-0.00019185896962881088,0.0,-0.01058536022901535,0.9550478458404541,0.7547190679284304,6.29472017288208,1.7229822874069214,6.284134387969971,1.9283820390701294,6.634138345718384,4.191226243972778,,,,,,
8789940000.0,120.3,8.199999809265137,6391222784.0,2443.39409708185,4478.0,0.0665283203125,73383936.0,153321.48680615425,0.0009136495646089315,0.00390625,2.0700626373291016,-0.020881060510873795,0.5496340990066528,-0.020700626075267792,-0.00018043536692857742,0.0,-0.04667222872376442,1.045223355293274,0.7467621634894804,6.470087051391602,1.7737449407577515,6.42341423034668,2.0770392417907715,6.7054266929626465,4.193563461303711,,,,,,
8789940000.0,148.51,8.100000381469727,6391222784.0,2447.4709239878553,4479.0,0.0567626953125,73400320.0,153328.18106341362,0.0010282732546329498,0.0062255859375,2.091851234436035,-0.020706938579678535,0.3920864462852478,-0.020918510854244232,0.00021157274022698402,0.0,-0.034986142069101334,0.885383129119873,0.8140765191746434,6.285000801086426,1.8260571956634521,6.2500152587890625,2.053356409072876,6.6942572593688965,4.1928911209106445,,,,,,
,,,,,,,,,,,,,,,,,,,,,,,,,,0.022928563877940178,0.5423434972763062,0.5012912154197693,0.022928563877940178,0.5423434972763062,0.5012912154197693
,,,,,,,,,,,,,,,,,,,,,,,,,,0.02095448412001133,0.4964790642261505,0.4742198884487152,0.02095448412001133,0.4964790642261505,0.4742198884487152
,,,,,,,,,,,,,,,,,,,,,,,,,,0.019872520118951797,0.47300615906715393,0.4533199667930603,0.019872520118951797,0.47300615906715393,0.4533199667930603
,,,,,,,,,,,,,,,,,,,,,,,,,,0.020241467282176018,0.4553793966770172,0.4365529716014862,0.020241467282176018,0.4553793966770172,0.4365529716014862
,,,,,,,,,,,,,,,,,,,,,,,,,,0.019909050315618515,0.43587633967399597,0.4193844497203827,0.019909050315618515,0.43587633967399597,0.4193844497203827
,,,,,,,,,,,,,,,,,,,,,,,,,,0.02026771381497383,0.42305612564086914,0.4078022241592407,0.02026771381497383,0.42305612564086914,0.4078022241592407
8789940000.0,147.6,8.199999809265137,6188634112.0,18.599167539200803,4480.0,0.052490234375,73416704.0,154209.08070397377,0.000733420776668936,0.002197265625,2.0911624431610107,-0.020856529474258423,0.42822906374931335,-0.020911622792482376,5.5089592933654785e-05,0.0,-0.015855219215154648,0.9257307648658752,0.7727151197082223,6.405917167663574,1.7062666416168213,6.390061378479004,1.9417765140533447,880.8996405601501,4.194900274276733,,,,,,
8789940000.0,172.44,7.300000190734863,6391222784.0,2433.947993799902,4481.0,0.0445556640625,73433088.0,154215.81215429306,0.0009663784876465797,0.005615234375,2.0864052772521973,-0.02054830640554428,0.5305283069610596,-0.020864052698016167,0.0003157499013468623,0.0,-0.09018197655677795,1.0302393436431885,0.7172413204443961,6.332451820373535,1.6905455589294434,6.242269515991211,1.9374487400054932,6.731450319290161,4.205479621887207,,,,,,
8789940000.0,161.43,8.199999809265137,6391222784.0,2478.029738458413,4482.0,0.068359375,73449472.0,154222.42385864258,0.001116924686357379,0.00634765625,2.0367846488952637,-0.02004409022629261,0.5075396299362183,-0.02036784403026104,0.00032375380396842957,0.0,0.02012287825345993,1.0080909729003906,0.7757152853643297,6.579500675201416,1.877709150314331,6.599623680114746,2.1286280155181885,6.611704349517822,4.192039489746094,,,,,,
8789940000.0,136.06,8.0,6391222784.0,2390.22387984011,4483.0,0.0628662109375,73465856.0,154229.27844667435,0.0015854296507313848,0.01171875,2.0577476024627686,-0.019658725708723068,0.5562658309936523,-0.020577477291226387,0.0009187539108097553,0.0,-0.011208213865756989,1.0544826984405518,0.7464760399239576,6.542507171630859,1.838763952255249,6.531298637390137,2.094254970550537,6.854588031768799,4.213484764099121,,,,,,
8789940000.0,123.22,8.699999809265137,6391222784.0,2402.1598887279747,4484.0,0.072021484375,73482240.0,154236.09897518158,0.0011730969417840242,0.00836181640625,2.044311761856079,-0.020145384594798088,0.5391764044761658,-0.02044311724603176,0.0002977345138788223,0.0,0.04252822697162628,1.0381156206130981,0.7440100252800774,6.73624849319458,1.8359050750732422,6.778777122497559,2.0517971515655518,6.820528507232666,4.202391862869263,,,,,,
8789940000.0,112.22,8.399999618530273,6391222784.0,2395.8517956352143,4485.0,0.0738525390625,73498624.0,154242.9374616146,0.0012113767443224788,0.0074462890625,2.0563273429870605,-0.020930714905261993,0.522575318813324,-0.020563270896673203,-0.0003674449399113655,0.0,-0.040799692273139954,1.021886944770813,0.7672745141249836,6.7085747718811035,1.8770556449890137,6.6677751541137695,2.1182684898376465,6.838486433029175,4.190192937850952,,,,,,
8789940000.0,102.28,8.600000381469727,6391222784.0,2394.348372745321,4486.0,0.07080078125,73515008.0,154249.78024196625,0.0014054849743843079,0.00970458984375,2.056724786758423,-0.01985441893339157,0.5662709474563599,-0.02056724764406681,0.000712832435965538,0.0,-0.009090205654501915,1.0646770000457764,0.7394007832680843,6.5709228515625,1.807352900505066,6.561832904815674,2.0856008529663086,6.842780351638794,4.1872944831848145,,,,,,
8789940000.0,120.36,8.300000190734863,6391222784.0,2399.6837343609495,4487.0,0.0579833984375,73531392.0,154256.60780835152,0.0028817886486649513,0.025390625,2.0548489093780518,-0.020364101976156235,0.5108752846717834,-0.020548485219478607,0.00018438231199979782,0.0,0.05869480222463608,1.0105535984039307,0.7375810680747295,6.485584259033203,1.727251410484314,6.544279098510742,1.9727033376693726,6.827566385269165,4.1858484745025635,,,,,,
8789940000.0,125.04,8.199999809265137,6391222784.0,2417.759292708546,4488.0,0.069580078125,73547776.0,154263.3843307495,0.0007969375001266599,0.00323486328125,2.03562593460083,-0.020355384796857834,0.5215399861335754,-0.020356258377432823,8.763745427131653e-07,0.0,-0.012719596736133099,1.017884373664856,0.7746169854300281,6.630739212036133,1.8799487352371216,6.6180195808410645,2.1440656185150146,6.776522397994995,4.203234434127808,,,,,,
8789940000.0,106.22,8.300000190734863,6391222784.0,2407.7428138297846,4489.0,0.0762939453125,73564160.0,154270.18904423714,0.001315823057666421,0.00885009765625,2.010169267654419,-0.019583631306886673,0.5214051604270935,-0.02010169066488743,0.0005180556327104568,0.0,0.030201248824596405,1.0210157632827759,0.7531289196946822,6.649547576904297,1.831670880317688,6.679748058319092,2.0549302101135254,6.804713487625122,4.171191453933716,,,,,,
8789940000.0,122.17,8.199999809265137,6391222784.0,2427.635346328912,4490.0,0.069580078125,73580544.0,154276.93799853325,0.0013858955353498459,0.0111083984375,2.003103017807007,-0.01954890415072441,0.47828033566474915,-0.020031027495861053,0.00048212334513664246,0.0,-0.008027658797800541,0.976661205291748,0.780519959671374,6.71254825592041,1.8129370212554932,6.7045207023620605,2.0847136974334717,6.7489542961120605,4.187394380569458,,,,,,
8789940000.0,131.15,7.599999904632568,6391222784.0,2419.257178043863,4491.0,0.064697265625,73596928.0,154283.7103252411,0.0010647255694493651,0.00537109375,2.0204784870147705,-0.019942937418818474,0.5741490125656128,-0.020204786211252213,0.00026184599846601486,0.0,-0.05707351118326187,1.067732810974121,0.7361714833410496,6.557775497436523,1.7766563892364502,6.500701904296875,2.0787453651428223,6.772326707839966,4.1847825050354,,,,,,
8789940000.0,107.52,7.900000095367432,6391222784.0,2395.193012340636,4492.0,0.067138671875,73613312.0,154290.5506925583,0.0016308000776916742,0.01116943359375,2.001290798187256,-0.01984119415283203,0.6097127795219421,-0.020012907683849335,0.00017171166837215424,0.0,-0.06795350462198257,1.101921558380127,0.7319785345091236,6.614326477050781,1.849241018295288,6.54637336730957,2.128462076187134,6.840367317199707,4.200016260147095,,,,,,
8789940000.0,124.21,8.5,6391222784.0,2383.2858783236593,4493.0,0.06103515625,73629696.0,154297.42523503304,0.001190993469208479,0.00909423828125,2.050441265106201,-0.02043048106133938,0.4736063778400421,-0.020504409447312355,7.392652332782745e-05,0.0,0.055320918560028076,0.9746672511100769,0.7665799395757403,6.41361141204834,1.7687959671020508,6.468932151794434,2.0173776149749756,6.874542474746704,4.182260990142822,,,,,,
8789940000.0,137.15,8.199999809265137,6391222784.0,2370.2412134071824,4494.0,0.0555419921875,73646080.0,154304.33761167526,0.0023744823411107063,0.01837158203125,2.033045530319214,-0.02018498070538044,0.45297494530677795,-0.020330455154180527,0.00014547444880008698,0.0,0.01304934173822403,0.9506435990333557,0.7805374358599315,6.28851318359375,1.7899171113967896,6.301562786102295,2.029259204864502,6.912376642227173,4.193264722824097,,,,,,
8789940000.0,139.96,8.5,6391222784.0,2410.5437233235984,4495.0,0.06103515625,73662464.0,154311.13441848755,0.0007869565160945058,0.00421142578125,2.0334627628326416,-0.02017122134566307,0.44712573289871216,-0.020334625616669655,0.00016340240836143494,0.0,0.04213652014732361,0.9448119401931763,0.7879357142781029,6.443639755249023,1.8172205686569214,6.485776424407959,2.0516891479492188,6.796806812286377,4.1984007358551025,,,,,,
8789940000.0,129.06,7.900000095367432,6391222784.0,2417.8538876814578,4496.0,0.062255859375,73678848.0,154317.91067576408,0.0013032776769250631,0.00634765625,2.0631086826324463,-0.01998962089419365,0.5200279951095581,-0.020631086081266403,0.0006414661183953285,0.0,-0.05284028872847557,1.0190784931182861,0.7652120203319248,6.41765022277832,1.82720148563385,6.364809989929199,2.1031479835510254,6.776257276535034,4.181786060333252,,,,,,
8789940000.0,115.1,7.699999809265137,6391222784.0,2347.082395412553,4497.0,0.0531005859375,73695232.0,154324.89125728607,0.0011878861114382744,0.0084228515625,2.0689926147460938,-0.02098786272108555,0.5646576881408691,-0.02068992704153061,-0.00029793393332511187,0.0,-0.06771690398454666,1.0626204013824463,0.7318949773937022,6.300515174865723,1.7631303071975708,6.232797622680664,2.0522267818450928,6.980581521987915,4.195974588394165,,,,,,
8789940000.0,148.06,7.699999809265137,6391222784.0,2415.541241638427,4498.0,0.052490234375,73711616.0,154331.67400217056,0.000888030685018748,0.0052490234375,2.060795307159424,-0.020311279222369194,0.503879725933075,-0.020607953891158104,0.00029667047783732414,0.0,-0.011356141418218613,1.0051063299179077,0.7262485009470885,6.181446075439453,1.6401091814041138,6.1700897216796875,1.9210273027420044,6.782744884490967,4.1934614181518555,,,,,,
8789940000.0,143.88,7.599999904632568,6391222784.0,2408.466930992551,4499.0,0.0732421875,73728000.0,154338.47666978836,0.0009520815219730139,0.007080078125,2.048490285873413,-0.020673178136348724,0.6582966446876526,-0.02048490196466446,-0.00018827849999070168,0.0,-0.07112713158130646,1.1450886726379395,0.7361548307057749,6.4921722412109375,1.8652170896530151,6.421045303344727,2.229280471801758,6.802667617797852,4.1882593631744385,,,,,,
8789940000.0,106.93,8.300000190734863,6391222784.0,2393.119073346036,4500.0,0.0775146484375,73744384.0,154345.3229651451,0.0013126257108524442,0.00982666015625,2.0227878093719482,-0.02003893442451954,0.5349910259246826,-0.020227879285812378,0.00018894672393798828,0.0,0.07190315425395966,1.03400456905365,0.7889426641316843,6.60774564743042,1.9553871154785156,6.679648399353027,2.250723361968994,6.846295356750488,4.2055885791778564,,,,,,
8789940000.0,117.3,8.399999618530273,6391222784.0,2422.4617473562553,4501.0,0.0732421875,73760768.0,154352.08633303642,0.0013004452921450138,0.00909423828125,2.027780532836914,-0.020627878606319427,0.5096958875656128,-0.020277805626392365,-0.00035006972029805183,0.0,0.08788961917161942,1.0016285181045532,0.7887814408793259,6.538721084594727,1.9531636238098145,6.62661075592041,2.1794180870056152,6.7633678913116455,4.182861328125,,,,,,
8789940000.0,107.99,7.699999809265137,6391222784.0,2365.156299439741,4502.0,0.0787353515625,73777152.0,154359.01357078552,0.001544817234389484,0.0111083984375,2.0216314792633057,-0.01973889023065567,0.615605890750885,-0.020216314122080803,0.00047742563765496016,0.0,-0.050075363367795944,1.108379602432251,0.7661376706014561,6.727175235748291,2.012718915939331,6.677099704742432,2.2919669151306152,6.9272377490997314,4.173997402191162,,,,,,
8789940000.0,106.79,8.800000190734863,6391222784.0,2390.183392530126,4503.0,0.0921630859375,73793536.0,154365.86827492714,0.0012531161773949862,0.00897216796875,2.0346145629882812,-0.019983883947134018,0.5949545502662659,-0.02034614607691765,0.00036226212978363037,0.0,0.05329447239637375,1.0857840776443481,0.762380270914983,6.946724891662598,1.9957793951034546,7.000019550323486,2.22741961479187,6.854704141616821,4.199277877807617,,,,,,
8789940000.0,99.82,8.800000190734863,6391222784.0,2402.0218500364954,4504.0,0.0714111328125,73809920.0,154372.68919539452,0.00155203090980649,0.01129150390625,2.0714848041534424,-0.020130781456828117,0.5183534026145935,-0.02071484737098217,0.0005840659141540527,0.0,0.028483204543590546,1.0210232734680176,0.7608708623610706,6.593965530395508,1.878432273864746,6.622448921203613,2.087946653366089,6.820920467376709,4.188720703125,,,,,,
8789940000.0,124.72,8.100000381469727,6391222784.0,2387.1476802163456,4505.0,0.0677490234375,73826304.0,154379.55261659622,0.0013638450764119625,0.00994873046875,2.128938913345337,-0.021358873695135117,0.47683024406433105,-0.021289387717843056,-6.9483183324337e-05,0.0,-0.053993936628103256,0.9757070541381836,0.7933298955250605,6.517101287841797,1.8954523801803589,6.463108062744141,2.1462531089782715,6.863421201705933,4.202343463897705,,,,,,
8789940000.0,92.08,8.199999809265137,6391222784.0,2415.7922560331813,4506.0,0.0518798828125,73842688.0,154386.3346567154,0.001984073780477047,0.017333984375,2.1628825664520264,-0.02148027904331684,0.38402679562568665,-0.02162882499396801,0.0001485450193285942,0.0,-0.06575320661067963,0.8781391382217407,0.8039321322953721,6.187544345855713,1.7862143516540527,6.121790885925293,1.983170509338379,6.782040119171143,4.19087028503418,,,,,,
8789940000.0,161.73,7.800000190734863,6391222784.0,2398.7677645604076,4507.0,0.0506591796875,73859072.0,154393.16483020782,0.0010689555201679468,0.006103515625,2.143137216567993,-0.021755622699856758,0.5119099617004395,-0.021431369706988335,-0.00032425299286842346,0.0,0.00024241511709988117,1.0088310241699219,0.7498786095374113,6.079909324645996,1.7653814554214478,6.080151557922363,2.0171713829040527,6.830173492431641,4.200756788253784,,,,,,
8789940000.0,150.8,8.100000381469727,6391222784.0,2446.660533448689,4508.0,0.0616455078125,73875456.0,154399.86130475998,0.0011926359729841352,0.0064697265625,2.1077377796173096,-0.02095223404467106,0.46937456727027893,-0.02107737772166729,0.00012514181435108185,0.0,0.04735783860087395,0.96502685546875,0.7802850987515288,6.4419050216674805,1.8130090236663818,6.489262580871582,2.0587782859802246,6.696474552154541,4.177105188369751,,,,,,
8789940000.0,112.37,8.0,6391222784.0,2423.5003432142744,4509.0,0.0921630859375,73891840.0,154406.62177419662,0.0009820533450692892,0.0050048828125,2.020554304122925,-0.019767723977565765,0.6830945014953613,-0.0202055424451828,0.0004378166049718857,0.0,-0.04723300039768219,1.1676753759384155,0.7572568690061873,6.991205215454102,2.0135393142700195,6.943972587585449,2.370002508163452,6.760469436645508,4.186604261398315,,,,,,
8789940000.0,82.18,8.699999809265137,6391222784.0,2446.1621920400025,4510.0,0.087890625,73908224.0,154413.3196129799,0.0009507298236712813,0.0040283203125,2.0177202224731445,-0.020141059532761574,0.5634603500366211,-0.020177200436592102,3.6141835153102875e-05,0.0,0.05176588147878647,1.059370517730713,0.7690316593825911,6.890974998474121,1.9451817274093628,6.9427409172058105,2.2043039798736572,6.69783878326416,4.1869895458221436,,,,,,
8789940000.0,98.42,8.399999618530273,6391222784.0,2436.1269291351086,4511.0,0.072021484375,73924608.0,154420.0450425148,0.0013382936595007777,0.0050048828125,2.080756425857544,-0.02034568600356579,0.5454882383346558,-0.02080756425857544,0.00046188198029994965,0.0,-0.02730342373251915,1.0342849493026733,0.759411663110338,6.745776176452637,1.8833709955215454,6.718472480773926,2.1086416244506836,6.725429534912109,4.1994547843933105,,,,,,
,,,,,,,,,,,,,,,,,,,,,,,,,,0.019905971363186836,0.5505467057228088,0.5155322551727295,0.019905971363186836,0.5505467057228088,0.5155322551727295
,,,,,,,,,,,,,,,,,,,,,,,,,,0.019115891307592392,0.5062611699104309,0.4834873676300049,0.019115891307592392,0.5062611699104309,0.4834873676300049
,,,,,,,,,,,,,,,,,,,,,,,,,,0.018489813432097435,0.4788508117198944,0.4607003629207611,0.018489813432097435,0.4788508117198944,0.4607003629207611
,,,,,,,,,,,,,,,,,,,,,,,,,,0.01870407909154892,0.46084025502204895,0.44289031624794006,0.01870407909154892,0.46084025502204895,0.44289031624794006
,,,,,,,,,,,,,,,,,,,,,,,,,,0.018778041005134583,0.4449750483036041,0.4281820058822632,0.018778041005134583,0.4449750483036041,0.4281820058822632
,,,,,,,,,,,,,,,,,,,,,,,,,,0.0188205074518919,0.4289644658565521,0.4139742851257324,0.0188205074518919,0.4289644658565521,0.4139742851257324
8789940000.0,135.15,8.5,6188634112.0,18.57499054652283,4512.0,0.0634765625,73940992.0,155302.09125185013,0.0016170010203495622,0.00799560546875,2.1128063201904297,-0.02086476795375347,0.44308820366859436,-0.021128062158823013,0.0002632969990372658,0.0,-0.002961995080113411,0.9354164600372314,0.7826979216485925,6.617896556854248,1.7672070264816284,6.61493444442749,2.0066559314727783,882.0462093353271,4.190409421920776,,,,,,
8789940000.0,117.23,8.300000190734863,6391222784.0,2425.5943355305153,4513.0,0.0732421875,73957376.0,155308.84588503838,0.0007526988629251719,0.0030517578125,2.0705490112304688,-0.01998097449541092,0.600570559501648,-0.020705491304397583,0.0007245172746479511,0.0,0.014300248585641384,1.0933549404144287,0.7472465879146983,6.619433403015137,1.922367811203003,6.633733749389648,2.174766778945923,6.754633188247681,4.187329053878784,,,,,,
8789940000.0,135.99,8.199999809265137,6391222784.0,2436.0238179150497,4514.0,0.067138671875,73973760.0,155315.57159924507,0.0010351358214393258,0.0045166015625,2.046560049057007,-0.02038194239139557,0.6049360036849976,-0.02046559937298298,8.365977555513382e-05,0.0,0.031103312969207764,1.0989863872528076,0.7313610473585435,6.533780097961426,1.8857195377349854,6.564883232116699,2.1203513145446777,6.725714206695557,4.189603090286255,,,,,,
8789940000.0,89.18,8.300000190734863,6391222784.0,2434.9564303890547,4515.0,0.0848388671875,73990144.0,155322.30026173592,0.0008108988404273987,0.00177001953125,2.0023388862609863,-0.020083721727132797,0.6263129115104675,-0.020023388788104057,-6.033666431903839e-05,0.0,0.03802180290222168,1.119323492050171,0.7499788987589031,6.712958812713623,1.935453176498413,6.750980377197266,2.2385518550872803,6.728662490844727,4.211023569107056,,,,,,
8789940000.0,81.13,9.100000381469727,6391222784.0,2445.987184951284,4516.0,0.0982666015625,74006528.0,155328.99857974052,0.0009097008733078837,0.00244140625,1.987109661102295,-0.01944718509912491,0.5695751905441284,-0.019871097058057785,0.0004239114932715893,0.0,0.12960293889045715,1.0708391666412354,0.7578878348086256,7.0211896896362305,1.9444032907485962,7.150792598724365,2.1762850284576416,6.698318004608154,4.173876523971558,,,,,,
8789940000.0,87.01,7.900000095367432,6391222784.0,2422.64766721085,4517.0,0.086669921875,74022912.0,155335.7614285946,0.000641709310002625,0.0023193359375,1.9455183744430542,-0.0193382166326046,0.7188893556594849,-0.019455183297395706,0.00011697039008140564,0.0,-0.04011322930455208,1.1995526552200317,0.7090678010651243,7.227384567260742,1.9386426210403442,7.1872711181640625,2.223942756652832,6.762848854064941,4.192383289337158,,,,,,
8789940000.0,102.35,8.199999809265137,6391222784.0,2473.4333076389935,4518.0,0.0848388671875,74039296.0,155342.38541960716,0.0013146945275366306,0.0069580078125,1.9574215412139893,-0.019126908853650093,0.6183880567550659,-0.01957421563565731,0.0004473067820072174,0.0,0.05776980519294739,1.1090900897979736,0.7099177212324188,7.121992111206055,1.813504934310913,7.17976188659668,2.059237241744995,6.623991012573242,4.188940763473511,,,,,,
8789940000.0,99.2,8.100000381469727,6391222784.0,2458.1824720024583,4519.0,0.0909423828125,74055680.0,155349.0505065918,0.0007556453347206116,0.0013427734375,1.9770526885986328,-0.01954822614789009,0.6151221394538879,-0.019770527258515358,0.0002223001793026924,0.0,0.04570310562849045,1.1053028106689453,0.7536604614330799,7.086211204528809,1.930893898010254,7.131914138793945,2.226969003677368,6.665086984634399,4.198140621185303,,,,,,
8789940000.0,107.05,7.800000190734863,6391222784.0,2392.00085210458,4520.0,0.084228515625,74072064.0,155355.90000247955,0.00135936145670712,0.00872802734375,1.9937299489974976,-0.019786439836025238,0.627668023109436,-0.01993729919195175,0.00015085935592651367,0.0,-0.040352560579776764,1.119801640510559,0.7499819416439866,6.9792561531066895,1.9302922487258911,6.93890380859375,2.239522695541382,6.849495887756348,4.1617913246154785,,,,,,
8789940000.0,97.11,8.800000190734863,6391222784.0,2384.019755597953,4521.0,0.091552734375,74088448.0,155362.772428751,0.000911980401724577,0.00360107421875,2.0231194496154785,-0.01995854079723358,0.5492353439331055,-0.02023119293153286,0.00027265027165412903,0.0,0.0039023568388074636,1.0486122369766235,0.7630338048208524,7.130044460296631,1.9118584394454956,7.133946418762207,2.154128313064575,6.872426271438599,4.189372301101685,,,,,,
8789940000.0,89.48,7.599999904632568,6391222784.0,2402.924930752785,4522.0,0.067138671875,74104832.0,155369.5907857418,0.0010005260119214654,0.00750732421875,2.067284107208252,-0.02094295248389244,0.5642927289009094,-0.020672840997576714,-0.00027011148631572723,0.0,-0.06115929037332535,1.0611528158187866,0.74447303385042,6.664152145385742,1.7986828088760376,6.602993011474609,2.099226713180542,6.818356990814209,4.200422525405884,,,,,,
8789940000.0,94.25,8.5,6391222784.0,2438.187960390214,4523.0,0.0714111328125,74121216.0,155376.3105301857,0.001562751829624176,0.012451171875,2.0949630737304688,-0.02081151306629181,0.49364304542541504,-0.020949628204107285,0.00013811234384775162,0.0,0.0005024285055696964,0.9920365810394287,0.7602154657307661,6.818066120147705,1.7823007106781006,6.818568706512451,2.025895595550537,6.719744443893433,4.202185869216919,,,,,,
8789940000.0,154.0,7.699999809265137,6391222784.0,2448.957162381137,4524.0,0.059814453125,74137600.0,155383.00072479248,0.0008871027966961265,0.0032958984375,2.1023330688476562,-0.02136334776878357,0.5905942320823669,-0.021023333072662354,-0.0003400149289518595,0.0,-0.04074634984135628,1.089656949043274,0.6976181958118028,6.557740211486816,1.7156397104263306,6.516993999481201,1.981581687927246,6.690194606781006,4.179749488830566,,,,,,
8789940000.0,116.16,8.199999809265137,6391222784.0,2433.0685687988303,4525.0,0.06591796875,74153984.0,155389.73460817337,0.0014365548267960548,0.00830078125,2.1024341583251953,-0.020231470465660095,0.468844473361969,-0.021024344488978386,0.0007928749546408653,0.0,-0.042925480753183365,0.967748761177063,0.7708121975124618,6.5147705078125,1.7680294513702393,6.4718451499938965,2.021468162536621,6.733883380889893,4.177510023117065,,,,,,
8789940000.0,115.98,8.5,6391222784.0,2426.181719993761,4526.0,0.0726318359375,74170368.0,155396.48760604858,0.0009519189479760826,0.00433349609375,2.077873468399048,-0.02029842883348465,0.5210360884666443,-0.020778734236955643,0.0004803016781806946,0.0,0.002840292640030384,1.0226866006851196,0.7732348716533293,6.710358619689941,1.8399828672409058,6.713198661804199,2.1476049423217773,6.752997875213623,4.18788480758667,,,,,,
8789940000.0,85.86,8.399999618530273,6391222784.0,2430.601045173482,4527.0,0.079345703125,74186752.0,155403.2283256054,0.0009057088172994554,0.004150390625,2.0628907680511475,-0.020727695897221565,0.547187089920044,-0.020628906786441803,-9.878829587250948e-05,0.0,0.03732706606388092,1.044373869895935,0.7635290127388524,6.714724540710449,1.8861513137817383,6.75205135345459,2.147667646408081,6.740719556808472,4.194462060928345,,,,,,
8789940000.0,114.35,8.5,6391222784.0,2423.1129762108226,4528.0,0.0701904296875,74203136.0,155409.98987579346,0.0009910555090755224,0.00579833984375,2.0502519607543945,-0.020638352259993553,0.5089269280433655,-0.020502520725131035,-0.0001358315348625183,0.0,0.004729237407445908,1.009352207183838,0.779794101812658,6.6669111251831055,1.877333641052246,6.671639919281006,2.150939464569092,6.761550188064575,4.18914008140564,,,,,,
8789940000.0,103.62,8.399999618530273,6391222784.0,2406.0347935167374,4529.0,0.1043701171875,74219520.0,155416.7994198799,0.0009595761657692492,0.0045166015625,1.9987895488739014,-0.020484596490859985,0.5768229365348816,-0.01998789608478546,-0.0004967015702277422,0.0,0.04836706444621086,1.0787081718444824,0.7750457087181792,7.06422233581543,1.9869617223739624,7.112589359283447,2.274348020553589,6.809544086456299,4.202677249908447,,,,,,
8789940000.0,82.13,8.5,6391222784.0,2385.252306426728,4530.0,0.0946044921875,74235904.0,155423.66829490662,0.0009241938241757452,0.00604248046875,1.9738054275512695,-0.01993369683623314,0.6279762387275696,-0.019738053902983665,-0.00019564200192689896,0.0,0.00979289598762989,1.1197211742401123,0.7322044337158694,7.120176315307617,1.9085147380828857,7.129968643188477,2.163754940032959,6.868875026702881,4.175894498825073,,,,,,
8789940000.0,78.79,8.5,6391222784.0,2445.4301152172175,4531.0,0.0872802734375,74252288.0,155430.36813879013,0.0012717285426333547,0.00775146484375,2.0123984813690186,-0.019989129155874252,0.6252734065055847,-0.020123984664678574,0.0001348555088043213,0.0,0.002076092641800642,1.111694097518921,0.7421352309987436,6.974218845367432,1.9426599740982056,6.97629451751709,2.189218759536743,6.699843883514404,4.189384460449219,,,,,,
8789940000.0,89.57,8.399999618530273,6391222784.0,2417.4809950317785,4532.0,0.0921630859375,74268672.0,155437.14544129372,0.0013422421179711819,0.0084228515625,2.026505470275879,-0.020132649689912796,0.5252523422241211,-0.02026505209505558,0.00013240007683634758,0.0,0.05504288524389267,1.0227813720703125,0.7813803392994373,6.92941951751709,1.9224193096160889,6.984462261199951,2.1874492168426514,6.777302503585815,4.1965672969818115,,,,,,
8789940000.0,106.69,8.100000381469727,6391222784.0,2435.806483909607,4533.0,0.078125,74285056.0,155443.87175559998,0.001046372577548027,0.00689697265625,2.047431230545044,-0.01978413015604019,0.5744903087615967,-0.020474310964345932,0.0006901789456605911,0.0,-0.02897864207625389,1.0718210935592651,0.7474093890490704,6.865038871765137,1.8695778846740723,6.836060523986816,2.1326215267181396,6.726314306259155,4.187573432922363,,,,,,
8789940000.0,112.31,7.300000190734863,6391222784.0,2449.7661933469876,4534.0,0.079345703125,74301440.0,155450.55974078178,0.000764678989071399,0.00299072265625,2.05416202545166,-0.020347384735941887,0.6065433621406555,-0.020541619509458542,0.00019423291087150574,0.0,-0.060729000717401505,1.1009888648986816,0.7527358136050664,6.849508285522461,1.8863914012908936,6.788779258728027,2.2141261100769043,6.687985181808472,4.190234661102295,,,,,,
8789940000.0,100.59,8.5,6391222784.0,2404.468760772431,4535.0,0.0799560546875,74317824.0,155457.37371993065,0.0011818022467195988,0.00689697265625,2.0380518436431885,-0.020938998088240623,0.4812888503074646,-0.020380517467856407,-0.0005584824830293655,0.0,0.025989538058638573,0.975209653377533,0.7766041487806208,6.745848655700684,1.8429163694381714,6.771838665008545,2.0632917881011963,6.813979148864746,4.182326316833496,,,,,,
8789940000.0,103.91,8.5,6391222784.0,2422.0475655416985,4536.0,0.078125,74334208.0,155464.1382443905,0.0007267169421538711,0.00335693359375,2.012044668197632,-0.020658981055021286,0.5448068976402283,-0.020120445638895035,-0.0005385298281908035,0.0,-0.02295895665884018,1.0442630052566528,0.7615688429337902,6.84871768951416,1.8898425102233887,6.825758934020996,2.138594388961792,6.764524459838867,4.196101188659668,,,,,,
8789940000.0,132.87,8.0,6391222784.0,2426.1562799002118,4537.0,0.0750732421875,74350592.0,155470.89131307602,0.0009572810959070921,0.006591796875,2.003568410873413,-0.019267449155449867,0.5575501322746277,-0.02003568597137928,0.0007682349532842636,0.0,-0.022700881585478783,1.0555806159973145,0.757305575656072,6.815779209136963,1.8575996160507202,6.793078422546387,2.142702579498291,6.753068685531616,4.172752141952515,,,,,,
8789940000.0,111.94,8.100000381469727,6391222784.0,2424.5102328905878,4538.0,0.07568359375,74366976.0,155477.64896655083,0.00147596700116992,0.011962890625,2.047227144241333,-0.020398326218128204,0.5263265371322632,-0.020472271367907524,7.39474780857563e-05,0.0,-0.020351940765976906,1.025403380393982,0.7588955434022151,6.738187313079834,1.8181992769241333,6.717835426330566,2.0882973670959473,6.757653474807739,4.181252717971802,,,,,,
8789940000.0,93.02,8.0,6391222784.0,2368.1069234607335,4539.0,0.076904296875,74383360.0,155484.56757307053,0.0008660800522193313,0.0057373046875,2.0532569885253906,-0.020143121480941772,0.5614842772483826,-0.020532570779323578,0.00038945116102695465,0.0,-0.06925246119499207,1.050788402557373,0.7625193647108217,6.687742233276367,1.877210259437561,6.6184892654418945,2.1562607288360596,6.918606519699097,4.202390909194946,,,,,,
8789940000.0,107.38,8.199999809265137,6391222784.0,2320.077630550685,4540.0,0.07080078125,74399744.0,155491.62940573692,0.0009319797391071916,0.00579833984375,2.0858380794525146,-0.021359963342547417,0.5626473426818848,-0.02085838094353676,-0.0005015823990106583,0.0,-0.025170719251036644,1.0606200695037842,0.7483375180816665,6.557861804962158,1.8439706563949585,6.53269100189209,2.1142218112945557,7.061832666397095,4.200969696044922,,,,,,
8789940000.0,107.28,8.0,6391222784.0,2312.3379525148093,4541.0,0.05859375,74416128.0,155498.71487522125,0.0014521752018481493,0.01190185546875,2.1276981830596924,-0.02044239267706871,0.5093218088150024,-0.02127698063850403,0.0008345916867256165,0.0,-0.01604711264371872,1.005836844444275,0.7614013391035199,6.43691349029541,1.7856698036193848,6.4208664894104,2.059178352355957,7.085469484329224,4.1907477378845215,,,,,,
8789940000.0,102.55,8.100000381469727,6391222784.0,2309.1977787176234,4542.0,0.0701904296875,74432512.0,155505.80997991562,0.001981389243155718,0.015380859375,2.103977918624878,-0.020883074030280113,0.6243373155593872,-0.021039776504039764,0.0001567034050822258,0.0,-0.06116504967212677,1.1141974925994873,0.7321251888142589,6.4512176513671875,1.8642845153808594,6.390052795410156,2.1527633666992188,7.095104694366455,4.193890571594238,,,,,,
8789940000.0,109.64,8.199999809265137,6391222784.0,2311.796070851976,4543.0,0.0738525390625,74448896.0,155512.89711022377,0.0015496215783059597,0.01171875,2.0685079097747803,-0.020425230264663696,0.6072689890861511,-0.02068507857620716,0.00025984831154346466,0.0,-0.07599316537380219,1.0996166467666626,0.7608515543114576,6.500447750091553,1.8714804649353027,6.424454689025879,2.2485768795013428,7.087130308151245,4.199490070343018,,,,,,
,,,,,,,,,,,,,,,,,,,,,,,,,,0.020663000643253326,0.5917839407920837,0.5525484085083008,0.020663000643253326,0.5917839407920837,0.5525484085083008
,,,,,,,,,,,,,,,,,,,,,,,,,,0.019466593861579895,0.542797327041626,0.5198301076889038,0.019466593861579895,0.542797327041626,0.5198301076889038
,,,,,,,,,,,,,,,,,,,,,,,,,,0.019166216254234314,0.514811635017395,0.4952118992805481,0.019166216254234314,0.514811635017395,0.4952118992805481
,,,,,,,,,,,,,,,,,,,,,,,,,,0.019291076809167862,0.496595561504364,0.4784162640571594,0.019291076809167862,0.496595561504364,0.4784162640571594
,,,,,,,,,,,,,,,,,,,,,,,,,,0.018669493496418,0.4761601984500885,0.4617152512073517,0.018669493496418,0.4761601984500885,0.4617152512073517
,,,,,,,,,,,,,,,,,,,,,,,,,,0.01895872876048088,0.4618607759475708,0.44714128971099854,0.01895872876048088,0.4618607759475708,0.44714128971099854
8789940000.0,118.59,7.5,6188634112.0,18.579892361310897,4544.0,0.072021484375,74465280.0,156394.71061491966,0.0005655347486026585,0.00146484375,2.073377847671509,-0.020945556461811066,0.664578914642334,-0.020733779296278954,-0.0002117753028869629,0.0,-0.06966636329889297,1.151330590248108,0.6919382913174482,6.907045364379883,1.8060835599899292,6.837378978729248,2.074345827102661,881.8135046958923,4.257782936096191,,,,,,
8789940000.0,94.25,8.600000381469727,6391222784.0,2343.8643999997407,4545.0,0.076904296875,74481664.0,156401.7007803917,0.0009563528001308441,0.0032958984375,2.1048948764801025,-0.021501874551177025,0.5649079084396362,-0.021048948168754578,-0.0004529263824224472,0.0,0.07649648934602737,1.0612913370132446,0.7275364834372008,6.781503200531006,1.8196849822998047,6.857999801635742,2.0332021713256836,6.99016547203064,4.195375919342041,,,,,,
8789940000.0,102.17,8.5,6391222784.0,2389.504956174226,4546.0,0.074462890625,74498048.0,156408.55743074417,0.0012130809482187033,0.00323486328125,2.1185479164123535,-0.02150310017168522,0.5027076005935669,-0.021185478195548058,-0.0003176238387823105,0.0,-0.011793568730354309,0.9996838569641113,0.7758998336388394,6.780820846557617,1.864307165145874,6.769027233123779,2.111745595932007,6.856650352478027,4.1741719245910645,,,,,,
8789940000.0,91.86,8.899999618530273,6391222784.0,2377.094401841252,4547.0,0.08544921875,74514432.0,156415.44987893105,0.0009100697934627533,0.00341796875,2.065345525741577,-0.02111661061644554,0.5143018364906311,-0.020653454586863518,-0.0004631542833521962,0.0,0.017413249239325523,1.0134549140930176,0.7713181610171521,6.84688138961792,1.8835835456848145,6.864294052124023,2.1192803382873535,6.89244818687439,4.214207649230957,,,,,,
8789940000.0,126.97,7.5,6391222784.0,2342.9694505415227,4548.0,0.0738525390625,74530816.0,156422.44271445274,0.0007670137565582991,0.00213623046875,1.9945895671844482,-0.01949218288064003,0.6778205037117004,-0.019945895299315453,0.0004537133499979973,0.0,-0.11393333971500397,1.162096381187439,0.7102348905405047,6.852253437042236,1.7885318994522095,6.7383198738098145,2.1588332653045654,6.992835521697998,4.173624277114868,,,,,,
8789940000.0,89.14,8.800000190734863,6391222784.0,2425.052590940694,4549.0,0.0927734375,74547200.0,156429.19885659218,0.0006631481228396297,0.00250244140625,1.983768343925476,-0.0196917075663805,0.5997605919837952,-0.01983768492937088,0.00014597270637750626,0.0,0.06649874150753021,1.0910956859588623,0.74860008826154,6.827925205230713,1.8741414546966553,6.894423961639404,2.1761066913604736,6.7561421394348145,4.198204040527344,,,,,,
8789940000.0,77.72,8.699999809265137,6391222784.0,2406.37787213646,4550.0,0.0885009765625,74563584.0,156436.00742983818,0.0004965749103575945,0.00201416015625,2.0034291744232178,-0.01977170631289482,0.5356146693229675,-0.020034288987517357,0.0002625826746225357,0.0,0.05815920978784561,1.0330522060394287,0.7820018846746566,6.805229187011719,1.9591541290283203,6.863389015197754,2.2125654220581055,6.808573246002197,4.18364691734314,,,,,,
8789940000.0,119.87,7.599999904632568,6391222784.0,2387.7920884396,4551.0,0.0665283203125,74579968.0,156442.86899876595,0.0009382613934576511,0.00384521484375,2.0137176513671875,-0.019921695813536644,0.6409463882446289,-0.020137177780270576,0.0002154819667339325,0.0,-0.11276718229055405,1.1284868717193604,0.725822006916176,6.691860198974609,1.8588277101516724,6.579092979431152,2.155163288116455,6.861568927764893,4.202589750289917,,,,,,
8789940000.0,103.36,8.699999809265137,6391222784.0,2358.919338143707,4552.0,0.0665283203125,74596352.0,156449.8145520687,0.0005947729805484414,0.00152587890625,2.0489308834075928,-0.020315786823630333,0.4076661467552185,-0.02048930712044239,0.0001735212281346321,0.0,0.01866861805319786,0.9016151428222656,0.7999536574123346,6.6478271484375,1.7943660020828247,6.666495323181152,2.0158379077911377,6.945553302764893,4.189308166503906,,,,,,
8789940000.0,148.01,8.5,6391222784.0,2412.3784862504613,4553.0,0.06103515625,74612736.0,156456.60618948936,0.00047317659482359886,0.00128173828125,2.0511889457702637,-0.02078189328312874,0.47510239481925964,-0.020511891692876816,-0.000270000658929348,0.0,0.0370572954416275,0.9757696390151978,0.7644746690144081,6.591622829437256,1.778066873550415,6.628680229187012,2.0106136798858643,6.791637420654297,4.1885340213775635,,,,,,
8789940000.0,102.33,8.399999618530273,6391222784.0,2418.7693402179148,4554.0,0.0823974609375,74629120.0,156463.37988209724,0.0009891458321362734,0.0054931640625,2.00718092918396,-0.020007602870464325,0.5569841861724854,-0.020071806386113167,6.420165300369263e-05,0.0,0.010027119889855385,1.0526630878448486,0.7524980849350351,6.92688512802124,1.8648854494094849,6.936912536621094,2.1159253120422363,6.773692607879639,4.17844295501709,,,,,,
8789940000.0,156.15,8.100000381469727,6391222784.0,2419.258114909017,4555.0,0.0726318359375,74645504.0,156470.15220618248,0.0007629675674252212,0.0045166015625,2.046712636947632,-0.020726395770907402,0.5756263136863708,-0.0204671248793602,-0.00025926996022462845,0.0,-0.02374209836125374,1.0721873044967651,0.7417180036799289,6.811638832092285,1.7771108150482178,6.787897109985352,2.109713077545166,6.772324085235596,4.177338361740112,,,,,,
8789940000.0,137.21,7.5,6391222784.0,2419.9977833891103,4556.0,0.0677490234375,74661888.0,156476.9224603176,0.0006396486423909664,0.00396728515625,2.0563347339630127,-0.0209345780313015,0.5944791436195374,-0.020563345402479172,-0.00037123076617717743,0.0,-0.08567659556865692,1.0888930559158325,0.7278347186451807,6.704938888549805,1.7689399719238281,6.619261741638184,2.0872225761413574,6.770254135131836,4.185723304748535,,,,,,
8789940000.0,97.35,8.899999618530273,6391222784.0,2435.5009694232435,4557.0,0.0738525390625,74678272.0,156483.64961838722,0.0011634620605036616,0.007080078125,2.0455543994903564,-0.020616449415683746,0.39765942096710205,-0.02045554295182228,-0.00016090762801468372,0.0,0.06857999414205551,0.8914241194725037,0.8059714473225266,6.668648719787598,1.8120557069778442,6.737229347229004,2.0237271785736084,6.727158069610596,4.173888206481934,,,,,,
8789940000.0,112.59,8.5,6391222784.0,2383.3420854769674,4558.0,0.0714111328125,74694656.0,156490.52399873734,0.0009110268438234925,0.004638671875,2.0132994651794434,-0.02004094421863556,0.49511241912841797,-0.020132996141910553,9.205471724271774e-05,0.0,0.029195744544267654,0.9941546320915222,0.7656294185196846,6.734071731567383,1.8434875011444092,6.763267517089844,2.0535359382629395,6.874380350112915,4.182619333267212,,,,,,
8789940000.0,118.52,8.100000381469727,6391222784.0,2376.7904484946416,4559.0,0.05126953125,74711040.0,156497.4173283577,0.0006908964714966714,0.0040283203125,2.0298571586608887,-0.020007703453302383,0.42494499683380127,-0.02029857039451599,0.00029086368158459663,0.0,-0.024959299713373184,0.9203486442565918,0.7769909044192491,6.488978862762451,1.7262903451919556,6.464019775390625,1.9489063024520874,6.893329620361328,4.209225177764893,,,,,,
8789940000.0,127.75,8.0,6391222784.0,2389.6684005920106,4560.0,0.06103515625,74727424.0,156504.27350974083,0.0007971501909196377,0.00384521484375,2.047492265701294,-0.020533334463834763,0.46451136469841003,-0.02047492191195488,-5.84146473556757e-05,0.0,-0.04462213069200516,0.9620850682258606,0.775723124558912,6.558803558349609,1.793575406074524,6.514181613922119,2.0315213203430176,6.856181383132935,4.192549467086792,,,,,,
8789940000.0,135.36,8.699999809265137,6391222784.0,2369.5157115742277,4561.0,0.059814453125,74743808.0,156511.18800282478,0.0011759975459426641,0.0059814453125,2.0313637256622314,-0.02020459994673729,0.4281846582889557,-0.02031363919377327,0.00010904017835855484,0.0,0.010647854767739773,0.9225709438323975,0.7736194943517671,6.416532516479492,1.7292109727859497,6.427180290222168,1.9390101432800293,6.914493083953857,4.199855089187622,,,,,,
8789940000.0,148.67,8.100000381469727,6391222784.0,2369.223413401191,4562.0,0.054931640625,74760192.0,156518.1033489704,0.0009795132791623473,0.00537109375,2.040151596069336,-0.020405786111950874,0.4524209499359131,-0.020401515066623688,-4.2691826820373535e-06,0.0,-0.02461979165673256,0.9510433077812195,0.7775691176468933,6.299129009246826,1.7471083402633667,6.274509429931641,2.0165212154388428,6.915346145629883,4.196847438812256,,,,,,
8789940000.0,113.81,8.800000190734863,6391222784.0,2410.3452841000426,4563.0,0.0762939453125,74776576.0,156524.9007153511,0.0013570270966738462,0.0118408203125,1.991183876991272,-0.01965353824198246,0.5026904940605164,-0.019911838695406914,0.00025829882360994816,0.0,0.07868672907352448,1.0009537935256958,0.7724621118369835,6.638084411621094,1.8618683815002441,6.716771125793457,2.0983948707580566,6.797366380691528,4.193957567214966,,,,,,
8789940000.0,91.9,8.0,6391222784.0,2426.750021126517,4564.0,0.0732421875,74792960.0,156531.65213179588,0.000885344750713557,0.00421142578125,1.9815741777420044,-0.02035917341709137,0.5347521305084229,-0.01981574296951294,-0.0005434337072074413,0.0,-0.027713309973478317,1.032920479774475,0.7703780284830999,6.683211326599121,1.8722320795059204,6.655498027801514,2.155560255050659,6.751416444778442,4.178609132766724,,,,,,
8789940000.0,140.54,7.699999809265137,6391222784.0,2428.3300332010936,4565.0,0.072021484375,74809344.0,156538.39915537834,0.0013761864975094795,0.0072021484375,1.9772214889526367,-0.01982131041586399,0.5389481782913208,-0.019772212952375412,-4.9094902351498604e-05,0.0,-0.05782710760831833,1.03866446018219,0.764091807152846,6.593247413635254,1.8294293880462646,6.5354204177856445,2.1384735107421875,6.747023582458496,4.18107271194458,,,,,,
8789940000.0,115.19,7.5,6391222784.0,2409.8570614942905,4566.0,0.0726318359375,74825728.0,156545.19789886475,0.001788161345757544,0.01141357421875,1.9742727279663086,-0.019384250044822693,0.6452195048332214,-0.019742729142308235,0.00035847630351781845,0.0,-0.07100971043109894,1.1364332437515259,0.7365100789813721,6.5951385498046875,1.9067890644073486,6.5241289138793945,2.2139203548431396,6.798743486404419,4.169659852981567,,,,,,
8789940000.0,89.73,8.699999809265137,6391222784.0,2446.6672409305197,4567.0,0.076904296875,74842112.0,156551.89435505867,0.001630156533792615,0.01373291015625,1.965667486190796,-0.0198360588401556,0.47155213356018066,-0.019656676799058914,-0.00017938227392733097,0.0,0.06913366913795471,0.9657836556434631,0.7762169021981719,6.533403396606445,1.8365421295166016,6.602537155151367,2.041579484939575,6.69645619392395,4.179769992828369,,,,,,
8789940000.0,139.48,8.399999618530273,6391222784.0,2387.9531411361595,4568.0,0.072021484375,74858496.0,156558.75546121597,0.0011883270926773548,0.0057373046875,1.9252218008041382,-0.018773477524518967,0.567032516002655,-0.019252218306064606,0.0004787379875779152,0.0,0.036156609654426575,1.0611474514007568,0.7314447318385102,6.566318511962891,1.7850428819656372,6.602475166320801,2.047666311264038,6.8611061573028564,4.19059681892395,,,,,,
8789940000.0,107.59,8.600000381469727,6391222784.0,2443.683867826278,4569.0,0.0787353515625,74874880.0,156565.46009278297,0.0007673653890378773,0.00335693359375,1.9523558616638184,-0.01909457892179489,0.48195141553878784,-0.019523557275533676,0.00042898068204522133,0.0,0.03295792266726494,0.9791548252105713,0.7719280798831256,6.745116710662842,1.8313992023468018,6.778074741363525,2.050291061401367,6.704631567001343,4.168836355209351,,,,,,
8789940000.0,109.18,8.100000381469727,6391222784.0,2420.291578184061,4570.0,0.0555419921875,74891264.0,156572.22952508926,0.0008657569997012615,0.00341796875,1.9983549118041992,-0.01969699002802372,0.521742045879364,-0.019983550533652306,0.0002865586429834366,0.0,-0.04238254576921463,1.02065908908844,0.7396118676794459,6.452365875244141,1.7632629871368408,6.409983158111572,2.0001847743988037,6.769432306289673,4.174594879150391,,,,,,
8789940000.0,133.08,8.399999618530273,6391222784.0,2404.312370557739,4571.0,0.06103515625,74907648.0,156579.04394745827,0.0010484678205102682,0.005615234375,2.0208263397216797,-0.020143453031778336,0.3909958302974701,-0.020208263769745827,6.480957381427288e-05,0.0,-0.016418397426605225,0.884609580039978,0.8054628713400445,6.368997097015381,1.7972980737686157,6.352579116821289,2.005629062652588,6.814422369003296,4.194774627685547,,,,,,
8789940000.0,169.91,7.699999809265137,6391222784.0,2426.4855861880505,4572.0,0.0494384765625,74924032.0,156585.79609966278,0.000999497715383768,0.00592041015625,2.0401501655578613,-0.020154478028416634,0.49251189827919006,-0.020401502028107643,0.0002470235340297222,0.0,-0.047709494829177856,0.9928068518638611,0.7414891447196008,6.152339935302734,1.6808390617370605,6.104630470275879,1.9526549577713013,6.75215220451355,4.185741424560547,,,,,,
8789940000.0,154.26,6.699999809265137,6391222784.0,2450.0780054159545,4573.0,0.0396728515625,74940416.0,156592.48323369026,0.001871428219601512,0.016357421875,2.099080801010132,-0.021795637905597687,0.4673403799533844,-0.020990807563066483,-0.0008048308081924915,0.0,-0.1465417444705963,0.9660108685493469,0.7289620133554209,5.869481563568115,1.593997597694397,5.722939491271973,1.8555262088775635,6.687134027481079,4.198266983032227,,,,,,
8789940000.0,156.52,7.900000095367432,6391222784.0,2458.872758412874,4574.0,0.047607421875,74956800.0,156599.1464495659,0.0017690386157482862,0.013671875,2.129906177520752,-0.020759906619787216,0.4119546413421631,-0.021299060434103012,0.0005391528829932213,0.0,0.0173141248524189,0.9015181660652161,0.7922990340280467,6.0231733322143555,1.7209807634353638,6.040487289428711,1.9781315326690674,6.66321587562561,4.183407545089722,,,,,,
8789940000.0,145.02,8.600000381469727,6391222784.0,2466.8566290922868,4575.0,0.067138671875,74973184.0,156605.78810024261,0.0015167900128290057,0.0113525390625,2.088418483734131,-0.021509762853384018,0.4323280453681946,-0.020884186029434204,-0.0006255786865949631,0.0,0.048986829817295074,0.9309566617012024,0.7982197922960986,6.325682640075684,1.835037112236023,6.374669551849365,2.0724799633026123,6.641650676727295,4.2084801197052,,,,,,
,,,,,,,,,,,,,,,,,,,,,,,,,,0.019064124673604965,0.538905143737793,0.49977412819862366,0.019064124673604965,0.538905143737793,0.49977412819862366
,,,,,,,,,,,,,,,,,,,,,,,,,,0.018149932846426964,0.49318355321884155,0.4734465479850769,0.018149932846426964,0.49318355321884155,0.4734465479850769
,,,,,,,,,,,,,,,,,,,,,,,,,,0.018038621172308922,0.4720463752746582,0.4516712427139282,0.018038621172308922,0.4720463752746582,0.4516712427139282
,,,,,,,,,,,,,,,,,,,,,,,,,,0.01768907532095909,0.4520166516304016,0.434245228767395,0.01768907532095909,0.4520166516304016,0.434245228767395
,,,,,,,,,,,,,,,,,,,,,,,,,,0.017482543364167213,0.43518972396850586,0.42025864124298096,0.017482543364167213,0.43518972396850586,0.42025864124298096
,,,,,,,,,,,,,,,,,,,,,,,,,,0.017989834770560265,0.4229939579963684,0.41015467047691345,0.017989834770560265,0.4229939579963684,0.41015467047691345
8789940000.0,174.43,7.900000095367432,6188634112.0,18.584758987397173,4576.0,0.0482177734375,74989568.0,157487.3706922531,0.0005370437866076827,0.00201416015625,2.12758731842041,-0.02136816643178463,0.49830275774002075,-0.021275870501995087,-9.229406714439392e-05,0.0,-0.03706459701061249,0.9969710111618042,0.7272817436800163,6.260867118835449,1.6848472356796265,6.22380256652832,1.9090869426727295,881.582592010498,4.184239864349365,,,,,,
8789940000.0,146.75,8.199999809265137,6391222784.0,2471.281979232874,4577.0,0.062255859375,75005952.0,157494.00044965744,0.0011589049827307463,0.00506591796875,2.080467462539673,-0.021282915025949478,0.50017249584198,-0.020804673433303833,-0.00047824159264564514,0.0,-0.007747183553874493,0.9988253712654114,0.7552894141654968,6.637758255004883,1.736396312713623,6.630010604858398,2.0191242694854736,6.629757404327393,4.174823999404907,,,,,,
8789940000.0,128.37,8.5,6391222784.0,2424.0272858941844,4578.0,0.069580078125,75022336.0,157500.75944948196,0.0008197351708076894,0.00244140625,2.062507390975952,-0.02093534544110298,0.5043799877166748,-0.020625071600079536,-0.0003102719783782959,0.0,0.04591374099254608,1.0075104236602783,0.7593644178646991,6.624619483947754,1.7767884731292725,6.670533180236816,2.0538527965545654,6.758999824523926,4.1927807331085205,,,,,,
8789940000.0,94.09,8.199999809265137,6391222784.0,2427.4476312159004,4579.0,0.081787109375,75038720.0,157507.50892567635,0.000965913524851203,0.0052490234375,2.0294885635375977,-0.020328447222709656,0.5950905084609985,-0.020294884219765663,-3.3563002943992615e-05,0.0,0.057161472737789154,1.0903871059417725,0.7428658856694001,6.919887542724609,1.8968275785446167,6.977048873901367,2.150308609008789,6.749476194381714,4.196238040924072,,,,,,
8789940000.0,93.08,8.399999618530273,6391222784.0,2425.9715340150487,4580.0,0.0799560546875,75055104.0,157514.26250863075,0.0006521156174130738,0.0032958984375,2.01717472076416,-0.020166750997304916,0.6030147671699524,-0.020171746611595154,4.993518814444542e-06,0.0,-0.0009240638464689255,1.096716046333313,0.7523007980482238,6.84427547454834,1.942568063735962,6.843350887298584,2.2035951614379883,6.753582954406738,4.197746515274048,,,,,,
8789940000.0,120.57,7.900000095367432,6391222784.0,2415.2478349240046,4581.0,0.0811767578125,75071488.0,157521.04607748985,0.001508872490376234,0.0107421875,2.0179810523986816,-0.019655458629131317,0.6595455408096313,-0.020179810002446175,0.0005243495106697083,0.0,-0.01984727568924427,1.1508464813232422,0.7365587327845876,6.952731132507324,1.945119023323059,6.932884216308594,2.24220609664917,6.783568859100342,4.204914569854736,,,,,,
8789940000.0,84.9,9.0,6391222784.0,2424.1895010982134,4582.0,0.0885009765625,75087872.0,157527.80462503433,0.0007731844088993967,0.002685546875,1.987966537475586,-0.020123885944485664,0.5001251101493835,-0.019879665225744247,-0.00024422071874141693,0.0,0.11176629364490509,0.9963827133178711,0.7774910728803879,6.9464569091796875,1.8960400819778442,7.058222770690918,2.1122841835021973,6.75854754447937,4.193503379821777,,,,,,
8789940000.0,92.3,8.5,6391222784.0,2449.046271895601,4583.0,0.0775146484375,75104256.0,157534.49457621574,0.000853121280670166,0.00341796875,1.9867002964019775,-0.01993902027606964,0.6013166308403015,-0.019867002964019775,-7.201731204986572e-05,0.0,0.0371968075633049,1.0924147367477417,0.7476038209519235,6.842617034912109,1.889727234840393,6.879814147949219,2.174433946609497,6.689951181411743,4.200326919555664,,,,,,
8789940000.0,87.38,8.300000190734863,6391222784.0,2425.9262297469186,4584.0,0.0836181640625,75120640.0,157541.24828529358,0.0006668013520538807,0.00177001953125,1.9633368253707886,-0.01946890726685524,0.6394259929656982,-0.019633367657661438,0.0001644594594836235,0.0,-0.027744077146053314,1.1334251165390015,0.7234122253836153,7.0615458488464355,1.9000308513641357,7.033801555633545,2.1551437377929688,6.753709077835083,4.176175355911255,,,,,,
8789940000.0,92.27,8.100000381469727,6391222784.0,2456.8150066778185,4585.0,0.0823974609375,75137024.0,157547.9170820713,0.0004686697502620518,0.00177001953125,1.9681463241577148,-0.01960930787026882,0.6493901610374451,-0.01968146301805973,7.215654477477074e-05,0.0,-0.04042807221412659,1.1403716802597046,0.7305422982922523,6.874398231506348,1.8864319324493408,6.833970069885254,2.1968541145324707,6.66879677772522,4.168694257736206,,,,,,
8789940000.0,106.17,7.699999809265137,6391222784.0,2429.6628716684163,4586.0,0.07568359375,75153408.0,157554.66040444374,0.0014206499326974154,0.01080322265625,1.9871894121170044,-0.020656999200582504,0.7123379707336426,-0.019871892407536507,-0.0007851049304008484,0.0,-0.09413549304008484,1.191316843032837,0.6944335488573199,6.711550712585449,1.8000305891036987,6.617415428161621,2.1551361083984375,6.743322372436523,4.174730062484741,,,,,,
8789940000.0,114.34,7.699999809265137,6391222784.0,2416.469898668192,4587.0,0.069580078125,75169792.0,157561.4405426979,0.0015399254625663161,0.00994873046875,2.0222740173339844,-0.019903888925909996,0.5563456416130066,-0.0202227421104908,0.00031885504722595215,0.0,-0.04146839678287506,1.0562890768051147,0.7650678680039693,6.463011741638184,1.8222885131835938,6.421544075012207,2.179273843765259,6.780138254165649,4.200552940368652,,,,,,
8789940000.0,108.2,8.699999809265137,6391222784.0,2438.215643152928,4588.0,0.0787353515625,75186176.0,157568.16021084785,0.0008434918127022684,0.00457763671875,2.053096055984497,-0.02034427598118782,0.45838019251823425,-0.020530959591269493,0.00018668361008167267,0.0,0.035986315459012985,0.9584473371505737,0.8039471142133083,6.634652137756348,1.8891793489456177,6.670638084411621,2.164618968963623,6.71966814994812,4.18170166015625,,,,,,
8789940000.0,128.68,8.300000190734863,6391222784.0,2437.6874433806242,4589.0,0.0634765625,75202560.0,157574.88133502007,0.0013016948942095041,0.00830078125,2.066938877105713,-0.020383140072226524,0.45996591448783875,-0.02066938579082489,0.00028624851256608963,0.0,-0.014003511518239975,0.9563443064689636,0.7897336067776793,6.600130081176758,1.8836448192596436,6.586126804351807,2.0855913162231445,6.721124172210693,4.1877665519714355,,,,,,
8789940000.0,143.21,7.5,6391222784.0,2442.759100919884,4590.0,0.05859375,75218944.0,157581.58850479126,0.0015422820579260588,0.01275634765625,2.0846331119537354,-0.019981617107987404,0.5515221953392029,-0.020846331492066383,0.0008647162467241287,0.0,-0.07925987243652344,1.0493773221969604,0.7489146831814212,6.552641868591309,1.8370431661605835,6.473381996154785,2.094214677810669,6.707169771194458,4.172939777374268,,,,,,
8789940000.0,152.24,8.100000381469727,6391222784.0,2446.88494917156,4591.0,0.0482177734375,75235328.0,157588.28436517715,0.0007625141879543662,0.00360107421875,2.126208782196045,-0.020922819152474403,0.3815402686595917,-0.021262086927890778,0.00033926498144865036,0.0,-0.02049325406551361,0.8767948150634766,0.7867415899608634,6.217742919921875,1.7042372226715088,6.197249412536621,1.8986493349075317,6.695860385894775,4.186663866043091,,,,,,
8789940000.0,146.86,8.600000381469727,6391222784.0,2425.9729043028306,4592.0,0.0445556640625,75251712.0,157595.03794431686,0.0009625208331272006,0.00555419921875,2.116981267929077,-0.021004535257816315,0.36924147605895996,-0.021169811487197876,0.00016527995467185974,0.0,0.010295508429408073,0.8620681166648865,0.7734209647892625,6.137571334838867,1.620542287826538,6.147867202758789,1.811055064201355,6.753579139709473,4.1754231452941895,,,,,,
8789940000.0,176.64,7.599999904632568,6391222784.0,2433.3951874144636,4593.0,0.0396728515625,75268096.0,157601.77092385292,0.0012399049010127783,0.0078125,2.158905029296875,-0.021474720910191536,0.439272403717041,-0.021589050069451332,0.00011432915925979614,0.0,-0.1311958134174347,0.9338228106498718,0.7347852792861725,6.042117118835449,1.601468801498413,5.910921096801758,1.8132832050323486,6.7329795360565186,4.185153007507324,,,,,,
8789940000.0,189.6,7.300000190734863,6391222784.0,2422.6850766751118,4594.0,0.05126953125,75284480.0,157608.53366827965,0.0008725249208509922,0.00457763671875,2.1212685108184814,-0.02051316201686859,0.5211665630340576,-0.021212685853242874,0.0006995238363742828,0.0,-0.0396660640835762,1.0171149969100952,0.7585684885595574,6.072140693664551,1.7565804719924927,6.032475471496582,2.0700135231018066,6.762744426727295,4.174237251281738,,,,,,
8789940000.0,142.9,7.800000190734863,6391222784.0,2409.795794060762,4595.0,0.054931640625,75300864.0,157615.33258461952,0.0009246553527191281,0.005615234375,2.1051340103149414,-0.020903486758470535,0.4836803078651428,-0.02105133794248104,0.0001478530466556549,0.0,-0.00065623689442873,0.9835855960845947,0.7647558008008593,6.054320335388184,1.7472186088562012,6.053664207458496,2.0279297828674316,6.798916339874268,4.180231809616089,,,,,,
8789940000.0,149.65,7.699999809265137,6391222784.0,2390.245080108081,4596.0,0.0518798828125,75317248.0,157622.18711185455,0.0010578936198726296,0.006103515625,2.107391834259033,-0.021296042948961258,0.4842824935913086,-0.021073918789625168,-0.0002221250906586647,0.0,-0.00921168364584446,0.9830242395401001,0.7750112234709101,6.041879177093506,1.8020094633102417,6.03266716003418,2.0724472999572754,6.854527235031128,4.1749653816223145,,,,,,
8789940000.0,129.1,8.100000381469727,6391222784.0,2371.252769637078,4597.0,0.052490234375,75333632.0,157629.0965397358,0.0006890541408210993,0.0029296875,2.092132329940796,-0.02058742195367813,0.45144879817962646,-0.02092132531106472,0.00033390242606401443,0.0,0.03414101526141167,0.9491197466850281,0.7776775706619357,5.977798938751221,1.7756712436676025,6.011940002441406,2.0129339694976807,6.909427881240845,4.200207233428955,,,,,,
8789940000.0,177.72,7.800000190734863,6391222784.0,2383.0508288984565,4598.0,0.057373046875,75350016.0,157635.97176027298,0.0007370396051555872,0.0025634765625,2.0959510803222656,-0.020941665396094322,0.5120614767074585,-0.020959511399269104,1.7840415239334106e-05,0.0,-0.0029124014545232058,1.011021375656128,0.7680298835562847,6.206592559814453,1.837463617324829,6.203680515289307,2.099153757095337,6.875220537185669,4.187744855880737,,,,,,
8789940000.0,148.07,8.0,6391222784.0,2412.3492699726894,4599.0,0.059814453125,75366400.0,157642.76347994804,0.0013959936331957579,0.008056640625,2.116680860519409,-0.020138101652264595,0.45791691541671753,-0.021166810765862465,0.0010287091135978699,0.0,-0.012897007167339325,0.9568715691566467,0.7975988569184904,6.274616241455078,1.8521016836166382,6.261719703674316,2.126901149749756,6.791719675064087,4.191812992095947,,,,,,
8789940000.0,144.76,8.0,6391222784.0,2445.7705939402654,4600.0,0.0518798828125,75382784.0,157649.46239113808,0.0016710589407011867,0.012939453125,2.085948944091797,-0.02049124240875244,0.507156252861023,-0.020859485492110252,0.000368248438462615,0.0,0.012912621721625328,1.0064280033111572,0.7400264300787144,6.155665397644043,1.7349798679351807,6.168578147888184,1.9738696813583374,6.698911190032959,4.176586627960205,,,,,,
8789940000.0,143.79,8.100000381469727,6391222784.0,2442.0744463108404,4601.0,0.057373046875,75399168.0,157656.1714413166,0.0009444376919418573,0.00445556640625,2.074829578399658,-0.021015025675296783,0.4661751389503479,-0.02074829488992691,-0.0002667326480150223,0.0,0.018036462366580963,0.9681591391563416,0.7825318201455995,6.263910293579102,1.8323668241500854,6.281946182250977,2.0761022567749023,6.709050178527832,4.18533992767334,,,,,,
8789940000.0,136.02,8.100000381469727,6391222784.0,2464.2287590523533,4602.0,0.0531005859375,75415552.0,157662.82017469406,0.0010061654029414058,0.00384521484375,2.0595788955688477,-0.021176408976316452,0.4582589268684387,-0.020595787093043327,-0.0005806211847811937,0.0,-0.028552807867527008,0.9538188576698303,0.7741628632425726,6.18077278137207,1.7799983024597168,6.152219772338867,2.007096529006958,6.648733377456665,4.17860221862793,,,,,,
8789940000.0,131.08,8.399999618530273,6391222784.0,2406.3271456078523,4603.0,0.06591796875,75431936.0,157669.62889146805,0.0011021906975656748,0.0064697265625,2.0174293518066406,-0.01942293904721737,0.42778244614601135,-0.020174292847514153,0.0007513538002967834,0.0,0.04138577729463577,0.9218260645866394,0.810522475143662,6.286011695861816,1.894657015800476,6.327397346496582,2.1177287101745605,6.808716773986816,4.2080302238464355,,,,,,
8789940000.0,123.69,8.399999618530273,6391222784.0,2435.327915963253,4604.0,0.067138671875,75448320.0,157676.3565275669,0.0009563626954331994,0.00384521484375,1.9947705268859863,-0.01949649676680565,0.4799973666667938,-0.019947705790400505,0.0004512099549174309,0.0,0.012243099510669708,0.9800093770027161,0.7807043144017602,6.33017635345459,1.8513716459274292,6.342419147491455,2.0927395820617676,6.727636098861694,4.1712281703948975,,,,,,
8789940000.0,151.02,8.100000381469727,6391222784.0,2440.7058543823027,4605.0,0.068359375,75464704.0,157683.0693397522,0.0007958159549161792,0.00396728515625,2.008880138397217,-0.019906386733055115,0.541502833366394,-0.0200887992978096,0.00018241070210933685,0.0,-0.01567692682147026,1.041244387626648,0.7728241820212438,6.463181018829346,1.9237760305404663,6.447504043579102,2.184598922729492,6.712812185287476,4.180008411407471,,,,,,
8789940000.0,114.07,8.5,6391222784.0,2451.3912816632574,4606.0,0.0677490234375,75481088.0,157689.7528913021,0.0007870369590818882,0.0037841796875,2.01780366897583,-0.019984064623713493,0.45797187089920044,-0.020178036764264107,0.00019397400319576263,0.0,0.07146495580673218,0.9551798105239868,0.7955846877351216,6.364864349365234,1.88935124874115,6.4363298416137695,2.112654447555542,6.683551549911499,4.191938877105713,,,,,,
8789940000.0,112.96,8.600000381469727,6391222784.0,2442.808683184568,4607.0,0.0634765625,75497472.0,157696.4599249363,0.0007795979036018252,0.003173828125,2.0278193950653076,-0.019682424142956734,0.4461340308189392,-0.020278193056583405,0.0005957707762718201,0.0,0.02907366305589676,0.9486219882965088,0.7947740232175776,6.421329975128174,1.8987421989440918,6.450403690338135,2.094001531600952,6.707033634185791,4.186256408691406,,,,,,
,,,,,,,,,,,,,,,,,,,,,,,,,,0.018374595791101456,0.5425683259963989,0.5088050365447998,0.018374595791101456,0.5425683259963989,0.5088050365447998
,,,,,,,,,,,,,,,,,,,,,,,,,,0.01703047752380371,0.4932508170604706,0.4795547425746918,0.01703047752380371,0.4932508170604706,0.4795547425746918
,,,,,,,,,,,,,,,,,,,,,,,,,,0.016655711457133293,0.4695672392845154,0.4565578103065491,0.016655711457133293,0.4695672392845154,0.4565578103065491
,,,,,,,,,,,,,,,,,,,,,,,,,,0.016705242916941643,0.4503261148929596,0.4374886453151703,0.016705242916941643,0.4503261148929596,0.4374886453151703
,,,,,,,,,,,,,,,,,,,,,,,,,,0.016445940360426903,0.4325849413871765,0.42163124680519104,0.016445940360426903,0.4325849413871765,0.42163124680519104
,,,,,,,,,,,,,,,,,,,,,,,,,,0.016629556193947792,0.41952717304229736,0.41025614738464355,0.016629556193947792,0.41952717304229736,0.41025614738464355
8789940000.0,166.03,7.5,6188634112.0,18.620678667423256,4608.0,0.052490234375,75513856.0,158576.34192562103,0.001479918835684657,0.010498046875,2.0668551921844482,-0.019749803468585014,0.5338237881660461,-0.020668551325798035,0.0009187478572130203,0.0,-0.06301835179328918,1.0291953086853027,0.7354551345876648,6.2921857833862305,1.7464853525161743,6.2291669845581055,2.0010039806365967,879.8820006847382,4.1978232860565186,,,,,,
8789940000.0,124.13,8.5,6391222784.0,2429.410770283569,4609.0,0.068359375,75530240.0,158583.085947752,0.0008131134673021734,0.0035400390625,2.0131566524505615,-0.020489022135734558,0.48989787697792053,-0.020131563767790794,-0.00035745278000831604,0.0,0.06820808351039886,0.9900655150413513,0.7697863800081772,6.586555480957031,1.8108633756637573,6.654763698577881,2.0634710788726807,6.7440221309661865,4.181593894958496,,,,,,
8789940000.0,116.97,8.600000381469727,6391222784.0,2444.1575541848993,4610.0,0.047607421875,75546624.0,158589.78927993774,0.0013672702480107546,0.008544921875,2.0644078254699707,-0.020496217533946037,0.3963436186313629,-0.02064407616853714,0.00014785956591367722,0.0,-0.004680785350501537,0.8879984021186829,0.7644723161364937,6.262557506561279,1.6707898378372192,6.257876396179199,1.8297456502914429,6.703332185745239,4.1844494342803955,,,,,,
8789940000.0,189.25,7.5,6391222784.0,2423.0181401593386,4611.0,0.04150390625,75563008.0,158596.55109477043,0.0010675475932657719,0.00567626953125,2.097724676132202,-0.021439606323838234,0.4253159463405609,-0.020977245643734932,-0.00046235835179686546,0.0,-0.0938541442155838,0.9206563234329224,0.747466919745441,6.19728422164917,1.5764625072479248,6.103429794311523,1.8320543766021729,6.761814832687378,4.191454648971558,,,,,,
8789940000.0,169.18,7.800000190734863,6391222784.0,2428.684650002389,4612.0,0.032958984375,75579392.0,158603.29713320732,0.0008918771636672318,0.0045166015625,2.1301982402801514,-0.02064167521893978,0.3362728953361511,-0.021301981061697006,0.0006603049114346504,0.0,-0.06004585325717926,0.8258357048034668,0.7740057746714535,6.003321647644043,1.557985544204712,5.9432759284973145,1.7371807098388672,6.746038436889648,4.194285869598389,,,,,,
8789940000.0,195.29,6.900000095367432,6391222784.0,2416.188074811547,4613.0,0.03662109375,75595776.0,158610.0780622959,0.000813797116279602,0.00482177734375,2.108550786972046,-0.020436272025108337,0.5256572961807251,-0.021085508167743683,0.0006492361426353455,0.0,-0.10264632105827332,1.029017686843872,0.7121429308124456,6.157803535461426,1.6469004154205322,6.055157661437988,1.9179388284683228,6.780929088592529,4.192656993865967,,,,,,
8789940000.0,161.43,8.399999618530273,6391222784.0,2414.170584372145,4614.0,0.05126953125,75612160.0,158616.8646581173,0.0007266681641340256,0.00274658203125,2.129415273666382,-0.021334290504455566,0.3448202610015869,-0.02129415236413479,-4.013907164335251e-05,0.0,0.027945365756750107,0.8265663385391235,0.8097396644922348,6.092409133911133,1.6653372049331665,6.120354652404785,1.8949757814407349,6.786595821380615,4.1720757484436035,,,,,,
8789940000.0,203.59,8.399999618530273,6391222784.0,2403.5601479417924,4615.0,0.0421142578125,75628544.0,158623.6812131405,0.0008134759846143425,0.00274658203125,2.1162500381469727,-0.02148894965648651,0.3806138038635254,-0.021162502467632294,-0.000326450914144516,0.0,0.04307924211025238,0.8746912479400635,0.786949128078787,5.975746154785156,1.6653354167938232,6.018825531005859,1.8950176239013672,6.816555023193359,4.185747861862183,,,,,,
8789940000.0,147.07,8.100000381469727,6391222784.0,2457.30407860515,4616.0,0.05615234375,75644928.0,158630.34868264198,0.0022100850474089384,0.01947021484375,2.0872249603271484,-0.020579025149345398,0.44474780559539795,-0.020872246474027634,0.00029322318732738495,0.0,-0.0009852040093392134,0.9461968541145325,0.7805589007291526,6.155728340148926,1.7896648645401,6.154743194580078,2.0198659896850586,6.667469501495361,4.176372766494751,,,,,,
8789940000.0,140.03,8.100000381469727,6391222784.0,2429.5033588528586,4617.0,0.0579833984375,75661312.0,158637.09244775772,0.0011174734681844711,0.00628662109375,2.071634531021118,-0.02092699334025383,0.5439889430999756,-0.020716344937682152,-0.00021064747124910355,0.0,0.005409314297139645,1.0435750484466553,0.7661920018893954,6.383772850036621,1.9001927375793457,6.389182090759277,2.158209800720215,6.743765115737915,4.1948935985565186,,,,,,
8789940000.0,140.99,8.199999809265137,6391222784.0,2409.818103496584,4618.0,0.052490234375,75677696.0,158643.8913011551,0.0008176001720130444,0.0037841796875,2.080493450164795,-0.020479056984186172,0.44718798995018005,-0.020804930478334427,0.00032587721943855286,0.0,0.02450065314769745,0.9455393552780151,0.7932840983336431,6.255049705505371,1.852914810180664,6.279550075531006,2.0796616077423096,6.798853397369385,4.198890686035156,,,,,,
8789940000.0,117.51,7.900000095367432,6391222784.0,2401.7849373944405,4619.0,0.0567626953125,75694080.0,158650.7128944397,0.0010980304796248674,0.00701904296875,2.0420401096343994,-0.02108389139175415,0.4593966603279114,-0.02042040228843689,-0.0006634872406721115,0.0,-0.04525241628289223,0.9598870277404785,0.799851470062203,6.305946350097656,1.9101396799087524,6.260693550109863,2.1455764770507812,6.821593284606934,4.190960645675659,,,,,,
8789940000.0,133.72,8.100000381469727,6391222784.0,2400.1271020874524,4620.0,0.0604248046875,75710464.0,158657.53919959068,0.001061903079971671,0.00567626953125,2.0210800170898438,-0.020514454692602158,0.47759300470352173,-0.02021079882979393,-0.00030365772545337677,0.0,-0.015173603780567646,0.9772943258285522,0.7840690041554076,6.270194053649902,1.8409013748168945,6.2550201416015625,2.103137969970703,6.826305150985718,4.182782888412476,,,,,,
8789940000.0,135.7,8.100000381469727,6391222784.0,2425.8202123830238,4621.0,0.06103515625,75726848.0,158664.29320383072,0.0011016662465408444,0.0072021484375,2.010904550552368,-0.020139046013355255,0.4783748984336853,-0.020109044387936592,-2.9997900128364563e-05,0.0,-0.02666298672556877,0.9769387245178223,0.7833257295683584,6.2371296882629395,1.8467315435409546,6.2104668617248535,2.098764181137085,6.754004240036011,4.1920647621154785,,,,,,
8789940000.0,140.28,7.900000095367432,6391222784.0,2437.32319070025,4622.0,0.0579833984375,75743232.0,158671.0153324604,0.001607511774636805,0.0111083984375,2.013756275177002,-0.019992539659142494,0.48984941840171814,-0.020137561485171318,0.00014502252452075481,0.0,-0.035108502954244614,0.9899489879608154,0.778962806943269,6.18474006652832,1.836995005607605,6.149631500244141,2.1056203842163086,6.722128629684448,4.179251194000244,,,,,,
8789940000.0,132.65,8.399999618530273,6391222784.0,2413.961032709667,4623.0,0.062255859375,75759616.0,158677.8025174141,0.0013002663617953658,0.008544921875,2.0325253009796143,-0.02067967876791954,0.47282788157463074,-0.020325250923633575,-0.00035442598164081573,0.0,0.02702270820736885,0.9714528918266296,0.7880215433408313,6.191524505615234,1.8704009056091309,6.218547344207764,2.109968423843384,6.787184953689575,4.190135955810547,,,,,,
8789940000.0,145.47,8.399999618530273,6391222784.0,2413.761860909356,4624.0,0.06103515625,75776000.0,158684.59026241302,0.001033370615914464,0.00628662109375,2.0306105613708496,-0.020462237298488617,0.4173484444618225,-0.02030610293149948,-0.00015613343566656113,0.0,0.026653116568922997,0.9120832085609436,0.8093484376478985,6.255283355712891,1.88517165184021,6.2819366455078125,2.0888829231262207,6.787744998931885,4.219244956970215,,,,,,
8789940000.0,141.01,7.900000095367432,6391222784.0,2413.1427643968836,4625.0,0.054931640625,75792384.0,158691.37974882126,0.0024051275104284286,0.02191162109375,2.0347495079040527,-0.020068001002073288,0.46945884823799133,-0.02034749649465084,0.00027949362993240356,0.0,-0.08960136026144028,0.9657854437828064,0.7840105404343902,6.07445764541626,1.856130599975586,5.984856605529785,2.078089952468872,6.789486408233643,4.219671249389648,,,,,,
8789940000.0,153.52,8.100000381469727,6391222784.0,2426.0827036426326,4626.0,0.050048828125,75808768.0,158698.13302230835,0.0022972302976995707,0.02056884765625,2.039992094039917,-0.019521646201610565,0.4627627730369568,-0.020399920642375946,0.0008782707154750824,0.0,0.007339556235820055,0.9605466723442078,0.7739175227819242,5.945412635803223,1.7950985431671143,5.952752113342285,2.0201570987701416,6.7532734870910645,4.176368474960327,,,,,,
8789940000.0,147.0,8.5,6391222784.0,2441.3076931548435,4627.0,0.0640869140625,75825152.0,158704.84417963028,0.002240264555439353,0.0174560546875,1.9828503131866455,-0.019888944923877716,0.5047479867935181,-0.01982850395143032,-6.0442835092544556e-05,0.0,0.0440659299492836,1.0055851936340332,0.786913677333255,6.166790008544922,1.9385348558425903,6.2108564376831055,2.1784183979034424,6.711157321929932,4.183787822723389,,,,,,
8789940000.0,136.06,8.5,6391222784.0,2361.244614091281,4628.0,0.064697265625,75841536.0,158711.78289318085,0.0010739588178694248,0.0076904296875,1.9566197395324707,-0.01936308853328228,0.4809824824333191,-0.01956619694828987,0.00020311027765274048,0.0,0.05191713944077492,0.9782333970069885,0.793054247309781,6.213840484619141,1.916472315788269,6.2657575607299805,2.1503746509552,6.938713550567627,4.3814475536346436,,,,,,
8789940000.0,102.33,8.800000190734863,6391222784.0,2456.9030199865506,4629.0,0.068359375,75857920.0,158718.45145106316,0.0013955854810774326,0.0076904296875,1.986102819442749,-0.0198140200227499,0.4498394727706909,-0.019861025735735893,4.700571298599243e-05,0.0,0.03975124657154083,0.950509786605835,0.8128489522847125,6.376959800720215,1.9822155237197876,6.41671085357666,2.1971545219421387,6.66855788230896,4.176350355148315,,,,,,
8789940000.0,100.64,8.5,6391222784.0,2444.062193747464,4630.0,0.072021484375,75874304.0,158725.15504479408,0.00155735167209059,0.00970458984375,1.94733726978302,-0.019262246787548065,0.5721635818481445,-0.019473373889923096,0.0002111252397298813,0.0,0.03323976695537567,1.069079041481018,0.7698978942577261,6.5687456130981445,1.9890592098236084,6.601985931396484,2.2286901473999023,6.703593730926514,4.192630052566528,,,,,,
8789940000.0,107.44,8.5,6391222784.0,2434.8141654683536,4631.0,0.0775146484375,75890688.0,158731.88410043716,0.001418824540451169,0.010009765625,1.949644684791565,-0.018268005922436714,0.525985598564148,-0.01949644461274147,0.0012284433469176292,0.0,0.009804513305425644,1.0258338451385498,0.7778929930724359,6.561078071594238,1.9390966892242432,6.570882797241211,2.176687002182007,6.729055643081665,4.205361366271973,,,,,,
8789940000.0,119.87,7.699999809265137,6391222784.0,2432.374870615396,4632.0,0.07080078125,75907072.0,158738.6199042797,0.0013256778474897146,0.0106201171875,1.968690037727356,-0.019529541954398155,0.7583220601081848,-0.019686901941895485,0.0001573599874973297,0.0,-0.08499152958393097,1.2336453199386597,0.6993202984355336,6.515194892883301,1.9245929718017578,6.430203437805176,2.249770164489746,6.735803842544556,4.192512512207031,,,,,,
8789940000.0,119.09,8.5,6391222784.0,2390.8609665142967,4633.0,0.068359375,75923456.0,158745.47266578674,0.0010017487220466137,0.0064697265625,1.9358996152877808,-0.018488436937332153,0.545768141746521,-0.01935899443924427,0.0008705579675734043,0.0,0.04876253381371498,1.0429942607879639,0.7578839598263916,6.44450044631958,1.869330883026123,6.493262767791748,2.1196792125701904,6.852761507034302,4.233637094497681,,,,,,
8789940000.0,129.43,7.300000190734863,6391222784.0,2436.576264318629,4634.0,0.07080078125,75939840.0,158752.1968550682,0.001805081614293158,0.01611328125,1.933251142501831,-0.020081523805856705,0.7138571739196777,-0.019332511350512505,-0.0007490180432796478,0.0,-0.08404876291751862,1.1884639263153076,0.7295794875023827,6.487147808074951,1.9269686937332153,6.403099060058594,2.285421371459961,6.724189281463623,4.194772958755493,,,,,,
8789940000.0,76.49,8.699999809265137,6391222784.0,2451.4618535076293,4635.0,0.0823974609375,75956224.0,158758.88021421432,0.0016455159056931734,0.010498046875,1.9825365543365479,-0.019959652796387672,0.5083006620407104,-0.019825363531708717,-0.00013428926467895508,0.0,0.05407433211803436,1.0091159343719482,0.7979712583214653,6.549875259399414,1.948922038078308,6.603949069976807,2.245093822479248,6.683359146118164,4.219182252883911,,,,,,
8789940000.0,113.43,8.199999809265137,6391222784.0,2454.043620671818,4636.0,0.0726318359375,75972608.0,158765.55654215813,0.0022226045839488506,0.01763916015625,2.0080337524414062,-0.019036969169974327,0.640910804271698,-0.020080335438251495,0.0010433669667690992,0.0,0.0028645042330026627,1.1311466693878174,0.7467481270017984,6.420759677886963,1.9840805530548096,6.423624038696289,2.2477211952209473,6.67632794380188,4.183777093887329,,,,,,
8789940000.0,115.32,8.0,6391222784.0,2420.293283032738,4637.0,0.067138671875,75988992.0,158772.32596969604,0.0010555139742791653,0.00640869140625,2.009079694747925,-0.019581973552703857,0.5414798259735107,-0.020090796053409576,0.0005088266916573048,0.0,0.0033158818259835243,1.0398484468460083,0.7782437651897315,6.4229207038879395,1.9754565954208374,6.426236629486084,2.2081687450408936,6.769427537918091,4.193540811538696,,,,,,
8789940000.0,91.97,8.300000190734863,6391222784.0,2433.688796829211,4638.0,0.0738525390625,76005376.0,158779.05813694,0.0014054713537916541,0.0093994140625,1.9791761636734009,-0.01862039417028427,0.5939587950706482,-0.01979176141321659,0.0011713681742548943,0.0,-0.011992769315838814,1.0900324583053589,0.7550830567938243,6.495334625244141,1.9271551370620728,6.483342170715332,2.2025721073150635,6.7321672439575195,4.237624883651733,,,,,,
8789940000.0,126.25,8.199999809265137,6391222784.0,2418.7271990373165,4639.0,0.076904296875,76021760.0,158785.83194756508,0.004022576380521059,0.0352783203125,1.978660225868225,-0.01743251271545887,0.6043851971626282,-0.01978660374879837,0.0023540863767266273,0.0,0.02322850003838539,1.09957754611969,0.7493904239248883,6.650240898132324,1.9057540893554688,6.673469543457031,2.196477174758911,6.773810625076294,4.253158330917358,,,,,,
,,,,,,,,,,,,,,,,,,,,,,,,,,0.02672707289457321,0.5264930725097656,0.48575666546821594,0.02672707289457321,0.5264930725097656,0.48575666546821594
,,,,,,,,,,,,,,,,,,,,,,,,,,0.02498442307114601,0.48306915163993835,0.45992234349250793,0.02498442307114601,0.48306915163993835,0.45992234349250793
,,,,,,,,,,,,,,,,,,,,,,,,,,0.023928847163915634,0.45748910307884216,0.43755075335502625,0.023928847163915634,0.45748910307884216,0.43755075335502625
,,,,,,,,,,,,,,,,,,,,,,,,,,0.02353525348007679,0.4377000629901886,0.41989123821258545,0.02353525348007679,0.4377000629901886,0.41989123821258545
,,,,,,,,,,,,,,,,,,,,,,,,,,0.023244807496666908,0.42438220977783203,0.4068410098552704,0.023244807496666908,0.42438220977783203,0.4068410098552704
,,,,,,,,,,,,,,,,,,,,,,,,,,0.023378385230898857,0.4104200303554535,0.39299720525741577,0.023378385230898857,0.4104200303554535,0.39299720525741577
8789940000.0,118.64,8.600000381469727,6188634112.0,18.580218829344545,4640.0,0.0726318359375,76038144.0,159667.62995815277,0.001218163874000311,0.0089111328125,1.9752657413482666,-0.020163550972938538,0.6289795637130737,-0.019752657040953636,-0.0004108930006623268,0.0,0.05637424439191818,1.126225471496582,0.7274078133522629,6.685083866119385,1.9316234588623047,6.741457939147949,2.157090902328491,881.7980105876923,4.20590353012085,,,,,,
8789940000.0,116.16,8.5,6391222784.0,2394.3072450574705,4641.0,0.064697265625,76054528.0,159674.47285604477,0.0011327459942549467,0.0081787109375,2.0243003368377686,-0.020144939422607422,0.4678499698638916,-0.020243002101778984,9.806407615542412e-05,0.0,0.000551905483007431,0.9713364839553833,0.7898677813242712,6.648000717163086,1.9322922229766846,6.648552894592285,2.118962287902832,6.842897891998291,4.1937596797943115,,,,,,
8789940000.0,140.53,7.800000190734863,6391222784.0,2429.2570441832268,4642.0,0.0604248046875,76070912.0,159681.217304945,0.0015294415643438697,0.0087890625,2.0240068435668945,-0.020092004910111427,0.6015327572822571,-0.020240066573023796,0.0001480625942349434,0.0,-0.06841828674077988,1.098143458366394,0.7381598450532909,6.482975006103516,1.8734626770019531,6.414556503295898,2.146054983139038,6.744448900222778,4.207576036453247,,,,,,
8789940000.0,108.47,8.199999809265137,6391222784.0,2387.2090453401215,4643.0,0.0677490234375,76087296.0,159688.08054971695,0.0024504181928932667,0.0198974609375,2.059422492980957,-0.021108578890562057,0.5332669615745544,-0.020594222471117973,-0.0005143564194440842,0.0,0.030853837728500366,1.0331196784973145,0.76525239876311,6.496007919311523,1.8902562856674194,6.526861667633057,2.1323082447052,6.8632447719573975,4.1935999393463135,,,,,,
8789940000.0,136.12,8.0,6391222784.0,2454.7645544588054,4644.0,0.067138671875,76103680.0,159694.75491690636,0.0007250240305438638,0.002685546875,2.064786434173584,-0.021080756559967995,0.5432363748550415,-0.020647866651415825,-0.0004328889772295952,0.0,0.06751449406147003,1.0418472290039062,0.7619098162893958,6.510534286499023,1.8866679668426514,6.5780487060546875,2.135174512863159,6.674367189407349,4.200878143310547,,,,,,
8789940000.0,102.63,8.399999618530273,6391222784.0,2396.915933149115,4645.0,0.08544921875,76120064.0,159701.5903673172,0.0009181330678984523,0.003173828125,2.020216703414917,-0.02051127515733242,0.5517657399177551,-0.020202165469527245,-0.0003091096878051758,0.0,0.07580068707466125,1.048255205154419,0.7783492648224417,6.868600368499756,2.0056941509246826,6.944400787353516,2.226548671722412,6.8354504108428955,4.183372497558594,,,,,,
8789940000.0,87.98,8.699999809265137,6391222784.0,2412.0416528227106,4646.0,0.0927734375,76136448.0,159708.38295316696,0.0011451682075858116,0.0074462890625,2.000312328338623,-0.020599624142050743,0.6587591171264648,-0.020003123208880424,-0.000596506055444479,0.0,0.06093393638730049,1.1444928646087646,0.7395325312858123,7.066671371459961,1.975880742073059,7.127605438232422,2.2425198554992676,6.792585849761963,4.177007436752319,,,,,,
8789940000.0,96.24,8.699999809265137,6391222784.0,2421.3093737449844,4647.0,0.0885009765625,76152832.0,159715.1495399475,0.0011013699695467949,0.0052490234375,2.025315999984741,-0.020177949219942093,0.5983929634094238,-0.02025315910577774,7.520930375903845e-05,0.0,0.00429960060864687,1.08745539188385,0.741403749652046,7.064537048339844,1.936099886894226,7.068836212158203,2.138456106185913,6.766586780548096,4.196747541427612,,,,,,
8789940000.0,101.59,8.199999809265137,6391222784.0,2401.434942947664,4648.0,0.0689697265625,76169216.0,159721.9721274376,0.0007345949416048825,0.00335693359375,1.9949924945831299,-0.02042883262038231,0.6458931565284729,-0.01994992606341839,-0.00047890283167362213,0.0,-0.04822884872555733,1.1303824186325073,0.7208110498490252,6.753962516784668,1.8438339233398438,6.705733299255371,2.139322519302368,6.822587490081787,4.192416191101074,,,,,,
8789940000.0,114.41,8.0,6391222784.0,2407.6940543133246,4649.0,0.0726318359375,76185600.0,159728.77697873116,0.0005521733546629548,0.002197265625,2.0033485889434814,-0.019777730107307434,0.5812914371490479,-0.02003348432481289,0.00025575608015060425,0.0,0.011768694967031479,1.078940987586975,0.7440940243499552,6.670827865600586,1.8689265251159668,6.682596683502197,2.1328353881835938,6.804851293563843,4.1850152015686035,,,,,,
8789940000.0,101.27,8.199999809265137,6391222784.0,2425.618051479688,4650.0,0.0762939453125,76201984.0,159735.53154587746,0.0008881395333446562,0.00299072265625,2.020991325378418,-0.01968361623585224,0.5794514417648315,-0.020209912210702896,0.0005262959748506546,0.0,-0.009105317294597626,1.076256275177002,0.7396297403400407,6.918727874755859,1.8333978652954102,6.909623146057129,2.1092123985290527,6.7545671463012695,4.19575047492981,,,,,,
8789940000.0,130.98,8.0,6391222784.0,2414.390860603738,4651.0,0.0677490234375,76218368.0,159742.3175225258,0.0012317595537751913,0.00640869140625,2.026183843612671,-0.020252056419849396,0.5668069124221802,-0.020261839032173157,9.782612323760986e-06,0.0,-0.016918469220399857,1.068726658821106,0.7282389409296355,6.731534004211426,1.788861632347107,6.714615345001221,2.0500905513763428,6.7859766483306885,4.204636573791504,,,,,,
8789940000.0,97.17,8.300000190734863,6391222784.0,2451.20354710973,4652.0,0.07568359375,76234752.0,159749.0015859604,0.0015674750320613384,0.01031494140625,2.0289862155914307,-0.020305009558796883,0.6270793676376343,-0.020289862528443336,-1.5146215446293354e-05,0.0,-0.019702162593603134,1.120353102684021,0.7328546873402251,6.804489612579346,1.8794313669204712,6.784787178039551,2.167609214782715,6.68406343460083,4.189168691635132,,,,,,
8789940000.0,119.44,7.699999809265137,6391222784.0,2426.9702847505537,4653.0,0.062255859375,76251136.0,159755.75238966942,0.0007915452006272972,0.00311279296875,2.04120135307312,-0.020319350063800812,0.5860589742660522,-0.020412012934684753,9.266193956136703e-05,0.0,-0.04828247055411339,1.082024097442627,0.7332989713480339,6.559247016906738,1.8025752305984497,6.510964393615723,2.0951943397521973,6.750803709030151,4.206585884094238,,,,,,
8789940000.0,111.83,8.5,6391222784.0,2429.155544093097,4654.0,0.0616455078125,76267520.0,159762.4971203804,0.0013985405676066875,0.00982666015625,2.0607948303222656,-0.020679831504821777,0.40747714042663574,-0.020607946440577507,-7.18832015991211e-05,0.0,0.00998558010905981,0.9028051495552063,0.8043347485838563,6.4868927001953125,1.781545877456665,6.496878147125244,2.04097318649292,6.744730710983276,4.199295520782471,,,,,,
8789940000.0,132.91,8.100000381469727,6391222784.0,2419.747939219638,4655.0,0.0555419921875,76283904.0,159769.2680735588,0.0010365245398133993,0.00482177734375,2.0344021320343018,-0.020406978204846382,0.5157963037490845,-0.020344020798802376,-6.295740604400635e-05,0.0,-0.022593112662434578,1.0152844190597534,0.7530959275942546,6.39960241317749,1.7761054039001465,6.377009391784668,2.043260097503662,6.770953178405762,4.170773983001709,,,,,,
8789940000.0,137.01,8.199999809265137,6391222784.0,2370.461886083813,4656.0,0.0592041015625,76300288.0,159776.1798067093,0.0011801653308793902,0.0076904296875,2.048758029937744,-0.02014286443591118,0.44077068567276,-0.020487580448389053,0.0003447188064455986,0.0,0.0074751414358615875,0.9408807158470154,0.7928831400790037,6.266651630401611,1.8096230030059814,6.2741265296936035,2.067410945892334,6.911733150482178,4.2085254192352295,,,,,,
8789940000.0,118.88,8.0,6391222784.0,2408.736993606248,4657.0,0.0689697265625,76316672.0,159782.98171162605,0.00111819664016366,0.007568359375,2.018949270248413,-0.01949605904519558,0.6370906829833984,-0.020189492031931877,0.0006934329867362976,0.0,-0.024347610771656036,1.127197504043579,0.7287597567103457,6.599847793579102,1.8765653371810913,6.57550048828125,2.164327621459961,6.801904916763306,4.220270156860352,,,,,,
8789940000.0,93.81,9.199999809265137,6391222784.0,2411.817149456098,4658.0,0.072021484375,76333056.0,159789.7749297619,0.002709663473069668,0.02081298828125,2.027134895324707,-0.02057165652513504,0.4488637447357178,-0.02027134783565998,-0.00030030589550733566,0.0,0.04781767725944519,0.9481052756309509,0.7969868256380943,6.5690083503723145,1.8681012392044067,6.616826057434082,2.1042354106903076,6.79321813583374,4.24307107925415,,,,,,
8789940000.0,118.99,8.300000190734863,6391222784.0,2357.4208116011237,4659.0,0.0653076171875,76349440.0,159796.7248980999,0.0011198681313544512,0.006591796875,2.0062334537506104,-0.019758140668272972,0.5106807351112366,-0.020062332972884178,0.00030419789254665375,0.0,-0.0027105838526040316,1.0012521743774414,0.7860309885200978,6.579010963439941,1.904236078262329,6.576300144195557,2.164552927017212,6.949968338012695,4.212983131408691,,,,,,
8789940000.0,98.9,8.5,6391222784.0,2405.3757033642332,4660.0,0.0732421875,76365824.0,159803.53630805016,0.0010447121458128095,0.00665283203125,2.0018258094787598,-0.019565308466553688,0.50919109582901,-0.020018255338072777,0.00045295245945453644,0.0,0.00611072825267911,1.0054560899734497,0.7769072634632115,6.674758434295654,1.895572304725647,6.680869102478027,2.1287286281585693,6.811409950256348,4.252018928527832,,,,,,
8789940000.0,131.57,7.599999904632568,6391222784.0,2387.253827286498,4661.0,0.06591796875,76382208.0,159810.39942407608,0.0013060953933745623,0.0101318359375,1.987809658050537,-0.019774599000811577,0.630193293094635,-0.019878096878528595,0.00010350113734602928,0.0,-0.09263726323843002,1.1200045347213745,0.7526692135899625,6.720815658569336,1.93699049949646,6.628178596496582,2.2520642280578613,6.863116025924683,4.3015711307525635,,,,,,
8789940000.0,125.02,8.199999809265137,6391222784.0,2372.024039362644,4662.0,0.0677490234375,76398592.0,159817.30660533905,0.0016162991523742676,0.011474609375,2.0180017948150635,-0.01955847255885601,0.5113786458969116,-0.02018001861870289,0.0006215479224920273,0.0,0.04206913337111473,1.0098048448562622,0.7663399369671247,6.57719612121582,1.8339227437973022,6.619265556335449,2.0890324115753174,6.907181262969971,4.243308782577515,,,,,,
8789940000.0,113.29,8.199999809265137,6391222784.0,2395.6337198750775,4663.0,0.069580078125,76414976.0,159824.145714283,0.001178072765469551,0.00860595703125,2.0346877574920654,-0.020439622923731804,0.4745050072669983,-0.020346878096461296,-9.274575859308243e-05,0.0,0.01968153938651085,0.9732030630111694,0.787139367590673,6.524441242218018,1.8537172079086304,6.54412317276001,2.109386444091797,6.839108943939209,4.226150989532471,,,,,,
8789940000.0,142.2,7.900000095367432,6391222784.0,2422.5000904566728,4664.0,0.0592041015625,76431360.0,159830.90897512436,0.0013643892016261816,0.00836181640625,2.0294363498687744,-0.019908443093299866,0.5073705315589905,-0.02029436267912388,0.000385921448469162,0.0,-0.058427441865205765,1.0052038431167603,0.7858271586641099,6.515246391296387,1.925657868385315,6.456818580627441,2.1720592975616455,6.763260841369629,4.1843202114105225,,,,,,
8789940000.0,149.94,8.0,6391222784.0,2406.605746578423,4665.0,0.0531005859375,76447744.0,159837.71690368652,0.0013930043205618858,0.00946044921875,2.053116798400879,-0.019866876304149628,0.4491650462150574,-0.020531170070171356,0.0006642928346991539,0.0,-0.02793879434466362,0.9507505893707275,0.7896827838223994,6.425599098205566,1.8349982500076294,6.397660255432129,2.073141098022461,6.807928562164307,4.2377769947052,,,,,,
8789940000.0,138.16,7.199999809265137,6391222784.0,2378.320129587594,4666.0,0.04638671875,76464128.0,159844.605799675,0.001501584891229868,0.00909423828125,2.0506210327148438,-0.02104077860713005,0.4820631146430969,-0.02050621062517166,-0.0005345717072486877,0.0,-0.10769679397344589,0.9784969091415405,0.7902068153608375,6.33979606628418,1.888935923576355,6.232099533081055,2.136308431625366,6.8888959884643555,4.295072793960571,,,,,,
8789940000.0,138.51,8.199999809265137,6391222784.0,2378.350749878382,4667.0,0.0567626953125,76480512.0,159851.49460697174,0.0017544791335240006,0.01214599609375,2.0508618354797363,-0.019725050777196884,0.4661524295806885,-0.020508617162704468,0.0007835645228624344,0.0,0.02288168855011463,0.9650818109512329,0.7925477589270022,6.414994716644287,1.8911333084106445,6.4378767013549805,2.1188738346099854,6.88880729675293,4.206146955490112,,,,,,
8789940000.0,131.12,8.300000190734863,6391222784.0,2381.900301462419,4668.0,0.0592041015625,76496896.0,159858.37314844131,0.0024355181958526373,0.01947021484375,2.074558734893799,-0.020067591220140457,0.4079679846763611,-0.02074558660387993,0.0006779953837394714,0.0,-0.0012277713976800442,0.9011434316635132,0.8157484386310985,6.267908096313477,1.8956354856491089,6.2666802406311035,2.099367141723633,6.878541469573975,4.210724592208862,,,,,,
8789940000.0,173.22,7.599999904632568,6391222784.0,2404.3584694854253,4669.0,0.0445556640625,76513280.0,159865.18744015694,0.0027784775011241436,0.02874755859375,2.0454297065734863,-0.020508434623479843,0.46392619609832764,-0.020454294979572296,-5.4137781262397766e-05,0.0,-0.07825490832328796,0.9638033509254456,0.7687334944217804,6.163609027862549,1.7779055833816528,6.085354328155518,2.0041580200195312,6.814291715621948,4.199917554855347,,,,,,
8789940000.0,132.93,8.300000190734863,6391222784.0,2356.374963009912,4670.0,0.05126953125,76529664.0,159872.14049315453,0.0018153921701014042,0.01531982421875,2.037323236465454,-0.019206000491976738,0.37332385778427124,-0.020373230800032616,0.0011672275140881538,0.0,0.016541652381420135,0.8623942732810974,0.8111612964503861,6.151341915130615,1.757721185684204,6.167883396148682,1.9845424890518188,6.953052997589111,4.292253732681274,,,,,,
8789940000.0,157.07,7.900000095367432,6391222784.0,2338.367351733212,4671.0,0.0506591796875,76546048.0,159879.14709115028,0.001588121522217989,0.01519775390625,1.9814411401748657,-0.019213907420635223,0.5007399320602417,-0.01981440931558609,0.0006005056202411652,0.0,-0.015269852243363857,1.0006262063980103,0.7617710113748012,6.213580131530762,1.8317052125930786,6.198310375213623,2.050098180770874,7.006597995758057,4.354992866516113,,,,,,
,,,,,,,,,,,,,,,,,,,,,,,,,,0.03152129054069519,0.5599524974822998,0.5273745656013489,0.03152129054069519,0.5599524974822998,0.5273745656013489
,,,,,,,,,,,,,,,,,,,,,,,,,,0.02762443572282791,0.5114824771881104,0.4892224967479706,0.02762443572282791,0.5114824771881104,0.4892224967479706
,,,,,,,,,,,,,,,,,,,,,,,,,,0.02598665840923786,0.4861255884170532,0.46172580122947693,0.02598665840923786,0.4861255884170532,0.46172580122947693
,,,,,,,,,,,,,,,,,,,,,,,,,,0.024615615606307983,0.4637329578399658,0.4449412524700165,0.024615615606307983,0.4637329578399658,0.4449412524700165
,,,,,,,,,,,,,,,,,,,,,,,,,,0.0246783047914505,0.4489750862121582,0.4330052137374878,0.0246783047914505,0.4489750862121582,0.4330052137374878
,,,,,,,,,,,,,,,,,,,,,,,,,,0.02467174641788006,0.43309125304222107,0.4168323278427124,0.02467174641788006,0.43309125304222107,0.4168323278427124
8789940000.0,148.06,8.199999809265137,6188634112.0,18.6150290641219,4672.0,0.06591796875,76562432.0,160759.2961332798,0.001302761142142117,0.0081787109375,1.9935213327407837,-0.019984036684036255,0.49794384837150574,-0.019935211166739464,-4.8826914280653e-05,0.0,-0.007081666029989719,0.9908343553543091,0.7783777617254974,6.559216499328613,1.8343802690505981,6.552134990692139,2.1047215461730957,880.1490421295166,4.2333152294158936,,,,,,
8789940000.0,155.12,8.100000381469727,6391222784.0,2419.8458426735388,4673.0,0.0543212890625,76578816.0,160766.06681251526,0.0006454393733292818,0.00347900390625,2.009622812271118,-0.02003767341375351,0.48771798610687256,-0.020096225664019585,5.855131894350052e-05,0.0,0.03648540377616882,0.9820178747177124,0.7483929845293809,6.388115882873535,1.7368462085723877,6.4246015548706055,1.9577525854110718,6.770679235458374,4.199881553649902,,,,,,
8789940000.0,158.51,8.300000190734863,6391222784.0,2432.502126632593,4674.0,0.0634765625,76595200.0,160772.80226397514,0.0007810376700945199,0.00299072265625,1.989013433456421,-0.019359486177563667,0.4883042573928833,-0.019890135154128075,0.0005306513048708439,0.0,-0.003958138171583414,0.987445056438446,0.7734806739137655,6.534624099731445,1.8622052669525146,6.530666351318359,2.0747246742248535,6.7354514598846436,4.189405679702759,,,,,,
8789940000.0,131.97,8.5,6391222784.0,2414.0522777680567,4675.0,0.0714111328125,76611584.0,160779.58919239044,0.0008744706865400076,0.00604248046875,1.9580795764923096,-0.019298680126667023,0.5723615884780884,-0.019580794498324394,0.00028211623430252075,0.0,0.018426235765218735,1.067730188369751,0.7486898176969545,6.713251113891602,1.8696860074996948,6.731677055358887,2.1298863887786865,6.786928415298462,4.197869777679443,,,,,,
8789940000.0,115.32,8.699999809265137,6391222784.0,2407.6272451724203,4676.0,0.057373046875,76627968.0,160786.39423251152,0.000866985647007823,0.00665283203125,1.953827142715454,-0.01974189095199108,0.43224015831947327,-0.0195382721722126,-0.00020361877977848053,0.0,0.019915221258997917,0.9318553805351257,0.7828043859485629,6.365512847900391,1.8149007558822632,6.385427474975586,1.9995062351226807,6.805040121078491,4.195017576217651,,,,,,
8789940000.0,123.68,8.300000190734863,6391222784.0,2458.7702640242746,4677.0,0.0634765625,76644352.0,160793.0577261448,0.0012527692597359419,0.00921630859375,1.964623212814331,-0.019240234047174454,0.4801451861858368,-0.019646231085062027,0.00040599796921014786,0.0,0.009904423728585243,0.9798963665962219,0.7750366982874501,6.506527423858643,1.8115566968917847,6.51643180847168,2.0659713745117188,6.663493633270264,4.166352272033691,,,,,,
8789940000.0,120.5,7.800000190734863,6391222784.0,2473.4085584474997,4678.0,0.0665283203125,76660736.0,160799.68178343773,0.001021429430693388,0.00592041015625,2.007671594619751,-0.02036774344742298,0.5703194737434387,-0.02007671631872654,-0.00029102712869644165,0.0,-0.056784097105264664,1.064602017402649,0.7419945687642284,6.689352989196777,1.7920774221420288,6.632568836212158,2.0959110260009766,6.624057292938232,4.177920818328857,,,,,,
8789940000.0,119.93,8.5,6391222784.0,2476.652783177777,4679.0,0.074462890625,76677120.0,160806.2971637249,0.0019372194074094296,0.015625,2.0148534774780273,-0.019973238930106163,0.5005447268486023,-0.020148534327745438,0.00017530005425214767,0.0,0.04167013242840767,0.9998570084571838,0.7716518212490605,6.847317695617676,1.8296676874160767,6.8889875411987305,2.0923714637756348,6.61538028717041,4.207803964614868,,,,,,
8789940000.0,114.96,7.900000095367432,6391222784.0,2488.2165190664846,4680.0,0.0689697265625,76693504.0,160812.88179969788,0.00250600790604949,0.021240234375,2.0052645206451416,-0.01882961578667164,0.5902498364448547,-0.020052645355463028,0.0012230314314365387,0.0,-0.03585996478796005,1.0779297351837158,0.7473769386204717,6.685049057006836,1.875089168548584,6.649188995361328,2.1446373462677,6.584635972976685,4.192616939544678,,,,,,
8789940000.0,122.61,8.600000381469727,6391222784.0,2430.6164339218167,4681.0,0.072021484375,76709888.0,160819.62247657776,0.0030547725036740303,0.026123046875,1.9865455627441406,-0.018452532589435577,0.577133297920227,-0.019865455105900764,0.0014129262417554855,0.0,0.034644559025764465,1.070831060409546,0.7505135399903461,6.734164237976074,1.896440863609314,6.768808364868164,2.143864393234253,6.7406768798828125,4.166070461273193,,,,,,
8789940000.0,83.0,9.199999809265137,6391222784.0,2398.5833149825653,4682.0,0.08544921875,76726272.0,160826.45317530632,0.0009097797446884215,0.00579833984375,1.9514803886413574,-0.01955265738070011,0.47816357016563416,-0.01951480284333229,-3.785267472267151e-05,0.0,0.08926517516374588,0.9746768474578857,0.7805957170096026,6.770219326019287,1.880598783493042,6.859484672546387,2.080836534500122,6.830698728561401,4.175987243652344,,,,,,
8789940000.0,103.5,8.399999618530273,6391222784.0,2404.361666191937,4683.0,0.076904296875,76742656.0,160833.26745796204,0.0008428085711784661,0.004638671875,1.9714863300323486,-0.019855771213769913,0.4949387013912201,-0.01971486210823059,-0.0001409091055393219,0.0,0.007090468425303698,0.9950588941574097,0.7836412947344202,6.691849231719971,1.8883311748504639,6.698939323425293,2.139249801635742,6.814282655715942,4.188783645629883,,,,,,
8789940000.0,119.3,8.100000381469727,6391222784.0,2434.123179118011,4684.0,0.0738525390625,76759040.0,160839.99842381477,0.0009134808205999434,0.0045166015625,1.9578794240951538,-0.019280582666397095,0.6177274584770203,-0.01957879588007927,0.0002982085570693016,0.0,-0.029749004170298576,1.1105021238327026,0.7293273201178084,6.802872657775879,1.8575870990753174,6.7731242179870605,2.1345057487487793,6.730965852737427,4.179691553115845,,,,,,
8789940000.0,98.42,9.0,6391222784.0,2492.447494209785,4685.0,0.08544921875,76775424.0,160846.57188224792,0.0009154444560408592,0.00482177734375,1.9740073680877686,-0.019784608855843544,0.5586678385734558,-0.019740073010325432,-4.453898873180151e-05,0.0,0.06056642532348633,1.0559977293014526,0.7531232877094478,6.859681606292725,1.8829903602600098,6.920248031616211,2.1253128051757812,6.573458433151245,4.184277057647705,,,,,,
8789940000.0,113.07,8.800000190734863,6391222784.0,2453.3874868716707,4686.0,0.0732421875,76791808.0,160853.24999570847,0.0008886252180673182,0.00555419921875,2.0078275203704834,-0.02026362717151642,0.4715159833431244,-0.020078275352716446,-0.0001853490248322487,0.0,0.018104737624526024,0.9672561883926392,0.7787251595227218,6.81376314163208,1.8492100238800049,6.8318681716918945,2.0562479496002197,6.6781134605407715,4.194789409637451,,,,,,
8789940000.0,138.98,7.900000095367432,6391222784.0,2458.3142016340257,4687.0,0.050048828125,76808192.0,160859.91472554207,0.000862735090777278,0.0050048828125,2.028096914291382,-0.020058155059814453,0.5331695079803467,-0.02028096839785576,0.00022281520068645477,0.0,-0.03793711960315704,1.0289579629898071,0.7059590888465,6.498081207275391,1.6848680973052979,6.46014404296875,1.8975536823272705,6.664729833602905,4.200515985488892,,,,,,
8789940000.0,122.02,8.399999618530273,6391222784.0,2419.726467980916,4688.0,0.0665283203125,76824576.0,160866.68573880196,0.0007319303113035858,0.0025634765625,2.008747100830078,-0.019686657935380936,0.48694857954978943,-0.0200874712318182,0.0004008107353001833,0.0,-0.005472328048199415,0.9869253635406494,0.7731970966944832,6.744855880737305,1.832546591758728,6.739383697509766,2.0723345279693604,6.771013259887695,4.185618162155151,,,,,,
8789940000.0,118.04,7.699999809265137,6391222784.0,2387.463744322087,4689.0,0.064697265625,76840960.0,160873.54825139046,0.001193782314658165,0.007080078125,2.008596420288086,-0.019900184124708176,0.5909036993980408,-0.02008596435189247,0.00018578115850687027,0.0,-0.08556577563285828,1.0859647989273071,0.738095915533997,6.635838508605957,1.8220007419586182,6.5502729415893555,2.1219961643218994,6.862512588500977,4.2297117710113525,,,,,,
8789940000.0,149.92,8.5,6391222784.0,2440.6184776043315,4690.0,0.0604248046875,76857344.0,160880.26130390167,0.0007875673472881317,0.003173828125,2.045030117034912,-0.020512057468295097,0.37365657091140747,-0.020450303331017494,-6.175599992275238e-05,0.0,-0.028874900192022324,0.8688315749168396,0.8045050147143297,6.397371292114258,1.736261248588562,6.368495941162109,1.9650232791900635,6.71305251121521,4.185255289077759,,,,,,
8789940000.0,115.68,8.5,6391222784.0,2434.8026055562464,4691.0,0.0494384765625,76873728.0,160886.99039149284,0.0012344534043222666,0.00872802734375,2.0302300453186035,-0.01999903842806816,0.38362452387809753,-0.020302297547459602,0.0003032609820365906,0.0,0.011903880164027214,0.8734418153762817,0.785722786463034,6.168885231018066,1.6508851051330566,6.180788993835449,1.886886715888977,6.729087591171265,4.1928582191467285,,,,,,
8789940000.0,141.31,7.699999809265137,6391222784.0,2438.298089604447,4692.0,0.040283203125,76890112.0,160893.7098324299,0.0012244218960404396,0.00732421875,2.061826467514038,-0.02015836536884308,0.38668325543403625,-0.020618267357349396,0.0004599005915224552,0.0,-0.08177972584962845,0.8768846392631531,0.7783461271414495,6.10952615737915,1.634519100189209,6.027746200561523,1.8625363111495972,6.719440937042236,4.212805509567261,,,,,,
8789940000.0,201.3,8.0,6391222784.0,2437.9157512055394,4693.0,0.052490234375,76906496.0,160900.43032717705,0.0007104109972715378,0.003173828125,2.076021194458008,-0.020787978544831276,0.41422775387763977,-0.02076021209359169,-2.7766451239585876e-05,0.0,-0.017773009836673737,0.9081647396087646,0.7955849512510108,6.177000999450684,1.7438359260559082,6.1592278480529785,2.008667469024658,6.720494747161865,4.243303298950195,,,,,,
8789940000.0,169.88,7.199999809265137,6391222784.0,2467.0197562686544,4694.0,0.05126953125,76922880.0,160907.07153868675,0.0007176848012022674,0.0029296875,2.1069231033325195,-0.02080782875418663,0.5964332222938538,-0.021069232374429703,0.0002614036202430725,0.0,-0.09329584985971451,1.089221715927124,0.7111171314211494,6.15897274017334,1.7412110567092896,6.065676689147949,2.0265402793884277,6.64121150970459,4.191911697387695,,,,,,
8789940000.0,146.81,8.199999809265137,6391222784.0,2360.0779991111863,4695.0,0.0494384765625,76939264.0,160914.013682127,0.0016832692781463265,0.01324462890625,2.125701904296875,-0.020165706053376198,0.4045586585998535,-0.02125701680779457,0.0010913126170635223,0.0,0.0125123867765069,0.8975949287414551,0.7821536869089392,6.182783603668213,1.7182344198226929,6.195296287536621,1.923116683959961,6.942143440246582,4.454070091247559,,,,,,
8789940000.0,147.83,8.100000381469727,6391222784.0,2453.113274545982,4696.0,0.062255859375,76955648.0,160920.6925420761,0.0010045708622783422,0.00555419921875,2.086453914642334,-0.0202077254652977,0.4887579679489136,-0.020864538848400116,0.0006568199023604393,0.0,0.06085706129670143,0.9883503913879395,0.7639173034816191,6.353077411651611,1.766438364982605,6.413934707641602,2.0341317653656006,6.6788599491119385,4.221684217453003,,,,,,
8789940000.0,139.11,7.699999809265137,6391222784.0,2433.9963569115894,4697.0,0.054931640625,76972032.0,160927.42385864258,0.0012888748897239566,0.01165771484375,2.0921807289123535,-0.020316539332270622,0.5118896961212158,-0.020921804010868073,0.0006052665412425995,0.0,-0.036129772663116455,1.0080050230026245,0.7687733554121543,6.357048034667969,1.8272947072982788,6.320918083190918,2.096252679824829,6.731316566467285,4.236851453781128,,,,,,
8789940000.0,143.57,7.699999809265137,6391222784.0,2384.8347762642165,4698.0,0.0665283203125,76988416.0,160934.2939362526,0.0007508036214858294,0.00433349609375,2.0378916263580322,-0.020600827410817146,0.5397996306419373,-0.02037891373038292,-0.00022191181778907776,0.0,-0.01702931523323059,1.0432982444763184,0.7713859833297882,6.537520408630371,1.9179794788360596,6.520491600036621,2.182011127471924,6.870077610015869,4.288069486618042,,,,,,
8789940000.0,106.38,8.199999809265137,6391222784.0,2400.9041868426375,4699.0,0.06103515625,77004800.0,160941.1180319786,0.0019497208995744586,0.015869140625,2.0329155921936035,-0.019572783261537552,0.4875725507736206,-0.020329153165221214,0.0007563717663288116,0.0,-0.004361276514828205,0.9857394695281982,0.7788608225440488,6.20681619644165,1.8535789251327515,6.202455043792725,2.096184015274048,6.824095726013184,4.2006988525390625,,,,,,
8789940000.0,129.78,8.199999809265137,6391222784.0,2377.172437568826,4700.0,0.059814453125,77021184.0,160948.01025390625,0.0017149848863482475,0.0140380859375,2.037480354309082,-0.020104866474866867,0.4713928997516632,-0.020374804735183716,0.0002699359320104122,0.0,0.017637522891163826,0.9715228080749512,0.7766137786161326,6.050730228424072,1.8110191822052002,6.0683674812316895,2.0555360317230225,6.892221927642822,4.230140924453735,,,,,,
8789940000.0,130.38,7.199999809265137,6391222784.0,2426.822609429097,4701.0,0.0653076171875,77037568.0,160954.7614684105,0.00230592442676425,0.0157470703125,2.024561643600464,-0.019966216757893562,0.6398816108703613,-0.020245615392923355,0.0002793986350297928,0.0,-0.027252569794654846,1.1327319145202637,0.7457684353524585,6.235043525695801,1.9550554752349854,6.207790851593018,2.246530055999756,6.751214504241943,4.197958469390869,,,,,,
8789940000.0,149.18,7.5,6391222784.0,2382.4225225234595,4702.0,0.0634765625,77053952.0,160961.63850212097,0.0033089881762862206,0.0296630859375,2.096975803375244,-0.01905662752687931,0.5509448647499084,-0.020969757810235023,0.0019131321460008621,0.0,-0.0645713061094284,1.049932599067688,0.7811786273162326,6.19894552230835,1.9427399635314941,6.134374618530273,2.24448561668396,6.877033710479736,4.340784549713135,,,,,,
8789940000.0,105.91,8.0,6391222784.0,2408.8857691851317,4703.0,0.059814453125,77070336.0,160968.4399869442,0.002081763930618763,0.01812744140625,2.054434061050415,-0.01996259018778801,0.4838103652000427,-0.020544342696666718,0.000581753090955317,0.0,0.006379063241183758,0.9818550944328308,0.7963588932003112,6.1982340812683105,1.8827602863311768,6.204612731933594,2.1757771968841553,6.801484823226929,4.226205825805664,,,,,,
,,,,,,,,,,,,,,,,,,,,,,,,,,0.027292639017105103,0.5388521552085876,0.4985983371734619,0.027292639017105103,0.5388521552085876,0.4985983371734619
,,,,,,,,,,,,,,,,,,,,,,,,,,0.025317300111055374,0.4898926019668579,0.4682309627532959,0.025317300111055374,0.4898926019668579,0.4682309627532959
,,,,,,,,,,,,,,,,,,,,,,,,,,0.024296380579471588,0.46515342593193054,0.44566822052001953,0.024296380579471588,0.46515342593193054,0.44566822052001953
,,,,,,,,,,,,,,,,,,,,,,,,,,0.024135131388902664,0.4473429322242737,0.4309183657169342,0.024135131388902664,0.4473429322242737,0.4309183657169342
,,,,,,,,,,,,,,,,,,,,,,,,,,0.02407512441277504,0.43049681186676025,0.41646304726600647,0.02407512441277504,0.43049681186676025,0.41646304726600647
,,,,,,,,,,,,,,,,,,,,,,,,,,0.023666415363550186,0.41653406620025635,0.40146127343177795,0.023666415363550186,0.41653406620025635,0.40146127343177795
8789940000.0,132.03,7.900000095367432,6188634112.0,18.60032595386858,4704.0,0.0640869140625,77086720.0,161849.28476572037,0.0005974129890091717,0.00238037109375,2.073978900909424,-0.020283836871385574,0.6397148370742798,-0.020739790052175522,0.00045595504343509674,0.0,-0.03994915261864662,1.1323051452636719,0.7366451091491453,6.545221328735352,1.9054988622665405,6.505272388458252,2.206444025039673,880.8447787761688,4.347427845001221,,,,,,
8789940000.0,103.61,7.900000095367432,6391222784.0,2446.9961268656084,4705.0,0.0701904296875,77103104.0,161855.98032188416,0.0005006472929380834,0.001220703125,2.093970775604248,-0.020853932946920395,0.6068913340568542,-0.02093970775604248,8.57701525092125e-05,0.0,-0.039544157683849335,1.1019760370254517,0.7400384875727123,6.652150630950928,1.9088932275772095,6.612606525421143,2.1613125801086426,6.695556163787842,4.183015584945679,,,,,,
8789940000.0,130.32,8.100000381469727,6391222784.0,2414.400361291485,4706.0,0.0537109375,77119488.0,161862.7662718296,0.0005023394478484988,0.0013427734375,2.1488070487976074,-0.02220408245921135,0.484088271856308,-0.021488072350621223,-0.0007160119712352753,0.0,-0.013965630903840065,0.9834515452384949,0.7586255355261966,6.405185699462891,1.7845027446746826,6.391220569610596,2.001739025115967,6.785949945449829,4.229790687561035,,,,,,
8789940000.0,140.61,8.199999809265137,6391222784.0,2394.187457246949,4707.0,0.062255859375,77135872.0,161869.60951209068,0.0005207875510677695,0.001708984375,2.1284284591674805,-0.020730450749397278,0.46841108798980713,-0.021284285932779312,0.0005538342520594597,0.0,0.0406108982861042,0.9693579077720642,0.7902273075927617,6.405326843261719,1.8670539855957031,6.4459381103515625,2.1164584159851074,6.843240261077881,4.187275648117065,,,,,,
8789940000.0,145.61,7.800000190734863,6391222784.0,2408.9575460416045,4708.0,0.0616455078125,77152256.0,161876.41079425812,0.00045501673594117165,0.00115966796875,2.145185947418213,-0.02100067213177681,0.5353800058364868,-0.021451856940984726,0.0004511876031756401,0.0,-0.04607774317264557,1.0324461460113525,0.7787872931163123,6.261822700500488,1.919207215309143,6.215744972229004,2.195141315460205,6.801282167434692,4.173915386199951,,,,,,
8789940000.0,125.67,8.199999809265137,6391222784.0,2398.9490601699895,4709.0,0.0579833984375,77168640.0,161883.24045157433,0.0006947320071049035,0.0030517578125,2.138216018676758,-0.021294761449098587,0.46007147431373596,-0.021382160484790802,8.74008983373642e-05,0.0,0.0015434882370755076,0.9607164263725281,0.7959774462791078,6.174140930175781,1.904911756515503,6.175684928894043,2.126945972442627,6.829657316207886,4.188502550125122,,,,,,
8789940000.0,130.0,8.0,6391222784.0,2421.366279575151,4710.0,0.0537109375,77185024.0,161890.00687932968,0.0010663646971806884,0.0059814453125,2.1089277267456055,-0.02092205360531807,0.5078845024108887,-0.021089278161525726,0.00016723014414310455,0.0,0.00918375514447689,0.9995751976966858,0.7747245301027382,6.268177032470703,1.8665313720703125,6.277360916137695,2.106001377105713,6.766427755355835,4.2049713134765625,,,,,,
8789940000.0,139.94,8.0,6391222784.0,2439.6897926428946,4711.0,0.0653076171875,77201408.0,161896.72248721123,0.0007939999923110008,0.00494384765625,2.1009597778320312,-0.021049192175269127,0.5178914070129395,-0.021009597927331924,-3.9594247937202454e-05,0.0,-0.014146354049444199,1.0154277086257935,0.7853881175801203,6.439303398132324,1.9536632299423218,6.425156593322754,2.191906213760376,6.7156078815460205,4.173159122467041,,,,,,
8789940000.0,148.44,7.400000095367432,6391222784.0,2426.2070749612603,4712.0,0.0567626953125,77217792.0,161903.47541451454,0.0007096017943695188,0.00225830078125,2.135730266571045,-0.021296966820955276,0.5723313093185425,-0.021357305347919464,6.033643148839474e-05,0.0,-0.061845533549785614,1.0679411888122559,0.7481482574587177,6.276184558868408,1.8425967693328857,6.214339256286621,2.128016710281372,6.752927303314209,4.171321153640747,,,,,,
8789940000.0,136.5,7.900000095367432,6391222784.0,2421.8977572851586,4713.0,0.0634765625,77234176.0,161910.240357399,0.000659245066344738,0.00164794921875,2.1365909576416016,-0.02132788673043251,0.5494883060455322,-0.021365908905863762,3.8022641092538834e-05,0.0,0.030794722959399223,1.0470209121704102,0.7688198596540319,6.331664085388184,1.902586817741394,6.3624587059021,2.177610158920288,6.76494288444519,4.188983917236328,,,,,,
8789940000.0,142.04,8.300000190734863,6391222784.0,2412.981600524062,4714.0,0.0506591796875,77250560.0,161917.03029727936,0.0006004153983667493,0.0013427734375,2.1443257331848145,-0.02127983793616295,0.4394146203994751,-0.021443255245685577,0.0001634182408452034,0.0,0.029667928814888,0.935563862323761,0.7943443215653856,6.38922643661499,1.8586348295211792,6.418894290924072,2.063018321990967,6.789939880371094,4.1768858432769775,,,,,,
8789940000.0,132.05,8.100000381469727,6391222784.0,2406.934234749677,4715.0,0.067138671875,77266944.0,161923.83729672432,0.0006720568053424358,0.00140380859375,2.1386544704437256,-0.02133670635521412,0.5047376751899719,-0.021386543288826942,4.983600229024887e-05,0.0,0.022588564082980156,1.0029791593551636,0.7996195448331189,6.612867832183838,2.004251003265381,6.635456562042236,2.2406005859375,6.806999444961548,4.188565015792847,,,,,,
8789940000.0,106.35,8.199999809265137,6391222784.0,2423.1875686992307,4716.0,0.0750732421875,77283328.0,161930.59863877296,0.0007141902460716665,0.00213623046875,2.153653860092163,-0.021607574075460434,0.540879487991333,-0.021536538377404213,-7.103290408849716e-05,0.0,-0.03260535001754761,1.0358630418777466,0.7938585853226638,6.6250200271606445,2.043760061264038,6.592414855957031,2.281496047973633,6.7613420486450195,4.1942057609558105,,,,,,
8789940000.0,124.66,8.5,6391222784.0,2446.2379491427814,4717.0,0.0653076171875,77299712.0,161937.29627013206,0.0004168578889220953,0.001953125,2.16796612739563,-0.021472524851560593,0.4294300675392151,-0.02167966030538082,0.00020713591948151588,0.0,0.012220878154039383,0.9249647259712219,0.811162918489962,6.503889083862305,1.922614574432373,6.516109943389893,2.128538131713867,6.697631359100342,4.176949739456177,,,,,,
8789940000.0,109.97,9.0,6391222784.0,2394.839177622971,4718.0,0.064697265625,77316096.0,161944.13764810562,0.0004761556629091501,0.00091552734375,2.1739447116851807,-0.021417757496237755,0.3685145378112793,-0.021739447489380836,0.00032169558107852936,0.0,0.039688967168331146,0.8512266278266907,0.8385763011246038,6.436354637145996,1.9469335079193115,6.476043701171875,2.118661880493164,6.8413779735565186,4.1908934116363525,,,,,,
8789940000.0,153.48,8.0,6391222784.0,2399.4347156922304,4719.0,0.05615234375,77332480.0,161950.9659230709,0.0009259446524083614,0.00592041015625,2.1416561603546143,-0.02140224166214466,0.497001588344574,-0.021416563540697098,1.4319142792373896e-05,0.0,-0.061127595603466034,0.9977413415908813,0.7658990827731913,6.35798454284668,1.8080968856811523,6.296856880187988,2.0621325969696045,6.828274965286255,4.186365127563477,,,,,,
8789940000.0,144.97,7.599999904632568,6391222784.0,2426.7389661462394,4720.0,0.0482177734375,77348864.0,161957.71737027168,0.0006115271244198084,0.0028076171875,2.137991428375244,-0.021248742938041687,0.49472570419311523,-0.02137991599738598,0.00013117212802171707,0.0,-0.03974121809005737,0.9936519861221313,0.7483578083028936,6.249268531799316,1.7466984987258911,6.209527015686035,1.9808090925216675,6.7514472007751465,4.204169273376465,,,,,,
8789940000.0,150.29,8.199999809265137,6391222784.0,2422.2230056047465,4721.0,0.052490234375,77365248.0,161964.48140478134,0.0010459100594744086,0.00457763671875,2.115910530090332,-0.021272078156471252,0.4666619896888733,-0.021159103140234947,-0.00011297687888145447,0.0,0.016836926341056824,0.9700278639793396,0.7514907621426815,6.315601348876953,1.7329537868499756,6.3324384689331055,1.9458669424057007,6.7640345096588135,4.195202589035034,,,,,,
8789940000.0,171.49,6.699999809265137,6391222784.0,2425.0886198426906,4722.0,0.0506591796875,77381632.0,161971.23744654655,0.0008304413640871644,0.00372314453125,2.1041603088378906,-0.020754918456077576,0.5302057862281799,-0.02104160189628601,0.00028668344020843506,0.0,-0.130337193608284,1.022783875465393,0.7507829778022123,6.159885406494141,1.7253831624984741,6.029548168182373,2.0487778186798096,6.756041765213013,4.182931423187256,,,,,,
8789940000.0,122.56,8.100000381469727,6391222784.0,2479.6688424675535,4723.0,0.05615234375,77398016.0,161977.8447804451,0.0006979023455642164,0.00213623046875,2.112718343734741,-0.02103685587644577,0.5075139999389648,-0.021127182990312576,9.032711386680603e-05,0.0,0.020673129707574844,1.0054301023483276,0.7636000644066587,6.029971122741699,1.7950795888900757,6.0506439208984375,2.0678927898406982,6.6073338985443115,4.2122204303741455,,,,,,
8789940000.0,113.81,8.100000381469727,6391222784.0,2452.083270984098,4724.0,0.0616455078125,77414400.0,161984.52644586563,0.0009677375783212483,0.0062255859375,2.114344835281372,-0.02071106992661953,0.5171036720275879,-0.02114344947040081,0.0004323776811361313,0.0,0.03405323252081871,1.0168205499649048,0.7726284965968576,6.093663215637207,1.8795974254608154,6.127716064453125,2.132436752319336,6.681665420532227,4.249187231063843,,,,,,
8789940000.0,139.08,8.199999809265137,6391222784.0,2459.2741083703563,4725.0,0.0592041015625,77430784.0,161991.18857431412,0.0006136756273917854,0.00213623046875,2.092134714126587,-0.02061624825000763,0.46024081110954285,-0.02092134580016136,0.0003050984814763069,0.0,0.03467839956283569,0.9613350033760071,0.7916374685329064,6.237914085388184,1.8526487350463867,6.272592544555664,2.106032609939575,6.662128448486328,4.199326753616333,,,,,,
8789940000.0,155.16,8.199999809265137,6391222784.0,2442.208621218448,4726.0,0.05859375,77447168.0,161997.89725589752,0.0007520444924011827,0.00311279296875,2.100663423538208,-0.02107279933989048,0.48943212628364563,-0.02100663259625435,-6.616557948291302e-05,0.0,0.01709018088877201,0.9878093600273132,0.7566237543968033,6.247016906738281,1.7948487997055054,6.264106750488281,2.0023226737976074,6.708681583404541,4.20017409324646,,,,,,
8789940000.0,113.16,7.800000190734863,6391222784.0,2410.6988110589896,4727.0,0.0543212890625,77463552.0,162004.69362545013,0.0008399789803661406,0.002685546875,2.097994804382324,-0.02088736742734909,0.47783035039901733,-0.020979946479201317,9.258021600544453e-05,0.0,-0.06708570569753647,0.9752156734466553,0.7878771702976917,6.1160969734191895,1.8579367399215698,6.04901123046875,2.117420196533203,6.796369552612305,4.2013983726501465,,,,,,
8789940000.0,152.7,7.900000095367432,6391222784.0,2378.0111721698045,4728.0,0.0518798828125,77479936.0,162011.58341646194,0.0012697968631982803,0.0069580078125,2.0609426498413086,-0.02052624523639679,0.5318082571029663,-0.020609427243471146,8.318200707435608e-05,0.0,0.027940800413489342,1.0327997207641602,0.7425879873448962,6.186319351196289,1.778440237045288,6.214260101318359,2.0356435775756836,6.889791011810303,4.330232620239258,,,,,,
8789940000.0,116.63,8.399999618530273,6391222784.0,2427.81974530592,4729.0,0.06591796875,77496320.0,162018.3318581581,0.0012428222689777613,0.00653076171875,2.0592870712280273,-0.020359814167022705,0.5274763703346252,-0.020592868328094482,0.00023305509239435196,0.0,0.03979694843292236,1.026584267616272,0.7637746906196792,6.372132301330566,1.8511077165603638,6.411929130554199,2.1121816635131836,6.748441696166992,4.186262130737305,,,,,,
8789940000.0,131.99,8.0,6391222784.0,2420.908378664941,4730.0,0.054931640625,77512704.0,162025.0995657444,0.0018728524446487427,0.01422119140625,2.071991443634033,-0.020322244614362717,0.5468195676803589,-0.02071991376578808,0.00039767101407051086,0.0,0.011807861737906933,1.0421725511550903,0.7282881530505791,6.296006679534912,1.7554049491882324,6.307814598083496,1.9993340969085693,6.767707586288452,4.1956048011779785,,,,,,
8789940000.0,179.22,7.800000190734863,6391222784.0,2396.852145185053,4731.0,0.047607421875,77529088.0,162031.93519806862,0.001200166530907154,0.00665283203125,2.086042881011963,-0.021005863323807716,0.43125542998313904,-0.020860426127910614,-0.00014543719589710236,0.0,-0.017796574160456657,0.9302484393119812,0.7837518685825037,6.154785633087158,1.7496614456176758,6.136989116668701,2.000427007675171,6.83563232421875,4.175422430038452,,,,,,
8789940000.0,138.59,8.399999618530273,6391222784.0,2360.4648507894562,4732.0,0.0579833984375,77545472.0,162038.8762037754,0.0011921238619834185,0.00738525390625,2.036442279815674,-0.019789181649684906,0.49119558930397034,-0.020364420488476753,0.0005752351135015488,0.0,0.06950090825557709,0.9886533617973328,0.7641700212144686,6.2820844650268555,1.8159767389297485,6.351585388183594,2.0358448028564453,6.941005706787109,4.265705108642578,,,,,,
8789940000.0,113.98,8.100000381469727,6391222784.0,2421.7275702779452,4733.0,0.067138671875,77561856.0,162045.6416220665,0.0009483517496846616,0.00482177734375,1.9696369171142578,-0.019587459042668343,0.5605878829956055,-0.019696369767189026,0.0001089116558432579,0.0,0.014576824381947517,1.0591456890106201,0.7607312755343844,6.473394870758057,1.8684715032577515,6.487971305847168,2.165273427963257,6.765418291091919,4.190425157546997,,,,,,
8789940000.0,123.06,8.199999809265137,6391222784.0,2400.1563583846323,4734.0,0.0665283203125,77578240.0,162052.4678440094,0.0009695183834992349,0.00604248046875,1.9885444641113281,-0.01881912536919117,0.51732337474823,-0.01988544501364231,0.001066325232386589,0.0,-0.029088623821735382,1.0160053968429565,0.7745322546612117,6.4558868408203125,1.884656310081482,6.4267988204956055,2.1397056579589844,6.826221942901611,4.25494647026062,,,,,,
8789940000.0,95.39,7.900000095367432,6391222784.0,2406.996284153679,4735.0,0.0738525390625,77594624.0,162059.2746679783,0.0012947225477546453,0.00885009765625,1.967041015625,-0.018480297178030014,0.6449612379074097,-0.019670410081744194,0.0011901110410690308,0.0,-0.05013475939631462,1.1342824697494507,0.7432904898595953,6.431840896606445,1.9405457973480225,6.381706237792969,2.2387218475341797,6.806823968887329,4.186384677886963,,,,,,
,,,,,,,,,,,,,,,,,,,,,,,,,,0.01883840188384056,0.531093955039978,0.4922962486743927,0.01883840188384056,0.531093955039978,0.4922962486743927
,,,,,,,,,,,,,,,,,,,,,,,,,,0.018373064696788788,0.4877285659313202,0.4662546217441559,0.018373064696788788,0.4877285659313202,0.4662546217441559
,,,,,,,,,,,,,,,,,,,,,,,,,,0.017982127144932747,0.4643597900867462,0.4431079924106598,0.017982127144932747,0.4643597900867462,0.4431079924106598
,,,,,,,,,,,,,,,,,,,,,,,,,,0.017963707447052002,0.44386956095695496,0.42592138051986694,0.017963707447052002,0.44386956095695496,0.42592138051986694
,,,,,,,,,,,,,,,,,,,,,,,,,,0.018470020964741707,0.4280513823032379,0.41090893745422363,0.018470020964741707,0.4280513823032379,0.41090893745422363
,,,,,,,,,,,,,,,,,,,,,,,,,,0.01855093240737915,0.41449084877967834,0.39755016565322876,0.01855093240737915,0.41449084877967834,0.39755016565322876
8789940000.0,144.14,8.0,6188634112.0,18.596635731540065,4736.0,0.0640869140625,77611008.0,162940.29423713684,0.00044861488277092576,0.001220703125,2.00041127204895,-0.020042628049850464,0.5621352195739746,-0.020004110410809517,-3.852415829896927e-05,0.0,0.006388877518475056,1.0579787492752075,0.7558434533350334,6.27856969833374,1.8508518934249878,6.284958362579346,2.1411283016204834,881.0195691585541,4.180708169937134,,,,,,
8789940000.0,138.04,8.199999809265137,6391222784.0,2440.365137655469,4737.0,0.0714111328125,77627392.0,162947.00798654556,0.0005314831505529583,0.00189208984375,1.9773929119110107,-0.019357681274414062,0.5708701610565186,-0.019773930311203003,0.0004162462428212166,0.0,0.06445382535457611,1.0661109685897827,0.7510917186337153,6.470911979675293,1.873896837234497,6.535366058349609,2.1368935108184814,6.713749408721924,4.188259124755859,,,,,,
8789940000.0,121.83,7.800000190734863,6391222784.0,2448.447242080378,4738.0,0.0738525390625,77643776.0,162953.69957447052,0.0015284346882253885,0.01055908203125,1.9677889347076416,-0.01921192556619644,0.5705965757369995,-0.019677888602018356,0.0004659639671444893,0.0,-0.003697627689689398,1.068552017211914,0.7819017482242512,6.580140590667725,1.990477442741394,6.576442718505859,2.2880709171295166,6.691587924957275,4.172611236572266,,,,,,
8789940000.0,88.2,8.199999809265137,6391222784.0,2421.4295019322603,4739.0,0.0872802734375,77660160.0,162960.4658255577,0.0007808158406987786,0.00372314453125,1.9374606609344482,-0.019275151193141937,0.6625711917877197,-0.019374605268239975,9.945407509803772e-05,0.0,0.0015771836042404175,1.1488878726959229,0.7494083365310757,6.72559118270874,2.048166036605835,6.727169036865234,2.29506254196167,6.766251087188721,4.208496570587158,,,,,,
8789940000.0,112.62,7.599999904632568,6391222784.0,2423.882875338141,4740.0,0.074462890625,77676544.0,162967.2252280712,0.0012030510697513819,0.0047607421875,1.9426952600479126,-0.019463256001472473,0.5906270742416382,-0.019426951184868813,-3.630155697464943e-05,0.0,0.023905985057353973,1.0920311212539673,0.7565125304252857,6.458434104919434,1.929219365119934,6.482340335845947,2.2130789756774902,6.759402513504028,4.183594226837158,,,,,,
8789940000.0,131.15,7.800000190734863,6391222784.0,2411.241098471843,4741.0,0.0653076171875,77692928.0,162974.0200691223,0.0015881202416494489,0.01068115234375,1.9841182231903076,-0.01954604871571064,0.5460351705551147,-0.019841181114315987,0.0002951354254037142,0.0,-0.030647367238998413,1.0448235273361206,0.7633674613981762,6.545124053955078,1.8976986408233643,6.514476776123047,2.1478583812713623,6.794841051101685,4.176021575927734,,,,,,
8789940000.0,129.62,8.199999809265137,6391222784.0,2436.405303930226,4742.0,0.072021484375,77709312.0,162980.74473023415,0.0008392075542360544,0.0052490234375,1.991884469985962,-0.019981101155281067,0.5434842109680176,-0.019918842241168022,-6.225798279047012e-05,0.0,0.06596796959638596,1.038767695426941,0.7685010456700421,6.610718250274658,1.9323922395706177,6.6766862869262695,2.158956527709961,6.724661111831665,4.189769506454468,,,,,,
8789940000.0,120.54,8.600000381469727,6391222784.0,2410.695005504965,4743.0,0.074462890625,77725696.0,162987.5411105156,0.0010475716553628445,0.00787353515625,2.000753879547119,-0.01975945755839348,0.5798212289810181,-0.02000753954052925,0.0002480810508131981,0.0,0.012652583420276642,1.0746678113937378,0.7344827471044733,6.682713508605957,1.8761482238769531,6.695366382598877,2.085585594177246,6.796380281448364,4.180513381958008,,,,,,
8789940000.0,127.61,8.199999809265137,6391222784.0,2420.525676383045,4744.0,0.0726318359375,77742080.0,162994.30988812447,0.0011190992081537843,0.00543212890625,2.01832914352417,-0.01992836780846119,0.5192675590515137,-0.020183289423584938,0.0002549216151237488,0.0,0.04438107833266258,1.016213297843933,0.7788236312097102,6.6771135330200195,1.915244698524475,6.721494674682617,2.160804271697998,6.76877760887146,4.190814018249512,,,,,,
8789940000.0,106.85,8.100000381469727,6391222784.0,2422.193294259073,4745.0,0.06591796875,77758464.0,163001.0740056038,0.0014469113666564226,0.00860595703125,2.030007839202881,-0.02054288424551487,0.5073983073234558,-0.02030007541179657,-0.00024280697107315063,0.0,0.0073894415982067585,1.0083316564559937,0.7793859146913598,6.564411163330078,1.9306608438491821,6.571800708770752,2.1467764377593994,6.764117479324341,4.185289621353149,,,,,,
8789940000.0,114.6,8.0,6391222784.0,2351.6310145123634,4746.0,0.0714111328125,77774848.0,163008.0410850048,0.000999620882794261,0.00390625,2.010993480682373,-0.019556377083063126,0.5954090356826782,-0.020109934732317924,0.0005535557866096497,0.0,-0.0029172590002417564,1.0913628339767456,0.7461850006115811,6.512631893157959,1.8761905431747437,6.509714603424072,2.166259765625,6.967079401016235,4.187273979187012,,,,,,
8789940000.0,106.45,8.199999809265137,6391222784.0,2404.7470157131747,4747.0,0.08056640625,77791232.0,163014.85427570343,0.0006025278125889599,0.001708984375,1.9935262203216553,-0.019448665902018547,0.5940097570419312,-0.019935259595513344,0.00048659369349479675,0.0,0.00970841757953167,1.091115951538086,0.7582414999718381,6.681128025054932,1.9051328897476196,6.690836429595947,2.219115734100342,6.813190698623657,4.183680772781372,,,,,,
8789940000.0,107.79,8.100000381469727,6391222784.0,2424.377824521336,4748.0,0.0848388671875,77807616.0,163021.6122982502,0.000982564641162753,0.006103515625,1.9735949039459229,-0.019852235913276672,0.644302248954773,-0.019735949113965034,-0.00011628493666648865,0.0,-0.020874127745628357,1.1347122192382812,0.7573520196686485,6.7079925537109375,1.9745166301727295,6.6871185302734375,2.3035483360290527,6.7580225467681885,4.191272258758545,,,,,,
8789940000.0,112.19,8.699999809265137,6391222784.0,2437.4599564169475,4749.0,0.074462890625,77824000.0,163028.3340497017,0.0006898581050336361,0.00225830078125,1.985390543937683,-0.020126493647694588,0.5165034532546997,-0.019853902980685234,-0.0002725914237089455,0.0,0.09534645825624466,1.011500358581543,0.7697160256414459,6.790571212768555,1.9117051362991333,6.885917663574219,2.107822895050049,6.72175145149231,4.192176580429077,,,,,,
8789940000.0,96.94,8.899999618530273,6391222784.0,2432.317446177488,4750.0,0.0787353515625,77840384.0,163035.07001256943,0.0010795642156153917,0.0052490234375,1.976192831993103,-0.019328154623508453,0.4949702322483063,-0.01976192742586136,0.00043377652764320374,0.0,0.0475863479077816,0.9910120368003845,0.7877220849336455,6.799184322357178,1.953464388847351,6.846770286560059,2.150930404663086,6.735962867736816,4.1847755908966064,,,,,,
8789940000.0,128.72,7.699999809265137,6391222784.0,2419.0595157239713,4751.0,0.0592041015625,77856768.0,163041.8428926468,0.0009247049456462264,0.0059814453125,2.0069260597229004,-0.020230785012245178,0.5830559134483337,-0.020069260150194168,-0.0001615285873413086,0.0,-0.06884676963090897,1.075043797492981,0.7279732587169632,6.514362812042236,1.8218327760696411,6.445516109466553,2.0612010955810547,6.7728800773620605,4.179293155670166,,,,,,
8789940000.0,120.03,8.899999618530273,6391222784.0,2419.3787210641403,4752.0,0.079345703125,77873152.0,163048.61487913132,0.0009940750896930695,0.00689697265625,1.997382640838623,-0.019592244178056717,0.5394071936607361,-0.01997382752597332,0.00038158614188432693,0.0,0.06850079447031021,1.0385398864746094,0.7733048473273785,6.671273231506348,1.9256452322006226,6.739773750305176,2.181231737136841,6.771986484527588,4.175236940383911,,,,,,
8789940000.0,96.55,8.600000381469727,6391222784.0,2435.273372538745,4753.0,0.09765625,77889536.0,163055.34266591072,0.0012021117145195603,0.00799560546875,1.9829307794570923,-0.01958714984357357,0.5287824869155884,-0.01982930675148964,0.00024215737357735634,0.0,0.08568232506513596,1.0270230770111084,0.7597127218824274,7.115044116973877,1.869622826576233,7.200726509094238,2.095148801803589,6.7277867794036865,4.191119432449341,,,,,,
8789940000.0,109.46,7.5,6391222784.0,2418.192091212986,4754.0,0.0775146484375,77905920.0,163062.1179754734,0.0010299168061465025,0.006103515625,1.9928221702575684,-0.01942727155983448,0.6342365145683289,-0.0199282206594944,0.0005009472370147705,0.0,-0.045866817235946655,1.1230332851409912,0.7483992549880967,6.847952365875244,1.9361178874969482,6.802085876464844,2.238910436630249,6.7753095626831055,4.192309141159058,,,,,,
8789940000.0,83.62,8.699999809265137,6391222784.0,2412.2555286074203,4755.0,0.0738525390625,77922304.0,163068.90995907784,0.0016231383197009563,0.01287841796875,2.0334088802337646,-0.02005263976752758,0.4959612488746643,-0.020334087312221527,0.00028144754469394684,0.0,0.04291318729519844,0.9962239861488342,0.7599326043852515,6.7894134521484375,1.825595736503601,6.832326889038086,2.03324818611145,6.791983604431152,4.181657791137695,,,,,,
8789940000.0,82.69,8.600000381469727,6391222784.0,2425.2426747284717,4756.0,0.0750732421875,77938688.0,163075.6655716896,0.001474390272051096,0.01177978515625,2.02496337890625,-0.020667754113674164,0.5495394468307495,-0.020249633118510246,-0.0004181200638413429,0.0,-0.03547826409339905,1.0468806028366089,0.7679224768845957,6.740241050720215,1.871267318725586,6.704762935638428,2.173104763031006,6.75561261177063,4.179192304611206,,,,,,
8789940000.0,127.72,7.800000190734863,6391222784.0,2429.8737837146227,4757.0,0.0628662109375,77955072.0,163082.40830874443,0.0008619764121249318,0.00543212890625,2.059032440185547,-0.01952943578362465,0.5069036483764648,-0.020590325817465782,0.0010608898010104895,0.0,-0.08243107795715332,1.002923846244812,0.7610348683188218,6.521350860595703,1.7839360237121582,6.438920021057129,2.051638603210449,6.742737054824829,4.200926065444946,,,,,,
8789940000.0,120.62,8.399999618530273,6391222784.0,2426.3150108199925,4758.0,0.0653076171875,77971456.0,163089.16093564034,0.00083432492101565,0.00384521484375,2.0188076496124268,-0.02009737305343151,0.4605056941509247,-0.02018807828426361,9.070266969501972e-05,0.0,0.01464301347732544,0.9621142148971558,0.7779561248767093,6.576941967010498,1.7946100234985352,6.591585159301758,2.0417721271514893,6.752626895904541,4.181361675262451,,,,,,
8789940000.0,104.95,8.0,6391222784.0,2471.3523678303713,4759.0,0.062255859375,77987840.0,163095.79050421715,0.0015370643232017756,0.01116943359375,2.027728796005249,-0.020080851390957832,0.5241290926933289,-0.02027728594839573,0.00019643642008304596,0.0,-0.04218284785747528,1.022499680519104,0.7563435163767951,6.466640949249268,1.788162350654602,6.424457550048828,2.0714473724365234,6.629568576812744,4.168634653091431,,,,,,
8789940000.0,161.03,7.800000190734863,6391222784.0,2436.4606755372665,4760.0,0.067138671875,78004224.0,163102.51501250267,0.0007025307859294116,0.00299072265625,2.016859292984009,-0.019972287118434906,0.49354636669158936,-0.020168593153357506,0.00019630463793873787,0.0,-0.027980957180261612,0.9932420253753662,0.77451865227391,6.451590061187744,1.7898352146148682,6.423608779907227,2.091700792312622,6.724508285522461,4.20323920249939,,,,,,
8789940000.0,137.83,8.300000190734863,6391222784.0,2416.426223136086,4761.0,0.0628662109375,78020608.0,163109.295273304,0.0010401129256933928,0.00592041015625,2.036480188369751,-0.019752221181988716,0.49039965867996216,-0.020364800468087196,0.0006125764921307564,0.0,0.0033722848165780306,0.9893275499343872,0.7734594609728417,6.447868347167969,1.8415096998214722,6.451240539550781,2.078582525253296,6.780260801315308,4.166238784790039,,,,,,
8789940000.0,134.24,8.100000381469727,6391222784.0,2440.6924180619717,4762.0,0.047607421875,78036992.0,163116.00812244415,0.0008454296039417386,0.00390625,2.0470924377441406,-0.019489286467432976,0.4903492331504822,-0.02047092653810978,0.0009816382080316544,0.0,-0.021216541528701782,0.990378737449646,0.7566154018555412,6.248523712158203,1.8282625675201416,6.227306842803955,2.007495641708374,6.712849140167236,4.185283660888672,,,,,,
8789940000.0,123.99,8.100000381469727,6391222784.0,2470.465071682679,4763.0,0.05126953125,78053376.0,163122.64007210732,0.0008896170184016228,0.005126953125,2.0023884773254395,-0.019549444317817688,0.429024338722229,-0.020023886114358902,0.00047443993389606476,0.0,0.011197802610695362,0.9274153709411621,0.7550514067879591,6.317026138305664,1.6661490201950073,6.32822322845459,1.8738566637039185,6.6319496631622314,4.1994664669036865,,,,,,
8789940000.0,115.51,8.199999809265137,6391222784.0,2460.3461902437793,4764.0,0.0543212890625,78069760.0,163129.29929757118,0.0015546963550150394,0.01129150390625,2.04189133644104,-0.019798753783106804,0.4121195375919342,-0.020418912172317505,0.0006201602518558502,0.0,-0.01600489392876625,0.9063305258750916,0.784865369791088,6.341748237609863,1.716585397720337,6.325743198394775,1.954031229019165,6.6592254638671875,4.181476831436157,,,,,,
8789940000.0,134.87,8.5,6391222784.0,2409.820047141236,4765.0,0.069580078125,78086144.0,163136.09814548492,0.0011821538209915161,0.0079345703125,1.9958243370056152,-0.019489839673042297,0.481640487909317,-0.019958242774009705,0.00046839937567710876,0.0,-0.00836096704006195,0.9833160638809204,0.7762126239941589,6.485844612121582,1.7737609148025513,6.477483749389648,2.0786221027374268,6.798847913742065,4.183957576751709,,,,,,
8789940000.0,115.81,8.199999809265137,6391222784.0,2409.296559493407,4766.0,0.0732421875,78102528.0,163142.89847064018,0.0012241334188729525,0.0069580078125,2.005552053451538,-0.019919486716389656,0.508291482925415,-0.02005551941692829,0.00013603456318378448,0.0,-0.017317509278655052,1.007939338684082,0.7715372153230224,6.544895648956299,1.8520699739456177,6.527578353881836,2.108757972717285,6.800325155258179,4.201012849807739,,,,,,
8789940000.0,132.11,8.100000381469727,6391222784.0,2433.8059328862987,4767.0,0.05126953125,78118912.0,163149.6303138733,0.0015206923708319664,0.00921630859375,2.0556726455688477,-0.019656043499708176,0.4743420481681824,-0.020556727424263954,0.0009006839245557785,0.0,-0.025505702942609787,0.9743003845214844,0.7667801593724126,6.34567928314209,1.7743293046951294,6.320173263549805,2.0174832344055176,6.7318432331085205,4.174169063568115,,,,,,
,,,,,,,,,,,,,,,,,,,,,,,,,,0.024738531559705734,0.5673418045043945,0.523063063621521,0.024738531559705734,0.5673418045043945,0.523063063621521
,,,,,,,,,,,,,,,,,,,,,,,,,,0.02226489782333374,0.51870197057724,0.49176305532455444,0.02226489782333374,0.51870197057724,0.49176305532455444
,,,,,,,,,,,,,,,,,,,,,,,,,,0.02169419638812542,0.49317798018455505,0.47276702523231506,0.02169419638812542,0.49317798018455505,0.47276702523231506
,,,,,,,,,,,,,,,,,,,,,,,,,,0.022352185100317,0.47080376744270325,0.452035129070282,0.022352185100317,0.47080376744270325,0.452035129070282
,,,,,,,,,,,,,,,,,,,,,,,,,,0.022004250437021255,0.4542749524116516,0.43666577339172363,0.022004250437021255,0.4542749524116516,0.43666577339172363
,,,,,,,,,,,,,,,,,,,,,,,,,,0.022185055539011955,0.4401737451553345,0.4233732223510742,0.022185055539011955,0.4401737451553345,0.4233732223510742
8789940000.0,174.25,7.800000190734863,6188634112.0,18.602389374431567,4768.0,0.0555419921875,78135296.0,164030.37738728523,0.0008671311079524457,0.0037841796875,2.0848381519317627,-0.02044108137488365,0.5050280094146729,-0.020848380401730537,0.0004073008894920349,0.0,-0.036519333720207214,1.0007959604263306,0.756541660314499,6.429773330688477,1.7919238805770874,6.393253326416016,2.028303623199463,880.7470734119415,4.274289846420288,,,,,,
8789940000.0,153.02,7.699999809265137,6391222784.0,2450.0610589670937,4769.0,0.040283203125,78151680.0,164037.06456756592,0.001232025446370244,0.006591796875,2.1177284717559814,-0.02123826928436756,0.45923230051994324,-0.02117728441953659,-6.097927689552307e-05,0.0,-0.07377258688211441,0.9588533639907837,0.7140352744182515,6.287501335144043,1.5976974964141846,6.213728427886963,1.7930638790130615,6.687180280685425,4.189803123474121,,,,,,
8789940000.0,143.09,7.900000095367432,6391222784.0,2439.661123661371,4770.0,0.0433349609375,78168064.0,164043.780254364,0.00048537476686760783,0.00128173828125,2.1001977920532227,-0.020407510921359062,0.4011700749397278,-0.02100197784602642,0.0005944687873125076,0.0,-0.0382557287812233,0.8949981331825256,0.7516345422753953,6.203392028808594,1.5869091749191284,6.165136337280273,1.7958781719207764,6.715686798095703,4.180589199066162,,,,,,
8789940000.0,170.04,7.800000190734863,6391222784.0,2430.2878104400684,4771.0,0.0457763671875,78184448.0,164050.52184271812,0.0005860459059476852,0.00177001953125,2.088789701461792,-0.020794037729501724,0.4379378855228424,-0.020887896418571472,9.385868906974792e-05,0.0,-0.03320057690143585,0.9361681938171387,0.7199391318973631,6.187220096588135,1.5229512453079224,6.154019355773926,1.768999695777893,6.741588354110718,4.205842018127441,,,,,,
8789940000.0,227.58,7.599999904632568,6391222784.0,2429.1343349087715,4772.0,0.0469970703125,78200832.0,164057.2666323185,0.0006206178804859519,0.0025634765625,2.0975468158721924,-0.020692400634288788,0.48041877150535583,-0.020975468680262566,0.000283069908618927,0.0,-0.09510431438684464,0.981917679309845,0.7192480874069431,6.1933674812316895,1.579155445098877,6.098262786865234,1.8531631231307983,6.7447896003723145,4.193714141845703,,,,,,
8789940000.0,157.61,7.800000190734863,6391222784.0,2411.856172115747,4773.0,0.05126953125,78217216.0,164064.05974054337,0.0013585054548457265,0.0093994140625,2.069730758666992,-0.020915962755680084,0.4922982156276703,-0.020697306841611862,-0.00021865218877792358,0.0,-0.019781440496444702,0.9931333065032959,0.7422123393544708,6.199110984802246,1.6834943294525146,6.1793293952941895,1.9560333490371704,6.793108224868774,4.1886022090911865,,,,,,
8789940000.0,118.44,8.399999618530273,6391222784.0,2441.890478814591,4774.0,0.0628662109375,78233600.0,164070.76929616928,0.0009159726905636489,0.00390625,2.0646848678588867,-0.020537763833999634,0.5377923846244812,-0.020646847784519196,0.00010908697731792927,0.0,0.04894169420003891,1.036923885345459,0.7610143816995731,6.322136878967285,1.8706355094909668,6.3710784912109375,2.121098041534424,6.709555625915527,4.177518367767334,,,,,,
8789940000.0,158.32,8.199999809265137,6391222784.0,2436.4492727540637,4775.0,0.059814453125,78249984.0,164077.49383592606,0.0007951430743560195,0.002685546875,2.074807643890381,-0.021183237433433533,0.4815215468406677,-0.0207480750977993,-0.00043516047298908234,0.0,0.033698685467243195,0.9848158955574036,0.7643206486377743,6.139917850494385,1.7870811223983765,6.173616409301758,2.028590202331543,6.724539756774902,4.189378976821899,,,,,,
8789940000.0,139.83,8.0,6391222784.0,2423.8644084440148,4776.0,0.068359375,78266368.0,164084.25328993797,0.0014705352950841188,0.0103759765625,2.047840118408203,-0.019827796146273613,0.5458939075469971,-0.020478401333093643,0.0006506070494651794,0.0,0.024806320667266846,1.0388697385787964,0.7850972575145394,6.2689080238342285,1.9229902029037476,6.29371452331543,2.2409915924072266,6.759454011917114,4.179060220718384,,,,,,
8789940000.0,120.59,8.199999809265137,6391222784.0,2389.6734696375624,4777.0,0.07080078125,78282752.0,164091.10945677757,0.0007732614176347852,0.00445556640625,2.0380032062530518,-0.020245254039764404,0.4708026051521301,-0.020380031317472458,0.00013477914035320282,0.0,0.0031947563402354717,0.9690171480178833,0.7977400446328435,6.241162300109863,1.9053560495376587,6.244357109069824,2.154648542404175,6.856166839599609,4.193463325500488,,,,,,
8789940000.0,107.25,7.900000095367432,6391222784.0,2391.8628129537205,4778.0,0.0628662109375,78299136.0,164097.95934796333,0.0008160378783941269,0.0037841796875,2.0360310077667236,-0.020549172535538673,0.5228897929191589,-0.02036031149327755,-0.00018886104226112366,0.0,-0.029592880979180336,1.0231633186340332,0.7941842438150759,6.179387092590332,1.989444613456726,6.149794101715088,2.2553060054779053,6.849891185760498,4.177210330963135,,,,,,
8789940000.0,127.57,8.100000381469727,6391222784.0,2415.843637197005,4779.0,0.0689697265625,78315520.0,164104.74124383926,0.000673523754812777,0.00244140625,2.026041030883789,-0.02062331885099411,0.5246117115020752,-0.020260408520698547,-0.00036291591823101044,0.0,0.0035187937319278717,1.024088978767395,0.7912148354742536,6.242793560028076,1.9933347702026367,6.246312141418457,2.2412383556365967,6.781895875930786,4.18985915184021,,,,,,
8789940000.0,106.54,8.199999809265137,6391222784.0,2426.7907283175086,4780.0,0.072021484375,78331904.0,164111.49254703522,0.0012376939412206411,0.00677490234375,1.985530138015747,-0.019746720790863037,0.5843490362167358,-0.019855299964547157,0.0001085788244381547,0.0,0.013126576319336891,1.0818556547164917,0.7689812759865273,6.513931751251221,1.9849971532821655,6.5270586013793945,2.2508463859558105,6.751303195953369,4.17271614074707,,,,,,
8789940000.0,113.18,8.199999809265137,6391222784.0,2403.7541082139023,4781.0,0.0836181640625,78348288.0,164118.30855202675,0.0013273559743538499,0.00921630859375,1.968117356300354,-0.01910187490284443,0.6402425765991211,-0.01968117244541645,0.000579297891817987,0.0,0.005936000496149063,1.1330760717391968,0.7581104942785413,6.752119064331055,2.0350492000579834,6.758055210113525,2.303830146789551,6.816004991531372,4.179407596588135,,,,,,
8789940000.0,98.18,8.100000381469727,6391222784.0,2346.420191058514,4782.0,0.08056640625,78364672.0,164125.29110360146,0.001034111948683858,0.00445556640625,1.9696555137634277,-0.018819481134414673,0.6988016963005066,-0.0196965541690588,0.0008770711719989777,0.0,0.036362215876579285,1.1784451007843018,0.7120664720132501,6.6340227127075195,1.9642874002456665,6.670385360717773,2.196157932281494,6.982551574707031,4.189415216445923,,,,,,
8789940000.0,87.5,8.100000381469727,6391222784.0,2335.379527075248,4783.0,0.07080078125,78381056.0,164132.30666565895,0.0019476641900837421,0.0137939453125,2.0096304416656494,-0.01955554448068142,0.5875927805900574,-0.020096305757761,0.0005407631397247314,0.0,-0.008890606462955475,1.0823042392730713,0.7679590612944082,6.500163555145264,1.9532883167266846,6.491273403167725,2.246814250946045,7.015562057495117,4.181703329086304,,,,,,
8789940000.0,131.61,8.399999618530273,6391222784.0,2431.2910652238775,4784.0,0.07080078125,78397440.0,164139.04547214508,0.0005546696484088898,0.00177001953125,2.021294116973877,-0.019374988973140717,0.5228554010391235,-0.020212937146425247,0.0008379509672522545,0.0,0.0620696023106575,1.0200798511505127,0.7756455791665487,6.49959659576416,1.933490514755249,6.561666965484619,2.1536102294921875,6.738806486129761,4.192499399185181,,,,,,
8789940000.0,114.58,7.900000095367432,6391222784.0,2352.8450360703273,4785.0,0.07080078125,78413824.0,164146.00895667076,0.0009371759369969368,0.0047607421875,2.0370934009552,-0.02032008022069931,0.5738401412963867,-0.020370930433273315,5.0848349928855896e-05,0.0,0.0007745278999209404,1.0708210468292236,0.752741161159993,6.491920471191406,1.9053659439086914,6.492694854736328,2.1534817218780518,6.963484525680542,4.17467737197876,,,,,,
8789940000.0,127.15,8.199999809265137,6391222784.0,2392.521931101598,4786.0,0.0738525390625,78430208.0,164152.85696077347,0.0010282089933753014,0.00347900390625,2.0414116382598877,-0.0199553444981575,0.541907548904419,-0.020414115861058235,0.000458769965916872,0.0,0.007867380976676941,1.0410387516021729,0.7783877051425196,6.526585578918457,1.9487428665161133,6.534452438354492,2.211411952972412,6.848004102706909,4.234405279159546,,,,,,
8789940000.0,110.41,8.399999618530273,6391222784.0,2437.309186480506,4787.0,0.0701904296875,78446592.0,164159.57912802696,0.0007291804067790508,0.0018310546875,2.062285900115967,-0.02072414755821228,0.5472699999809265,-0.02062285877764225,-0.0001012878492474556,0.0,0.019109763205051422,1.043601393699646,0.7591063195181236,6.639918327331543,1.8617188930511475,6.659028053283691,2.126286745071411,6.722167253494263,4.191862344741821,,,,,,
8789940000.0,119.71,7.5,6391222784.0,2383.6598710684098,4788.0,0.06103515625,78462976.0,164166.45259189606,0.0007644298602826893,0.002685546875,2.089543342590332,-0.020525893196463585,0.5996142625808716,-0.02089543454349041,0.0003695394843816757,0.0,-0.05563440918922424,1.091823697090149,0.7388370779502367,6.575499534606934,1.8343042135238647,6.519865036010742,2.136470317840576,6.873463869094849,4.311626672744751,,,,,,
8789940000.0,128.57,8.399999618530273,6391222784.0,2358.5339642116514,4789.0,0.062255859375,78479360.0,164173.39928007126,0.0013475300511345267,0.00592041015625,2.0962493419647217,-0.021312683820724487,0.4316440224647522,-0.020962493494153023,-0.00035019032657146454,0.0,0.024581462144851685,0.9291433095932007,0.7878131432182947,6.446711540222168,1.8158761262893677,6.471292972564697,2.0170812606811523,6.946688175201416,4.192185640335083,,,,,,
8789940000.0,130.32,8.399999618530273,6391222784.0,2420.9221097609066,4790.0,0.064697265625,78495744.0,164180.16694927216,0.0009972217958420515,0.0035400390625,2.06607985496521,-0.020212359726428986,0.46634840965270996,-0.020660798996686935,0.00044843973591923714,0.0,0.010186094790697098,0.9678082466125488,0.7753515624054959,6.613292694091797,1.8062657117843628,6.623478889465332,2.0419154167175293,6.767669200897217,4.191298007965088,,,,,,
8789940000.0,149.22,7.900000095367432,6391222784.0,2410.394489246251,4791.0,0.0531005859375,78512128.0,164186.96417689323,0.000729739258531481,0.00360107421875,2.0819497108459473,-0.020150788128376007,0.46859121322631836,-0.020819496363401413,0.0006687110289931297,0.0,-0.011272618547081947,0.9700280427932739,0.7655829952684907,6.43070650100708,1.7449402809143066,6.419434070587158,2.003502607345581,6.797227621078491,4.194286584854126,,,,,,
8789940000.0,167.68,7.699999809265137,6391222784.0,2351.427512007188,4792.0,0.0543212890625,78528512.0,164193.93185925484,0.002024850808084011,0.0174560546875,2.107348918914795,-0.01989186368882656,0.55368572473526,-0.021073486655950546,0.0011816229671239853,0.0,-0.0129512008279562,1.0540211200714111,0.7289302133785387,6.3118743896484375,1.7831538915634155,6.298923492431641,2.024458408355713,6.967682361602783,4.213553428649902,,,,,,
8789940000.0,118.81,8.600000381469727,6391222784.0,2384.65775913406,4793.0,0.057373046875,78544896.0,164200.8024468422,0.0014303757343441248,0.01025390625,2.123056411743164,-0.02104119211435318,0.3976813852787018,-0.021230563521385193,0.00018937140703201294,0.0,-0.0006439676508307457,0.8867484331130981,0.8071791588372345,6.498533248901367,1.7829493284225464,6.497889518737793,2.0194056034088135,6.870587587356567,4.182945251464844,,,,,,
8789940000.0,146.06,8.300000190734863,6391222784.0,2287.0723196611275,4794.0,0.0579833984375,78561280.0,164207.96619057655,0.0007725642644800246,0.0047607421875,2.1232500076293945,-0.02136794850230217,0.4064868092536926,-0.021232498809695244,-0.00013544782996177673,0.0,-0.01140785776078701,0.9023129940032959,0.8024006000610592,6.341608047485352,1.7706103324890137,6.3302001953125,2.0298519134521484,7.163743734359741,4.191001892089844,,,,,,
8789940000.0,158.96,8.199999809265137,6391222784.0,2299.1734099507257,4795.0,0.048828125,78577664.0,164215.09222984314,0.0021598965395241976,0.01922607421875,2.1260974407196045,-0.021336954087018967,0.4173382818698883,-0.021260973066091537,-7.597636431455612e-05,0.0,-0.017237365245819092,0.9146274328231812,0.7795129811617132,6.247468948364258,1.730636715888977,6.230231761932373,1.9478371143341064,7.126039266586304,4.202988147735596,,,,,,
8789940000.0,142.77,8.100000381469727,6391222784.0,2380.2848818130374,4796.0,0.0543212890625,78594048.0,164221.9754395485,0.0008878684602677822,0.00531005859375,2.103487014770508,-0.02111360989511013,0.44314703345298767,-0.02103487029671669,-7.874128641560674e-05,0.0,-0.04164128005504608,0.939666748046875,0.7884122042144099,6.177032947540283,1.8063595294952393,6.135391712188721,2.0428125858306885,6.883209705352783,4.1919989585876465,,,,,,
8789940000.0,116.5,8.399999618530273,6391222784.0,2356.1951977208096,4797.0,0.050048828125,78610432.0,164228.92902302742,0.0010097995400428772,0.00640869140625,2.104365348815918,-0.02075372077524662,0.41542020440101624,-0.021043648943305016,0.0002899300307035446,0.0,0.0020478530786931515,0.9111124873161316,0.7729786643733328,6.006232261657715,1.714450478553772,6.008279800415039,1.9122228622436523,6.953583478927612,4.3446364402771,,,,,,
8789940000.0,168.76,7.699999809265137,6391222784.0,2382.0708817070954,4798.0,0.054931640625,78626816.0,164235.8070719242,0.0009964151540771127,0.0068359375,2.1051511764526367,-0.02087702602148056,0.5540757179260254,-0.02105151303112507,0.00017448794096708298,0.0,-0.08252305537462234,1.049762487411499,0.753640477788226,6.104619979858398,1.7948825359344482,6.022096633911133,2.1149792671203613,6.878048896789551,4.192362308502197,,,,,,
8789940000.0,115.59,8.199999809265137,6391222784.0,2394.2987360570755,4799.0,0.059814453125,78643200.0,164242.6499941349,0.0022057907190173864,0.0201416015625,2.106583833694458,-0.021304063498973846,0.47818297147750854,-0.021065838634967804,-0.0002382257953286171,0.0,0.007837658748030663,0.9792603254318237,0.7910382748081536,6.042954444885254,1.8819122314453125,6.050792217254639,2.1422228813171387,6.842922210693359,4.1949262619018555,,,,,,
,,,,,,,,,,,,,,,,,,,,,,,,,,0.023088445886969566,0.5353342890739441,0.49352097511291504,0.023088445886969566,0.5353342890739441,0.49352097511291504
,,,,,,,,,,,,,,,,,,,,,,,,,,0.021462317556142807,0.48694267868995667,0.4635600745677948,0.021462317556142807,0.48694267868995667,0.4635600745677948
,,,,,,,,,,,,,,,,,,,,,,,,,,0.020521255210042,0.46391603350639343,0.44423508644104004,0.020521255210042,0.46391603350639343,0.44423508644104004
,,,,,,,,,,,,,,,,,,,,,,,,,,0.020595600828528404,0.44511500000953674,0.4244951605796814,0.020595600828528404,0.44511500000953674,0.4244951605796814
,,,,,,,,,,,,,,,,,,,,,,,,,,0.02068243734538555,0.43052205443382263,0.4109805226325989,0.02068243734538555,0.43052205443382263,0.4109805226325989
,,,,,,,,,,,,,,,,,,,,,,,,,,0.020551079884171486,0.4174075126647949,0.39800652861595154,0.020551079884171486,0.4174075126647949,0.39800652861595154
8789940000.0,142.01,7.599999904632568,6188634112.0,18.625110180751708,4800.0,0.064697265625,78659584.0,165122.32264256477,0.0006311764009296894,0.00274658203125,2.1061131954193115,-0.02107912115752697,0.6121200919151306,-0.021061133593320847,-1.7989426851272583e-05,0.0,-0.03118642047047615,1.107242465019226,0.7617185468279914,6.3886308670043945,1.993425965309143,6.357443809509277,2.2682833671569824,879.6726484298706,4.419208526611328,,,,,,
8789940000.0,107.42,7.599999904632568,6391222784.0,2440.176575248595,4801.0,0.06591796875,78675968.0,165129.03691077232,0.0007611076580360532,0.00213623046875,2.0822763442993164,-0.02098638191819191,0.684128999710083,-0.020822765305638313,-0.00016361870802938938,0.0,-0.051554568111896515,1.1665743589401245,0.7227030590261369,6.380470275878906,1.9419394731521606,6.328915596008301,2.2153372764587402,6.714268207550049,4.196945428848267,,,,,,
8789940000.0,129.83,7.5,6391222784.0,2447.022702967248,4802.0,0.0677490234375,78692352.0,165135.73239421844,0.0008685091743245721,0.00445556640625,2.0403714179992676,-0.019922329112887383,0.6625707745552063,-0.02040371112525463,0.00048137991689145565,0.0,0.016848046332597733,1.15273916721344,0.7470538281372456,6.322946071624756,1.948085069656372,6.339794158935547,2.292013168334961,6.695483446121216,4.190399646759033,,,,,,
8789940000.0,107.19,7.900000095367432,6391222784.0,2415.998558265086,4803.0,0.074462890625,78708736.0,165142.5138552189,0.0006529838428832591,0.002197265625,2.0529074668884277,-0.02049095742404461,0.6043773889541626,-0.02052907459437847,3.8115307688713074e-05,0.0,0.01427229680120945,1.0967073440551758,0.7544475730761251,6.488479137420654,1.9208356142044067,6.502751350402832,2.2131905555725098,6.781461000442505,4.199059009552002,,,,,,
8789940000.0,114.64,8.199999809265137,6391222784.0,2399.939090814289,4804.0,0.06591796875,78725120.0,165149.34069514275,0.0009032599627971649,0.002197265625,2.0908267498016357,-0.021182358264923096,0.5192538499832153,-0.020908266305923462,-0.000274093821644783,0.0,0.0020179254934191704,1.0222141742706299,0.7669433717577382,6.420998573303223,1.8694052696228027,6.42301607131958,2.1174399852752686,6.826839923858643,4.17566180229187,,,,,,
8789940000.0,130.62,8.100000381469727,6391222784.0,2403.0343342788883,4805.0,0.054931640625,78741504.0,165156.15874171257,0.0007040442433208227,0.00177001953125,2.1289072036743164,-0.021292932331562042,0.45369306206703186,-0.021289071068167686,-3.862194716930389e-06,0.0,0.014978103339672089,0.9541428685188293,0.7827065843607361,6.146089553833008,1.8155823945999146,6.161067485809326,2.046869993209839,6.818046569824219,4.166182041168213,,,,,,
8789940000.0,151.86,8.5,6391222784.0,2423.9806861730635,4806.0,0.0543212890625,78757888.0,165162.91787147522,0.0008266124641522765,0.0023193359375,2.120244026184082,-0.021152950823307037,0.4258563220500946,-0.021202437579631805,4.9483031034469604e-05,0.0,0.023428361862897873,0.9245121479034424,0.799045280799195,6.272400856018066,1.8910624980926514,6.295828819274902,2.0623536109924316,6.759129762649536,4.181300401687622,,,,,,
8789940000.0,117.17,8.5,6391222784.0,2447.9634330184263,4807.0,0.05859375,78774272.0,165169.61078190804,0.00047625694423913956,0.00091552734375,2.1084744930267334,-0.02114642783999443,0.4070947766304016,-0.021084748208522797,-6.166845560073853e-05,0.0,0.033859893679618835,0.8970552086830139,0.8032370794690458,6.332290172576904,1.8372840881347656,6.366150379180908,2.0223097801208496,6.692910432815552,4.1761603355407715,,,,,,
8789940000.0,152.55,7.900000095367432,6391222784.0,2454.5511405802363,4808.0,0.06103515625,78790656.0,165176.28572940826,0.001324764802120626,0.0062255859375,2.1065492630004883,-0.021508941426873207,0.5275694727897644,-0.021065494045615196,-0.00044344179332256317,0.0,0.004614509642124176,1.026917815208435,0.7632294234604114,6.530222415924072,1.8667713403701782,6.534836769104004,2.110433578491211,6.674947500228882,4.176606178283691,,,,,,
8789940000.0,145.48,7.699999809265137,6391222784.0,2434.4260195077936,4809.0,0.074462890625,78807040.0,165183.01585793495,0.0009540182072669268,0.00341796875,2.0835089683532715,-0.020971348509192467,0.6298097968101501,-0.020835090428590775,-0.0001362580806016922,0.0,-0.06791093945503235,1.1226423978805542,0.7550797043857463,6.651802062988281,1.988451361656189,6.583890914916992,2.268449068069458,6.730128526687622,4.19163966178894,,,,,,
8789940000.0,92.21,8.399999618530273,6391222784.0,2424.74395013486,4810.0,0.0567626953125,78823424.0,165189.7728600502,0.0007572280010208488,0.00286865234375,2.165282726287842,-0.021180875599384308,0.4516238272190094,-0.02165282517671585,0.00047194771468639374,0.0,0.019537296146154404,0.9530965089797974,0.7759135144755434,6.416501045227051,1.8117272853851318,6.436038494110107,2.013395309448242,6.757002115249634,4.187896490097046,,,,,,
8789940000.0,133.53,8.300000190734863,6391222784.0,2427.9611940162454,4811.0,0.0518798828125,78839808.0,165196.52090859413,0.0008300112094730139,0.00408935546875,2.1701107025146484,-0.021640095859766006,0.4068443775177002,-0.021701106801629066,6.101280450820923e-05,0.0,-0.011206177994608879,0.9014886617660522,0.7916982720572637,6.15863561630249,1.7512242794036865,6.147429466247559,1.9752130508422852,6.748048543930054,4.175503253936768,,,,,,
8789940000.0,107.46,8.5,6391222784.0,2437.2970841980123,4812.0,0.0616455078125,78856192.0,165203.24310922623,0.0006256790948100388,0.00286865234375,2.127136707305908,-0.02094099298119545,0.4455292522907257,-0.021271366626024246,0.0003303755074739456,0.0,0.019819334149360657,0.944990873336792,0.7998204725043296,6.296627998352051,1.8537622690200806,6.3164472579956055,2.1121151447296143,6.722200632095337,4.196635484695435,,,,,,
8789940000.0,170.02,8.0,6391222784.0,2441.984802082412,4813.0,0.0634765625,78872576.0,165209.95240569115,0.0009228255366906524,0.0037841796875,2.1121644973754883,-0.021265272051095963,0.489726185798645,-0.021121645346283913,-0.00014362670481204987,0.0,-0.005885825492441654,0.9906168580055237,0.8016378408087035,6.255267143249512,1.9548550844192505,6.249381065368652,2.2242119312286377,6.709296464920044,4.190598249435425,,,,,,
8789940000.0,138.98,8.0,6391222784.0,2451.4714732806483,4814.0,0.0555419921875,78888960.0,165216.63573861122,0.0007901511271484196,0.0025634765625,2.1259963512420654,-0.0214371494948864,0.49075847864151,-0.021259963512420654,-0.00017718970775604248,0.0,-0.027247987687587738,0.9861850142478943,0.7556952834916516,6.1104512214660645,1.7568649053573608,6.083203315734863,1.9952281713485718,6.683332920074463,4.1916046142578125,,,,,,
8789940000.0,110.49,8.300000190734863,6391222784.0,2391.010453722044,4815.0,0.0689697265625,78905344.0,165223.48807168007,0.001056899200193584,0.00457763671875,2.0674924850463867,-0.021605469286441803,0.5140005350112915,-0.020674923434853554,-0.0009305477142333984,0.0,0.03643684834241867,1.0147954225540161,0.784527675232619,6.311850547790527,1.9294127225875854,6.348287582397461,2.1861648559570312,6.852333068847656,4.1822733879089355,,,,,,
8789940000.0,116.5,8.399999618530273,6391222784.0,2409.070708832035,4816.0,0.0604248046875,78921728.0,165230.2890343666,0.0008061289554461837,0.0037841796875,2.09702730178833,-0.0200442373752594,0.4310930669307709,-0.02097027376294136,0.0009260326623916626,0.0,-0.041498735547065735,0.9240595102310181,0.7976220156728133,6.1636271476745605,1.8428666591644287,6.122128486633301,2.0540857315063477,6.800962686538696,4.220782041549683,,,,,,
8789940000.0,154.28,7.900000095367432,6391222784.0,2434.051015575849,4817.0,0.0701904296875,78938112.0,165237.0201997757,0.0005900898831896484,0.00250244140625,2.0384488105773926,-0.020204568281769753,0.6375880837440491,-0.02038448676466942,0.0001799166202545166,0.0,-0.0008703107014298439,1.1313971281051636,0.7408792743950833,6.5074052810668945,1.9631636142730713,6.506535530090332,2.2226145267486572,6.731165409088135,4.192349433898926,,,,,,
8789940000.0,115.17,8.300000190734863,6391222784.0,2421.53615981471,4818.0,0.087890625,78954496.0,165243.78615283966,0.0007164854905568063,0.0013427734375,2.0179405212402344,-0.020199790596961975,0.5136683583259583,-0.02017940953373909,-2.0381994545459747e-05,0.0,0.07848145067691803,1.014432668685913,0.8039538370020929,6.58156681060791,2.0034220218658447,6.660048484802246,2.291100025177002,6.765953063964844,4.266958951950073,,,,,,
8789940000.0,127.59,7.800000190734863,6391222784.0,2412.693474193761,4819.0,0.0775146484375,78970880.0,165250.57690358162,0.0006938323494978249,0.00286865234375,2.0176215171813965,-0.02007923647761345,0.5904610753059387,-0.02017621323466301,9.698048233985901e-05,0.0,-0.0580175407230854,1.0839834213256836,0.7773895934309946,6.496675968170166,2.0036725997924805,6.438658237457275,2.297471046447754,6.790750741958618,4.297936916351318,,,,,,
8789940000.0,92.91,8.399999618530273,6391222784.0,2405.656947346518,4820.0,0.067138671875,78987264.0,165257.38751721382,0.0004472008440643549,0.00079345703125,2.03204345703125,-0.020008452236652374,0.5647883415222168,-0.020320432260632515,0.000311980489641428,0.0,0.014048650860786438,1.0619902610778809,0.7607241222246368,6.398340225219727,1.9185702800750732,6.412388801574707,2.1710562705993652,6.810613632202148,4.204786777496338,,,,,,
8789940000.0,123.18,8.399999618530273,6391222784.0,2437.193528152123,4821.0,0.0604248046875,79003648.0,165264.11000347137,0.0015645540552213788,0.00970458984375,2.055039644241333,-0.02052675560116768,0.43058034777641296,-0.020550396293401718,2.3643486201763153e-05,0.0,0.02323124185204506,0.9297506809234619,0.7935924505308417,6.230024337768555,1.8418861627578735,6.253255367279053,2.046462297439575,6.722486257553101,4.196695327758789,,,,,,
8789940000.0,117.54,8.0,6391222784.0,2382.026211430908,4822.0,0.0616455078125,79020032.0,165270.98818135262,0.000615038035903126,0.002197265625,2.0377607345581055,-0.020508715882897377,0.5465571880340576,-0.02037760801613331,-0.00013110972940921783,0.0,0.027609869837760925,1.0443543195724487,0.7648527957280682,6.289941310882568,1.9001195430755615,6.317551136016846,2.1536645889282227,6.878177881240845,4.308289527893066,,,,,,
8789940000.0,127.27,8.0,6391222784.0,2399.8643303618605,4823.0,0.076904296875,79036416.0,165277.81523394585,0.0009698822977952659,0.0045166015625,2.0019261837005615,-0.019484788179397583,0.5684202909469604,-0.020019259303808212,0.0005344711244106293,0.0,-0.003442480694502592,1.0649644136428833,0.7804351381014298,6.612614631652832,2.0101943016052246,6.609172821044922,2.2727603912353516,6.827052593231201,4.211818218231201,,,,,,
8789940000.0,119.3,7.900000095367432,6391222784.0,2325.2163559237674,4824.0,0.0628662109375,79052800.0,165284.86145997047,0.0006742599071003497,0.001708984375,2.030839681625366,-0.020663384348154068,0.5055357813835144,-0.020308397710323334,-0.0003549838438630104,0.0,0.008119170553982258,1.003922939300537,0.7943042817265877,6.315187454223633,1.9525134563446045,6.323306560516357,2.2135426998138428,7.0462260246276855,4.328607559204102,,,,,,
8789940000.0,124.06,8.100000381469727,6391222784.0,2404.124460008089,4825.0,0.067138671875,79069184.0,165291.67641496658,0.0008255662396550179,0.00341796875,2.0185279846191406,-0.020232846960425377,0.5621992349624634,-0.020185280591249466,-4.756823182106018e-05,0.0,-0.011329719796776772,1.0594931840896606,0.7651328250390983,6.4010210037231445,1.98452627658844,6.389691352844238,2.186185359954834,6.814954996109009,4.199162244796753,,,,,,
8789940000.0,127.22,8.600000381469727,6391222784.0,2415.4805338800966,4826.0,0.0732421875,79085568.0,165298.45933032036,0.0005494041834026575,0.002685546875,2.0346620082855225,-0.020042825490236282,0.5147367119789124,-0.020346619188785553,0.0003037983551621437,0.0,0.02927495911717415,1.0154011249542236,0.7926763462703457,6.4144415855407715,1.9973164796829224,6.443716526031494,2.2300422191619873,6.782915353775024,4.20486307144165,,,,,,
8789940000.0,131.55,7.800000190734863,6391222784.0,2396.6803609347194,4827.0,0.0714111328125,79101952.0,165305.29545259476,0.0011216995771974325,0.00714111328125,2.0303444862365723,-0.020043596625328064,0.6412357091903687,-0.02030344307422638,0.00025984831154346466,0.0,-0.018815113231539726,1.132005214691162,0.7406950833021824,6.421372890472412,1.9113472700119019,6.402557373046875,2.223018169403076,6.836122274398804,4.213666677474976,,,,,,
8789940000.0,71.9,8.300000190734863,6391222784.0,2415.313115148153,4828.0,0.087890625,79118336.0,165312.07883810997,0.0009501289459876716,0.0057373046875,1.9772818088531494,-0.019533390179276466,0.7229946851730347,-0.019772816449403763,0.00023942813277244568,0.0,-0.002119677606970072,1.1996926069259644,0.7465141135089945,6.639493942260742,2.0634355545043945,6.637373924255371,2.382829427719116,6.783385515213013,4.2104082107543945,,,,,,
8789940000.0,86.02,8.699999809265137,6391222784.0,2382.6586871956883,4829.0,0.0872802734375,79134720.0,165318.95519018173,0.0010757464915513992,0.00482177734375,1.9934176206588745,-0.020255327224731445,0.5680290460586548,-0.01993417553603649,-0.0003211498260498047,0.0,0.05101849511265755,1.0654603242874146,0.7694457798665721,6.636432647705078,1.995453953742981,6.687450885772705,2.218966484069824,6.876352071762085,4.265496253967285,,,,,,
8789940000.0,95.08,9.100000381469727,6391222784.0,2398.993194934483,4830.0,0.0762939453125,79151104.0,165325.78472185135,0.0009751213947311044,0.0054931640625,1.9948254823684692,-0.020179064944386482,0.5843262672424316,-0.01994825340807438,-0.00023081013932824135,0.0,0.0548768974840641,1.081144094467163,0.7544288247456674,6.650167465209961,1.9414992332458496,6.705044269561768,2.181699514389038,6.829531669616699,4.271713733673096,,,,,,
8789940000.0,96.58,8.100000381469727,6391222784.0,2287.300083507725,4831.0,0.0732421875,79167488.0,165332.94775223732,0.0008287179516628385,0.00360107421875,1.9980751276016235,-0.019743122160434723,0.6366519927978516,-0.01998075097799301,0.00023762881755828857,0.0,-0.04844876378774643,1.1292245388031006,0.7388714767864664,6.619561195373535,1.954348087310791,6.571111679077148,2.2098007202148438,7.163030385971069,4.245689392089844,,,,,,
,,,,,,,,,,,,,,,,,,,,,,,,,,0.021209053695201874,0.5618051290512085,0.5215954780578613,0.021209053695201874,0.5618051290512085,0.5215954780578613
,,,,,,,,,,,,,,,,,,,,,,,,,,0.01973807066679001,0.5157294273376465,0.4882141351699829,0.01973807066679001,0.5157294273376465,0.4882141351699829
,,,,,,,,,,,,,,,,,,,,,,,,,,0.01894853077828884,0.48699185252189636,0.4662911593914032,0.01894853077828884,0.48699185252189636,0.4662911593914032
,,,,,,,,,,,,,,,,,,,,,,,,,,0.0187737587839365,0.4663184583187103,0.44755199551582336,0.0187737587839365,0.4663184583187103,0.44755199551582336
,,,,,,,,,,,,,,,,,,,,,,,,,,0.018970198929309845,0.44973328709602356,0.43022993206977844,0.018970198929309845,0.44973328709602356,0.43022993206977844
,,,,,,,,,,,,,,,,,,,,,,,,,,0.01922008953988552,0.436230331659317,0.4165762662887573,0.01922008953988552,0.436230331659317,0.4165762662887573
8789940000.0,120.11,7.699999809265137,6188634112.0,18.61723720330691,4832.0,0.084228515625,79183872.0,166212.99240231514,0.0007580576930195093,0.00396728515625,1.9751619100570679,-0.019421271979808807,0.8294774889945984,-0.019751617684960365,0.0003303457051515579,0.0,-0.007214746903628111,1.2940608263015747,0.6903670981983917,6.748225212097168,2.056657552719116,6.741010665893555,2.3255789279937744,880.0446500778198,4.2002952098846436,,,,,,
8789940000.0,87.87,8.699999809265137,6391222784.0,2378.167698367413,4833.0,0.087890625,79200256.0,166219.8817398548,0.0007347118225879967,0.00396728515625,1.995324969291687,-0.019991563633084297,0.5793211460113525,-0.019953249022364616,-3.831181675195694e-05,0.0,0.07779178023338318,1.0723865032196045,0.7623464638502515,6.735084533691406,1.9619582891464233,6.8128767013549805,2.199780225753784,6.889337539672852,4.192255735397339,,,,,,
8789940000.0,86.66,8.5,6391222784.0,2424.5719941949546,4834.0,0.081787109375,79216640.0,166226.6392211914,0.0009759830427356064,0.0062255859375,1.9845693111419678,-0.01980488747358322,0.6005668640136719,-0.019845694303512573,4.0804967284202576e-05,0.0,0.01739063858985901,1.0985320806503296,0.7506948338676035,6.640507221221924,1.9634389877319336,6.65789794921875,2.200124979019165,6.757481336593628,4.196339845657349,,,,,,
8789940000.0,106.91,8.0,6391222784.0,2402.17365988136,4835.0,0.0762939453125,79233024.0,166233.459710598,0.0010920217027887702,0.0081787109375,1.9193588495254517,-0.019078165292739868,0.7123016119003296,-0.019193587824702263,0.00011542253196239471,0.0,-0.015239302068948746,1.1942007541656494,0.7159873360961073,6.628912925720215,1.914231538772583,6.613674163818359,2.2408289909362793,6.820489406585693,4.199434757232666,,,,,,
8789940000.0,112.35,8.399999618530273,6391222784.0,2437.46004287295,4836.0,0.0909423828125,79249408.0,166240.18146181107,0.0010804412886500359,0.00457763671875,1.9344868659973145,-0.01889333315193653,0.602800190448761,-0.019344868138432503,0.0004515359178185463,0.0,0.06956195831298828,1.0970823764801025,0.7557665106150262,6.8515496253967285,1.9331159591674805,6.921111583709717,2.219916582107544,6.7217512130737305,4.1888651847839355,,,,,,
8789940000.0,85.51,8.899999618530273,6391222784.0,2372.011594226911,4837.0,0.093994140625,79265792.0,166247.08867931366,0.000797103566583246,0.00347900390625,1.911729097366333,-0.019255604594945908,0.6340669393539429,-0.019117290154099464,-0.00013831350952386856,0.0,0.041813597083091736,1.1257269382476807,0.7477960098545746,6.895281791687012,1.9708346128463745,6.937095642089844,2.24159574508667,6.907217502593994,4.208634853363037,,,,,,
8789940000.0,88.06,8.699999809265137,6391222784.0,2391.452785778348,4838.0,0.0885009765625,79282176.0,166253.93974494934,0.0011150193167850375,0.00634765625,1.9629039764404297,-0.01920219138264656,0.5771125555038452,-0.019629040732979774,0.00042684096843004227,0.0,0.0396876186132431,1.0731981992721558,0.7577287344799442,6.900454521179199,1.945198893547058,6.9401421546936035,2.180363178253174,6.851065635681152,4.17709755897522,,,,,,
8789940000.0,89.71,8.399999618530273,6391222784.0,2426.5717825618344,4839.0,0.0830078125,79298560.0,166260.69165730476,0.0009550931863486767,0.00653076171875,1.9563747644424438,-0.01972809061408043,0.5994366407394409,-0.019563745707273483,-0.00016434281133115292,0.0,-0.0017303901258856058,1.0943527221679688,0.758985159956048,6.81547737121582,1.984870433807373,6.813746452331543,2.229130506515503,6.751912355422974,4.2079901695251465,,,,,,
8789940000.0,97.62,7.599999904632568,6391222784.0,2444.6059435966204,4840.0,0.068359375,79314944.0,166267.3937599659,0.0016949070850387216,0.0146484375,2.0126466751098633,-0.02001933380961418,0.6592520475387573,-0.0201264675706625,0.00010713376104831696,0.0,-0.12604057788848877,1.1432538032531738,0.7355480310312892,6.492975234985352,1.9097267389297485,6.366934299468994,2.2231521606445312,6.7021026611328125,4.201674938201904,,,,,,
8789940000.0,130.74,7.900000095367432,6391222784.0,2444.307955411528,4841.0,0.0732421875,79331328.0,166274.0966796875,0.0009864913299679756,0.00592041015625,2.009793281555176,-0.019100721925497055,0.5697171688079834,-0.02009793184697628,0.0009972108528017998,0.0,-0.004387945402413607,1.0666533708572388,0.7672701693918826,6.465003490447998,1.8963797092437744,6.460615634918213,2.2110445499420166,6.7029197216033936,4.1973652839660645,,,,,,
8789940000.0,72.19,9.199999809265137,6391222784.0,2450.332405026343,4842.0,0.0823974609375,79347712.0,166280.78311944008,0.0010067231487482786,0.00677490234375,1.9844638109207153,-0.01975151337683201,0.5040771961212158,-0.01984463818371296,9.312108159065247e-05,0.0,0.09107841551303864,0.9951687455177307,0.7883978518755594,6.666921138763428,1.9148575067520142,6.757999420166016,2.1633987426757812,6.686439752578735,4.190474033355713,,,,,,
8789940000.0,109.41,8.800000190734863,6391222784.0,2427.441543180706,4843.0,0.0701904296875,79364096.0,166287.53261256218,0.0008939283434301615,0.00592041015625,2.008373498916626,-0.019583338871598244,0.48416006565093994,-0.020083734765648842,0.0005003977566957474,0.0,0.033443573862314224,0.98790442943573,0.7676098704014304,6.776350975036621,1.8933138847351074,6.8097944259643555,2.0493013858795166,6.74949312210083,4.191855430603027,,,,,,
8789940000.0,128.34,8.199999809265137,6391222784.0,2451.6393067416207,4844.0,0.07568359375,79380480.0,166294.215487957,0.000882828957401216,0.0040283203125,1.9854398965835571,-0.020081069320440292,0.5864496231079102,-0.01985439844429493,-0.00022667087614536285,0.0,0.05580708384513855,1.0835243463516235,0.7288354260911745,6.930113792419434,1.7916920185089111,6.9859209060668945,2.080761194229126,6.682875394821167,4.176128149032593,,,,,,
8789940000.0,111.46,7.800000190734863,6391222784.0,2421.1333835860914,4845.0,0.0762939453125,79396864.0,166300.98256659508,0.0011450046440586448,0.00445556640625,1.9896502494812012,-0.02039177529513836,0.638731062412262,-0.019896503537893295,-0.0004952754825353622,0.0,-0.015002621337771416,1.1300936937332153,0.6863625333139857,6.997641563415527,1.7640897035598755,6.982638359069824,2.0179030895233154,6.767078638076782,4.198575019836426,,,,,,
8789940000.0,85.91,8.399999618530273,6391222784.0,2415.8882259286124,4846.0,0.0775146484375,79413248.0,166307.76433730125,0.0005853964248672128,0.0025634765625,1.9957648515701294,-0.01963764801621437,0.5586507320404053,-0.01995764672756195,0.0003199989441782236,0.0,-0.041952479630708694,1.0571702718734741,0.7347326164292483,6.995296478271484,1.7981010675430298,6.953344345092773,2.0525949001312256,6.781770706176758,4.1776323318481445,,,,,,
8789940000.0,117.26,8.5,6391222784.0,2399.0682361365825,4847.0,0.0640869140625,79429632.0,166314.59365534782,0.0006519928574562073,0.00372314453125,2.021632194519043,-0.0197896771132946,0.4187975525856018,-0.02021631971001625,0.00042665284126996994,0.0,-0.024526000022888184,0.9143503904342651,0.7786166137050993,6.7268571853637695,1.6970232725143433,6.70233154296875,1.9433008432388306,6.829318046569824,4.1821675300598145,,,,,,
8789940000.0,113.51,8.600000381469727,6391222784.0,2416.684900468011,4848.0,0.0689697265625,79446016.0,166321.37319040298,0.0017553353682160378,0.015380859375,1.9851646423339844,-0.020085645839571953,0.531637966632843,-0.019851647317409515,-0.00023400038480758667,0.0,-0.030264535918831825,1.0305755138397217,0.7463599892720154,6.656664848327637,1.7703337669372559,6.626400947570801,2.046308994293213,6.7795350551605225,4.188080310821533,,,,,,
8789940000.0,112.5,8.5,6391222784.0,2417.966016129631,4849.0,0.068359375,79462400.0,166328.14913344383,0.0010520536452531815,0.0057373046875,2.0002834796905518,-0.019712116569280624,0.47512614727020264,-0.020002834498882294,0.0002907188609242439,0.0,0.0438263900578022,0.9741379618644714,0.7573840985361869,6.5579071044921875,1.7228597402572632,6.601733684539795,1.9777021408081055,6.775943040847778,4.177964925765991,,,,,,
8789940000.0,134.62,8.0,6391222784.0,2364.0111897840366,4850.0,0.067138671875,79478784.0,166335.079726696,0.0019145063124597073,0.01519775390625,2.0225906372070312,-0.020118163898587227,0.518216609954834,-0.020225904881954193,0.00010773912072181702,0.0,-0.03452306240797043,1.0183664560317993,0.7757178585072928,6.674735069274902,1.8535484075546265,6.640212059020996,2.1503381729125977,6.930593252182007,4.22425103187561,,,,,,
8789940000.0,113.49,8.199999809265137,6391222784.0,2411.3797757666416,4851.0,0.069580078125,79495168.0,166341.87417697906,0.0012533850967884064,0.01080322265625,1.9903379678726196,-0.02003847435116768,0.4842042326927185,-0.019903378561139107,-0.00013509392738342285,0.0,0.028472524136304855,0.980473518371582,0.7643473692238983,6.558189868927002,1.7707185745239258,6.586662769317627,2.019760847091675,6.794450283050537,4.202765226364136,,,,,,
8789940000.0,115.65,8.600000381469727,6391222784.0,2421.8308403827577,4852.0,0.072021484375,79511552.0,166348.63930678368,0.0016445519868284464,0.011962890625,1.9655382633209229,-0.018356110900640488,0.49987244606018066,-0.01965538039803505,0.0012992732226848602,0.0,-0.030749721452593803,0.9960108995437622,0.7577584574773325,6.718644618988037,1.7579962015151978,6.687894821166992,2.023670196533203,6.765129804611206,4.184825897216797,,,,,,
8789940000.0,118.7,8.300000190734863,6391222784.0,2392.2859725336184,4853.0,0.0543212890625,79527936.0,166355.48798632622,0.001148459268733859,0.0074462890625,2.0101170539855957,-0.019760344177484512,0.4754752516746521,-0.020101170986890793,0.00034082215279340744,0.0,-0.01532937865704298,0.9686338305473328,0.7306099688591463,6.368006229400635,1.6677963733673096,6.352676868438721,1.8662455081939697,6.848679542541504,4.191988229751587,,,,,,
8789940000.0,139.72,7.5,6391222784.0,2440.9627332625478,4854.0,0.047607421875,79544320.0,166362.20009207726,0.0018348984885960817,0.01556396484375,2.015932559967041,-0.019848881289362907,0.468621164560318,-0.020159324631094933,0.00031044427305459976,0.0,-0.11345342546701431,0.9641991853713989,0.7366925612105388,6.184502601623535,1.6063215732574463,6.071048736572266,1.8790345191955566,6.712105751037598,4.201341152191162,,,,,,
8789940000.0,138.32,8.0,6391222784.0,2396.103830747867,4855.0,0.05126953125,79560704.0,166369.03785920143,0.0014647807693108916,0.01177978515625,1.9996572732925415,-0.019917171448469162,0.4459492564201355,-0.01999657414853573,7.940176874399185e-05,0.0,-0.02338642068207264,0.9429574608802795,0.7570396372036187,6.192069053649902,1.6471666097640991,6.168682098388672,1.913041114807129,6.837767124176025,4.196267127990723,,,,,,
8789940000.0,172.2,7.800000190734863,6391222784.0,2272.6399167768272,4856.0,0.0494384765625,79577088.0,166376.24709630013,0.0012032885570079088,0.00860595703125,2.002380609512329,-0.02007133513689041,0.4714660048484802,-0.020023806020617485,-4.753097891807556e-05,0.0,-0.003179154358804226,0.9720345735549927,0.7551876471950582,6.079329490661621,1.7083793878555298,6.076149940490723,1.9645580053329468,7.209237098693848,4.338379383087158,,,,,,
8789940000.0,148.18,8.0,6391222784.0,2419.5237028514966,4857.0,0.064697265625,79593472.0,166383.01867699623,0.001155354082584381,0.00909423828125,1.962050199508667,-0.019470395520329475,0.5630768537521362,-0.01962050050497055,0.00015010498464107513,0.0,0.022260382771492004,1.060402750968933,0.7476122865330945,6.372233867645264,1.8130180835723877,6.39449405670166,2.1107499599456787,6.771580696105957,4.199787378311157,,,,,,
8789940000.0,108.32,8.100000381469727,6391222784.0,2439.185455500588,4858.0,0.068359375,79609856.0,166389.73567342758,0.0009316044743172824,0.005126953125,1.975595474243164,-0.02055550552904606,0.599907636642456,-0.019755953922867775,-0.0007995525375008583,0.0,0.020315613597631454,1.0963187217712402,0.7380926073433924,6.412420272827148,1.8756755590438843,6.432735919952393,2.142214059829712,6.716996431350708,4.200661897659302,,,,,,
8789940000.0,128.67,8.5,6391222784.0,2426.9297429568,4859.0,0.0738525390625,79626240.0,166396.4865899086,0.0010828779777511954,0.0068359375,1.9842991828918457,-0.020025964826345444,0.5563345551490784,-0.01984299346804619,-0.0001829736866056919,0.0,0.0782897025346756,1.0548475980758667,0.7569072651145938,6.540448188781738,1.867974877357483,6.618737697601318,2.1394577026367188,6.750916481018066,4.191592454910278,,,,,,
8789940000.0,79.68,9.600000381469727,6391222784.0,2368.26769844706,4860.0,0.0872802734375,79642624.0,166403.4047267437,0.001302890945225954,0.00537109375,2.0125794410705566,-0.019254913553595543,0.3633781671524048,-0.020125795155763626,0.0008708806708455086,0.0,0.1155930757522583,0.8515681624412537,0.8282052177525593,6.887262344360352,1.8983755111694336,7.00285530090332,2.054539918899536,6.918136835098267,4.353619337081909,,,,,,
8789940000.0,119.79,8.0,6391222784.0,2424.7124658303296,4861.0,0.0714111328125,79659008.0,166410.16181659698,0.0009785915026441216,0.0029296875,2.050285577774048,-0.02031371183693409,0.5225815176963806,-0.020502854138612747,0.00018914416432380676,0.0,-0.03519853204488754,1.0187408924102783,0.7647194872220533,6.774306774139404,1.8564876317977905,6.739108085632324,2.1002495288848877,6.757089853286743,4.1867101192474365,,,,,,
8789940000.0,95.0,8.5,6391222784.0,2394.63363589625,4862.0,0.0732421875,79675392.0,166417.0037817955,0.001925520016811788,0.01409912109375,2.032905101776123,-0.02004382014274597,0.5354200601577759,-0.020329052582383156,0.00028523243963718414,0.0,-0.02019920013844967,1.0321929454803467,0.7526529409056711,6.789603233337402,1.854489803314209,6.769403457641602,2.075425624847412,6.841965198516846,4.313915014266968,,,,,,
8789940000.0,120.46,8.199999809265137,6391222784.0,2435.9109582692167,4863.0,0.0689697265625,79691776.0,166423.72980761528,0.0008862802060320973,0.00506591796875,2.0267860889434814,-0.019689083099365234,0.550068199634552,-0.02026785910129547,0.0005787760019302368,0.0,-0.04755523055791855,1.0489062070846558,0.7385813154959637,6.746456146240234,1.814975619316101,6.69890022277832,2.0514843463897705,6.726025819778442,4.203339576721191,,,,,,
,,,,,,,,,,,,,,,,,,,,,,,,,,0.01911427080631256,0.5756295919418335,0.5311631560325623,0.01911427080631256,0.5756295919418335,0.5311631560325623
,,,,,,,,,,,,,,,,,,,,,,,,,,0.017473038285970688,0.5232757925987244,0.5009031891822815,0.017473038285970688,0.5232757925987244,0.5009031891822815
,,,,,,,,,,,,,,,,,,,,,,,,,,0.01702950708568096,0.49596941471099854,0.4785335958003998,0.01702950708568096,0.49596941471099854,0.4785335958003998
,,,,,,,,,,,,,,,,,,,,,,,,,,0.017430651932954788,0.47717228531837463,0.45995470881462097,0.017430651932954788,0.47717228531837463,0.45995470881462097
,,,,,,,,,,,,,,,,,,,,,,,,,,0.0173170268535614,0.46120285987854004,0.4463626444339752,0.0173170268535614,0.46120285987854004,0.4463626444339752
,,,,,,,,,,,,,,,,,,,,,,,,,,0.01772390864789486,0.44661036133766174,0.43048375844955444,0.01772390864789486,0.44661036133766174,0.43048375844955444
8789940000.0,139.39,8.199999809265137,6188634112.0,18.546040811878594,4864.0,0.0732421875,79708160.0,167307.1528608799,0.0008206256898120046,0.0050048828125,2.0228359699249268,-0.02020232379436493,0.5439806580543518,-0.02022835798561573,2.6036985218524933e-05,0.0,-0.0012989025563001633,1.0396724939346313,0.7743927189382208,6.581625938415527,1.9420298337936401,6.580327033996582,2.188871383666992,883.4230532646179,4.195533275604248,,,,,,
8789940000.0,97.55,8.600000381469727,6391222784.0,2292.1980627643434,4865.0,0.076904296875,79724544.0,167314.30058526993,0.0005391796003095806,0.00152587890625,2.0087051391601562,-0.019829558208584785,0.5196834802627563,-0.020087050274014473,0.00025749392807483673,0.0,0.03078412637114525,1.0184954404830933,0.7823773568620359,6.620551109313965,1.9594848155975342,6.651334762573242,2.183267593383789,7.147724390029907,4.189409255981445,,,,,,
8789940000.0,124.65,7.400000095367432,6391222784.0,2301.235598657839,4866.0,0.057373046875,79740928.0,167321.4202387333,0.0011265781940892339,0.00823974609375,2.044619083404541,-0.019934969022870064,0.6135391592979431,-0.020446188747882843,0.0005112197250127792,0.0,-0.08604574203491211,1.1043744087219238,0.7184151107933241,6.379561424255371,1.8077239990234375,6.293515682220459,2.0811898708343506,7.1196534633636475,4.1920506954193115,,,,,,
8789940000.0,110.59,8.100000381469727,6391222784.0,2331.698465118618,4867.0,0.06591796875,79757312.0,167328.44687628746,0.0012859830167144537,0.0091552734375,2.0566246509552,-0.02040974609553814,0.5269623398780823,-0.020566247403621674,0.0001565041020512581,0.0,0.005438081920146942,1.024627685546875,0.772366128770995,6.364884376525879,1.873885989189148,6.370322227478027,2.147571563720703,7.026637554168701,4.188671588897705,,,,,,
8789940000.0,129.72,8.300000190734863,6391222784.0,2423.8627840547556,4868.0,0.06591796875,79773696.0,167335.20633482933,0.0017267873045057058,0.0146484375,2.0960910320281982,-0.019699381664395332,0.5257233381271362,-0.020960908383131027,0.0012615309096872807,0.0,-0.025042971596121788,1.0236399173736572,0.7713414407528654,6.384995460510254,1.8679649829864502,6.359951972961426,2.140688180923462,6.759458541870117,4.200699806213379,,,,,,
8789940000.0,139.01,7.699999809265137,6391222784.0,2415.576563920221,4869.0,0.0543212890625,79790080.0,167341.9889805317,0.002398540498688817,0.0191650390625,2.081202745437622,-0.020558491349220276,0.5507498383522034,-0.020812025293707848,0.0002535339444875717,0.0,-0.03742273524403572,1.050210952758789,0.7167499463487976,6.278655529022217,1.7326122522354126,6.241232872009277,1.9732922315597534,6.7826457023620605,4.187861442565918,,,,,,
8789940000.0,112.18,8.300000190734863,6391222784.0,2411.9430253443725,4870.0,0.0738525390625,79806464.0,167348.7818441391,0.0006205430254340172,0.00262451171875,2.022319793701172,-0.020537110045552254,0.6100665926933289,-0.02022319845855236,-0.0003139125183224678,0.0,-0.02418648637831211,1.1044347286224365,0.7542189350766976,6.486804485321045,1.8667879104614258,6.462618350982666,2.2277474403381348,6.792863607406616,4.207907676696777,,,,,,
8789940000.0,86.12,8.600000381469727,6391222784.0,2407.4742392164076,4871.0,0.0872802734375,79822848.0,167355.58731675148,0.0009433181257918477,0.00311279296875,1.9846651554107666,-0.020324327051639557,0.5481152534484863,-0.019846651703119278,-0.00047767534852027893,0.0,0.039870887994766235,1.0429452657699585,0.7865126128369834,6.705474853515625,1.9414058923721313,6.7453460693359375,2.2572271823883057,6.8054726123809814,4.189406633377075,,,,,,
8789940000.0,116.56,8.600000381469727,6391222784.0,2387.2000891524585,4872.0,0.0732421875,79839232.0,167362.45058727264,0.0009878771379590034,0.00347900390625,2.008334159851074,-0.020520761609077454,0.5169721245765686,-0.020083339884877205,-0.0004374217242002487,0.0,0.05224176496267319,1.0168057680130005,0.7781685050867359,6.542109489440918,1.9345825910568237,6.594350814819336,2.1588685512542725,6.86327052116394,4.198249101638794,,,,,,
8789940000.0,108.48,8.600000381469727,6391222784.0,2432.560506987417,4873.0,0.064697265625,79855616.0,167369.18587708473,0.000666774925775826,0.00201416015625,2.0449047088623047,-0.01981506682932377,0.4556899070739746,-0.020449044182896614,0.0006339779356494546,0.0,0.007959481328725815,0.9547680616378784,0.8021582680828124,6.45120096206665,1.9346479177474976,6.459160804748535,2.146540641784668,6.735289812088013,4.1860880851745605,,,,,,
8789940000.0,136.16,8.300000190734863,6391222784.0,2394.922639471588,4874.0,0.069580078125,79872000.0,167376.0270166397,0.00124373659491539,0.00830078125,2.0200400352478027,-0.020575009286403656,0.49149709939956665,-0.020200399681925774,-0.000374610535800457,0.0,0.007830233313143253,0.9935503602027893,0.779223537579406,6.627269744873047,1.8996752500534058,6.635100364685059,2.1145288944244385,6.841139554977417,4.182717800140381,,,,,,
8789940000.0,137.29,7.900000095367432,6391222784.0,2452.328898207556,4875.0,0.067138671875,79888384.0,167382.7080128193,0.0008501449483446777,0.00396728515625,2.021643877029419,-0.02017073519527912,0.5404578447341919,-0.020216437056660652,4.570372402667999e-05,0.0,-0.04551659896969795,1.0381178855895996,0.7538471847986725,6.61513614654541,1.8196295499801636,6.569619178771973,2.092397689819336,6.6809961795806885,4.199612140655518,,,,,,
8789940000.0,120.61,8.899999618530273,6391222784.0,2472.7198749755676,4876.0,0.0677490234375,79904768.0,167389.3339149952,0.0009456017287448049,0.00494384765625,2.0306649208068848,-0.020561182871460915,0.4262858033180237,-0.020306648686528206,-0.00025453604757785797,0.0,0.07544776797294617,0.922059953212738,0.7944338853774747,6.527900218963623,1.8292030096054077,6.6033477783203125,2.0336835384368896,6.62590217590332,4.1735594272613525,,,,,,
8789940000.0,123.06,8.199999809265137,6391222784.0,2448.4177562659947,4877.0,0.0677490234375,79921152.0,167396.02558350563,0.0010526543483138084,0.0062255859375,2.0167229175567627,-0.02084938809275627,0.5119198560714722,-0.02016722969710827,-0.0006821560673415661,0.0,-0.031403496861457825,1.0122934579849243,0.7787085675505343,6.60472297668457,1.9037774801254272,6.573319435119629,2.1519105434417725,6.691668510437012,4.18365216255188,,,,,,
8789940000.0,117.53,8.600000381469727,6391222784.0,2456.034230630161,4878.0,0.0653076171875,79937536.0,167402.69650030136,0.0009567017550580204,0.0052490234375,2.0066897869110107,-0.019541854038834572,0.494596004486084,-0.020066898316144943,0.0005250438116490841,0.0,-0.010442681610584259,0.9921104311943054,0.7617740841550621,6.586191177368164,1.8273417949676514,6.575748443603516,2.0326642990112305,6.670916795730591,4.173447370529175,,,,,,
8789940000.0,114.69,8.300000190734863,6391222784.0,2423.741644949407,4879.0,0.06103515625,79953920.0,167409.45629668236,0.0009838358964771032,0.00567626953125,2.009763240814209,-0.019800204783678055,0.5160185098648071,-0.020097631961107254,0.00029742531478405,0.0,-0.07124330848455429,1.0150388479232788,0.7613352142803121,6.569864273071289,1.8135544061660767,6.498621463775635,2.077727794647217,6.759796380996704,4.185203552246094,,,,,,
8789940000.0,132.32,8.100000381469727,6391222784.0,2400.4561717448646,4880.0,0.062255859375,79970304.0,167416.28166604042,0.0009891558438539505,0.00494384765625,2.066882610321045,-0.020024918019771576,0.4853394627571106,-0.02066882513463497,0.0006439078133553267,0.0,-0.023624422028660774,0.9831361174583435,0.7657856362189355,6.446441173553467,1.7740906476974487,6.422816276550293,2.0314528942108154,6.825369358062744,4.1752543449401855,,,,,,
8789940000.0,141.28,8.399999618530273,6391222784.0,2408.866685705458,4881.0,0.05615234375,79986688.0,167423.08320474625,0.0008339319610968232,0.0037841796875,2.0700831413269043,-0.02083965390920639,0.4451702833175659,-0.020700829103589058,-0.00013882340863347054,0.0,-0.013125129044055939,0.947367250919342,0.7737631595346678,6.328192234039307,1.7696504592895508,6.315067291259766,1.991759181022644,6.801538705825806,4.187744379043579,,,,,,
8789940000.0,132.89,8.600000381469727,6391222784.0,2404.8214074408443,4882.0,0.052490234375,80003072.0,167429.89618468285,0.001013313652947545,0.0048828125,2.0835776329040527,-0.021131491288542747,0.3630638122558594,-0.020835774019360542,-0.0002957172691822052,0.0,0.016051121056079865,0.8508201837539673,0.8167623131429584,6.218711853027344,1.8015525341033936,6.234763145446777,1.9876066446304321,6.8129799365997314,4.18100118637085,,,,,,
8789940000.0,162.53,8.0,6391222784.0,2426.6993747175834,4883.0,0.052490234375,80019456.0,167436.647742033,0.0007527441484853625,0.00323486328125,2.07200026512146,-0.020071782171726227,0.3882684111595154,-0.02072000317275524,0.0006482205353677273,0.0,-0.07474075257778168,0.8790856003761292,0.8056806250309173,6.105898857116699,1.7644096612930298,6.031158447265625,1.9942201375961304,6.751557350158691,4.178897142410278,,,,,,
8789940000.0,139.38,8.300000190734863,6391222784.0,2450.750898960249,4884.0,0.04638671875,80035840.0,167443.333039999,0.0011824251851066947,0.0064697265625,2.070244550704956,-0.020846165716648102,0.32088035345077515,-0.02070244401693344,-0.00014371983706951141,0.0,0.0036896178498864174,0.8007476925849915,0.8165036745608433,5.96591854095459,1.6680575609207153,5.969607353210449,1.8693114519119263,6.685297966003418,4.191912651062012,,,,,,
8789940000.0,199.25,7.599999904632568,6391222784.0,2445.711925968676,4885.0,0.04638671875,80052224.0,167450.03211188316,0.0010761050507426262,0.005859375,2.0493040084838867,-0.021246422082185745,0.4684704542160034,-0.02049303986132145,-0.000753382220864296,0.0,-0.04954224079847336,0.964747428894043,0.771546699766517,6.038937568664551,1.7853331565856934,5.989395618438721,2.018436908721924,6.699071884155273,4.202822208404541,,,,,,
8789940000.0,155.11,8.199999809265137,6391222784.0,2417.295102024032,4886.0,0.07080078125,80068608.0,167456.80993556976,0.0008863536641001701,0.00311279296875,2.002370834350586,-0.0199139267206192,0.46327775716781616,-0.020023705437779427,0.00010978151112794876,0.0,0.05088396370410919,0.9628971815109253,0.801888106885273,6.233478546142578,1.9021940231323242,6.284361839294434,2.1633379459381104,6.7778236865997314,4.193812131881714,,,,,,
8789940000.0,103.88,8.699999809265137,6391222784.0,2435.918815794147,4887.0,0.081787109375,80084992.0,167463.53593969345,0.0010767756029963493,0.0057373046875,1.9719847440719604,-0.019709283486008644,0.48595646023750305,-0.019719848409295082,1.0564923286437988e-05,0.0,0.09851348400115967,0.9911670088768005,0.7977301702764301,6.540943622589111,1.9867054224014282,6.6394572257995605,2.203845500946045,6.726004123687744,4.177676439285278,,,,,,
8789940000.0,155.4,8.399999618530273,6391222784.0,2429.9138224783806,4888.0,0.062255859375,80101376.0,167470.27856564522,0.0012213108129799366,0.00701904296875,2.012937545776367,-0.020199429243803024,0.46046149730682373,-0.0201293732970953,-7.00540840625763e-05,0.0,0.012893132865428925,0.9606800675392151,0.7842440357575913,6.298649787902832,1.8759781122207642,6.311542510986328,2.0682222843170166,6.742625951766968,4.174699306488037,,,,,,
8789940000.0,139.0,8.5,6391222784.0,2390.259546389145,4889.0,0.0604248046875,80117760.0,167477.13305139542,0.0010703490115702152,0.00665283203125,2.025080442428589,-0.019581668078899384,0.43764904141426086,-0.020250800997018814,0.0006691338494420052,0.0,0.02814338728785515,0.9361170530319214,0.7812160850506248,6.354668140411377,1.784256935119629,6.382811546325684,2.001347780227661,6.854485750198364,4.183826684951782,,,,,,
8789940000.0,106.35,8.600000381469727,6391222784.0,2388.301125637968,4890.0,0.069580078125,80134144.0,167483.99315786362,0.0007535297190770507,0.00360107421875,1.9767398834228516,-0.020137427374720573,0.5328772664070129,-0.0197673961520195,-0.0003700312227010727,0.0,0.02055417373776436,1.0314199924468994,0.746785966948393,6.659096717834473,1.8346712589263916,6.679650783538818,2.0497066974639893,6.860106468200684,4.234087944030762,,,,,,
8789940000.0,113.06,8.100000381469727,6391222784.0,2419.2222590420265,4891.0,0.05859375,80150528.0,167490.76558232307,0.0009175523300655186,0.00518798828125,2.032378911972046,-0.019807690754532814,0.5079570412635803,-0.02032378688454628,0.0005160961300134659,0.0,-0.023248789831995964,1.0074377059936523,0.7672059758001519,6.445967197418213,1.8296358585357666,6.422718048095703,2.0880086421966553,6.7724244594573975,4.190226078033447,,,,,,
8789940000.0,142.46,7.800000190734863,6391222784.0,2417.1386543125273,4892.0,0.062255859375,80166912.0,167497.54384469986,0.001097882748581469,0.00738525390625,2.0339512825012207,-0.020369580015540123,0.5174563527107239,-0.020339513197541237,-3.0063092708587646e-05,0.0,-0.03499411419034004,1.0148063898086548,0.7799896305400627,6.339345932006836,1.9088904857635498,6.304351806640625,2.1635239124298096,6.778262376785278,4.179150342941284,,,,,,
8789940000.0,119.73,8.5,6391222784.0,2392.6566307558855,4893.0,0.0653076171875,80183296.0,167504.39146327972,0.0009433433297090232,0.0048828125,2.044855833053589,-0.02051004022359848,0.3983052670955658,-0.020448556169867516,-6.148219108581543e-05,0.0,-0.009131316095590591,0.8914362788200378,0.8113579102570418,6.24430513381958,1.8492261171340942,6.235174179077148,2.052443742752075,6.847618579864502,4.196054697036743,,,,,,
8789940000.0,160.06,7.800000190734863,6391222784.0,2413.5994275314415,4894.0,0.047607421875,80199680.0,167511.17966508865,0.0009167972020804882,0.005859375,2.0757861137390137,-0.020448213443160057,0.44681933522224426,-0.02075786143541336,0.0003096475265920162,0.0,-0.050692878663539886,0.9463418126106262,0.7729597787706116,6.118827819824219,1.7496715784072876,6.0681352615356445,1.9860804080963135,6.788201808929443,4.2101945877075195,,,,,,
8789940000.0,102.54,8.899999618530273,6391222784.0,2443.231733868317,4895.0,0.074462890625,80216064.0,167517.88553738594,0.001234862138517201,0.0087890625,2.013401985168457,-0.019199436530470848,0.49199408292770386,-0.02013401873409748,0.0009345854632556438,0.0,0.05675434321165085,0.991913378238678,0.7827183334696348,6.521437644958496,1.882907748222351,6.578191757202148,2.1279540061950684,6.705872297286987,4.174811601638794,,,,,,
,,,,,,,,,,,,,,,,,,,,,,,,,,0.018615081906318665,0.5131092071533203,0.4843866229057312,0.018615081906318665,0.5131092071533203,0.4843866229057312
,,,,,,,,,,,,,,,,,,,,,,,,,,0.02047123573720455,0.4760952591896057,0.4572039544582367,0.02047123573720455,0.4760952591896057,0.4572039544582367
,,,,,,,,,,,,,,,,,,,,,,,,,,0.017538418993353844,0.4464988112449646,0.4332118630409241,0.017538418993353844,0.4464988112449646,0.4332118630409241
,,,,,,,,,,,,,,,,,,,,,,,,,,0.017056642100214958,0.4304797947406769,0.41656923294067383,0.017056642100214958,0.4304797947406769,0.41656923294067383
,,,,,,,,,,,,,,,,,,,,,,,,,,0.01736270636320114,0.4143657088279724,0.40259048342704773,0.01736270636320114,0.4143657088279724,0.40259048342704773
,,,,,,,,,,,,,,,,,,,,,,,,,,0.018041033297777176,0.40157243609428406,0.387996643781662,0.018041033297777176,0.40157243609428406,0.387996643781662
8789940000.0,167.98,8.100000381469727,6188634112.0,18.6104329895443,4896.0,0.072021484375,80232448.0,168398.25194311142,0.0010972495656460524,0.00701904296875,2.0429253578186035,-0.020392047241330147,0.5135000348091125,-0.020429251715540886,3.7200283259153366e-05,0.0,-0.013289160095155239,1.0136983394622803,0.780838638724485,6.422780513763428,1.9046761989593506,6.409491062164307,2.1653430461883545,880.3664057254791,4.179917335510254,,,,,,
8789940000.0,108.82,8.699999809265137,6391222784.0,2413.5394954757908,4897.0,0.0592041015625,80248832.0,168405.04031348228,0.0007777507416903973,0.00341796875,2.0624301433563232,-0.01988903433084488,0.4338077902793884,-0.020624302327632904,0.0007352679967880249,0.0,0.04042888432741165,0.9245752096176147,0.7919238435223097,6.338719367980957,1.818750023841858,6.379148006439209,2.0268938541412354,6.788370370864868,4.196740627288818,,,,,,
8789940000.0,100.81,8.5,6391222784.0,2406.423123352991,4898.0,0.0634765625,80265216.0,168411.8487586975,0.0010504996171221137,0.00506591796875,2.0676918029785156,-0.02081993594765663,0.49958333373069763,-0.02067691832780838,-0.00014301761984825134,0.0,0.0029633291997015476,0.9980173707008362,0.7679021070930246,6.311946392059326,1.8709821701049805,6.314909934997559,2.071584701538086,6.80844521522522,4.175852298736572,,,,,,
8789940000.0,151.79,8.199999809265137,6391222784.0,2427.8477935581627,4899.0,0.059814453125,80281600.0,168418.5971224308,0.0006357930833473802,0.002197265625,2.086463212966919,-0.02069300040602684,0.45011335611343384,-0.020864631980657578,0.00017163250595331192,0.0,-0.015108760446310043,0.9482311606407166,0.7867303075347244,6.311515808105469,1.8376303911209106,6.296407222747803,2.0532875061035156,6.748363733291626,4.1859307289123535,,,,,,
8789940000.0,148.42,8.199999809265137,6391222784.0,2434.1984510275356,4900.0,0.05615234375,80297984.0,168425.32788014412,0.0008769474807195365,0.00311279296875,2.082845687866211,-0.020830882713198662,0.43358176946640015,-0.020828455686569214,-2.4260953068733215e-06,0.0,0.023801004514098167,0.931999921798706,0.790305430785942,6.314931869506836,1.7787721157073975,6.338733673095703,2.0352725982666016,6.730757713317871,4.193629026412964,,,,,,
8789940000.0,139.2,8.699999809265137,6391222784.0,2415.5113543606744,4901.0,0.0616455078125,80314368.0,168432.11070895195,0.0007280072895810008,0.0025634765625,2.089801549911499,-0.020674360916018486,0.4179705083370209,-0.020898014307022095,0.00022365478798747063,0.0,0.005881708115339279,0.9145698547363281,0.7920380276396293,6.490551471710205,1.835934042930603,6.496433258056641,2.0055103302001953,6.7828288078308105,4.186723709106445,,,,,,
8789940000.0,166.12,7.599999904632568,6391222784.0,2386.785441498235,4902.0,0.05126953125,80330752.0,168438.97517180443,0.0009103419142775238,0.0045166015625,2.0523841381073,-0.020660892128944397,0.5534185767173767,-0.020523840561509132,-0.00013705343008041382,0.0,-0.06743834912776947,1.0540612936019897,0.7320840622640311,6.385436534881592,1.771485447883606,6.31799840927124,2.0364162921905518,6.864462852478027,4.202491760253906,,,,,,
8789940000.0,160.8,7.800000190734863,6391222784.0,2447.8528649696445,4903.0,0.047607421875,80347136.0,168445.668384552,0.0006907625356689095,0.00201416015625,2.051680326461792,-0.019953947514295578,0.4957631528377533,-0.020516805350780487,0.0005628587678074837,0.0,-0.03969386965036392,0.9971731901168823,0.7257099196662666,6.154844760894775,1.6810983419418335,6.1151509284973145,1.9039947986602783,6.6932127475738525,4.181022882461548,,,,,,
8789940000.0,147.65,8.600000381469727,6391222784.0,2438.7696900921883,4904.0,0.057373046875,80363520.0,168452.3865261078,0.0012808339670300484,0.00872802734375,2.018674850463867,-0.019888846203684807,0.41516825556755066,-0.02018674835562706,0.0002979002892971039,0.0,0.02445327490568161,0.9063726663589478,0.7821656272469681,6.241275787353516,1.7375633716583252,6.265728950500488,1.9419752359390259,6.718141555786133,4.182851076126099,,,,,,
8789940000.0,146.93,8.300000190734863,6391222784.0,2415.762447467225,4905.0,0.042724609375,80379904.0,168459.16864991188,0.0007133145118132234,0.00341796875,2.0390701293945312,-0.020332258194684982,0.3553537130355835,-0.020390700548887253,5.8443984016776085e-05,0.0,-0.009028281085193157,0.8416123986244202,0.7721545125724787,6.1466264724731445,1.589523434638977,6.137598037719727,1.763160228729248,6.782123804092407,4.193952560424805,,,,,,
8789940000.0,183.93,7.400000095367432,6391222784.0,2425.5046129587663,4906.0,0.0482177734375,80396288.0,168465.9235329628,0.0007774672121740878,0.004638671875,2.0037684440612793,-0.019384587183594704,0.49227258563041687,-0.020037680864334106,0.0006530927494168282,0.0,-0.0782347321510315,0.9862982630729675,0.7455222693944716,6.166534423828125,1.6770352125167847,6.08829927444458,1.9551653861999512,6.754883050918579,4.186477899551392,,,,,,
8789940000.0,148.22,8.199999809265137,6391222784.0,2407.1958587508925,4907.0,0.0592041015625,80412672.0,168472.7297925949,0.001197607023641467,0.009033203125,1.9916126728057861,-0.02017153799533844,0.551399290561676,-0.019916128367185593,-0.0002554105594754219,0.0,-0.004937155172228813,1.0534547567367554,0.7386203534456479,6.26658821105957,1.7593653202056885,6.261651039123535,2.0605363845825195,6.806259632110596,4.203466415405273,,,,,,
8789940000.0,111.97,8.600000381469727,6391222784.0,2400.963576909542,4908.0,0.0677490234375,80429056.0,168479.55371952057,0.0009551480179652572,0.00567626953125,1.989668369293213,-0.020038682967424393,0.5000901222229004,-0.01989668235182762,-0.000141998752951622,0.0,0.05486162379384041,0.9968563318252563,0.7641250953561871,6.378711700439453,1.8070838451385498,6.433572769165039,2.0525386333465576,6.82392692565918,4.168081521987915,,,,,,
8789940000.0,127.02,8.100000381469727,6391222784.0,2432.599601003901,4909.0,0.0701904296875,80445440.0,168486.28890109062,0.0007515278412029147,0.002685546875,1.9487956762313843,-0.01946631819009781,0.5812677145004272,-0.019487956538796425,2.1637417376041412e-05,0.0,0.054577313363552094,1.0773316621780396,0.72570026042173,6.555588245391846,1.778909683227539,6.610165596008301,2.0570125579833984,6.735181570053101,4.192417860031128,,,,,,
8789940000.0,115.76,8.600000381469727,6391222784.0,2397.9342412472815,4910.0,0.079345703125,80461824.0,168493.12144875526,0.0005862156394869089,0.00262451171875,1.9564013481140137,-0.019383827224373817,0.4971194863319397,-0.019564013928174973,0.00018018623813986778,0.0,0.06691650301218033,0.9981536865234375,0.7812546324540215,6.672272205352783,1.8752033710479736,6.7391886711120605,2.1341652870178223,6.832547664642334,4.2075276374816895,,,,,,
8789940000.0,129.56,7.900000095367432,6391222784.0,2470.597943398501,4911.0,0.0787353515625,80478208.0,168499.75304174423,0.0007122841197997332,0.00433349609375,1.9520469903945923,-0.019306376576423645,0.5555832386016846,-0.0195204708725214,0.00021409522742033005,0.0,-0.022341180592775345,1.0513641834259033,0.7668518567985547,6.68560791015625,1.9204692840576172,6.663267135620117,2.177395820617676,6.6315929889678955,4.183229446411133,,,,,,
8789940000.0,95.38,8.5,6391222784.0,2456.709961123127,4912.0,0.059814453125,80494592.0,168506.42212367058,0.00045810663141310215,0.001708984375,1.9866122007369995,-0.01997458189725876,0.4261845648288727,-0.01986612193286419,-0.00010846019722521305,0.0,0.024959377944469452,0.921515941619873,0.7905161124168019,6.409409523010254,1.8116194009780884,6.434369087219238,2.0133895874023438,6.669081926345825,4.180428981781006,,,,,,
8789940000.0,142.71,7.599999904632568,6391222784.0,2453.311811808131,4913.0,0.059814453125,80510976.0,168513.10044312477,0.0008646002970635891,0.00457763671875,1.9916698932647705,-0.020048463717103004,0.5564257502555847,-0.019916698336601257,-0.00013176538050174713,0.0,-0.06989331543445587,1.0534917116165161,0.7504383345383837,6.420409679412842,1.848905086517334,6.350516319274902,2.1088316440582275,6.678319454193115,4.1790313720703125,,,,,,
8789940000.0,124.64,8.800000190734863,6391222784.0,2424.4182810997518,4914.0,0.05859375,80527360.0,168519.85835289955,0.000618818448856473,0.00335693359375,2.0172119140625,-0.01963813789188862,0.3853868246078491,-0.020172119140625,0.0005339817143976688,0.0,0.05262826383113861,0.8769415616989136,0.7971178366222529,6.358828067779541,1.7456070184707642,6.41145658493042,1.9469228982925415,6.757909774780273,4.195675611495972,,,,,,
8789940000.0,125.88,8.5,6391222784.0,2423.595815343587,4915.0,0.0714111328125,80543744.0,168526.61855602264,0.0011529021430760622,0.009521484375,2.0164902210235596,-0.018974000588059425,0.6224668025970459,-0.02016490139067173,0.001190902665257454,0.0,0.01719716563820839,1.1161046028137207,0.7463538471296224,6.566135406494141,1.9170713424682617,6.583332538604736,2.216108560562134,6.760203123092651,4.18184757232666,,,,,,
8789940000.0,122.05,7.800000190734863,6391222784.0,2379.831341536934,4916.0,0.06103515625,80560128.0,168533.50307750702,0.0008378649363294244,0.00567626953125,2.0435292720794678,-0.02008059248328209,0.5170947313308716,-0.020435292273759842,0.00035469885915517807,0.0,-0.01924547366797924,1.010358452796936,0.7743830294055867,6.315099239349365,1.8681907653808594,6.295853614807129,2.127108335494995,6.884521484375,4.191860914230347,,,,,,
8789940000.0,136.34,8.300000190734863,6391222784.0,2402.302730133667,4917.0,0.06591796875,80576512.0,168540.32320046425,0.0009787018643692136,0.00714111328125,2.023437976837158,-0.018855154514312744,0.5643724203109741,-0.020234379917383194,0.0013792254030704498,0.0,0.008588090538978577,1.0604336261749268,0.7535206573091696,6.623242378234863,1.8815780878067017,6.631830215454102,2.135960817337036,6.820122957229614,4.185701608657837,,,,,,
8789940000.0,109.83,8.600000381469727,6391222784.0,2489.0301548371817,4918.0,0.0811767578125,80592896.0,168546.9056839943,0.0010304769966751337,0.005859375,2.0226194858551025,-0.019581444561481476,0.543175458908081,-0.020226193591952324,0.0006447518244385719,0.0,-0.034782566130161285,1.040454626083374,0.7796767799778265,6.764521598815918,1.9528266191482544,6.729739189147949,2.2166290283203125,6.582483530044556,4.190701961517334,,,,,,
8789940000.0,121.19,7.800000190734863,6391222784.0,2392.2773113327553,4919.0,0.0531005859375,80609280.0,168553.75438833237,0.0013469660189002752,0.00933837890625,2.022575855255127,-0.01993098109960556,0.5126017332077026,-0.020225759595632553,0.00029478035867214203,0.0,-0.026734787970781326,1.00947904586792,0.7377910889672588,6.257513999938965,1.7284445762634277,6.230778694152832,1.9713943004608154,6.8487043380737305,4.20377779006958,,,,,,
8789940000.0,126.3,8.600000381469727,6391222784.0,2415.718372901452,4920.0,0.06103515625,80625664.0,168560.5366358757,0.0007186329457908869,0.00372314453125,2.0430455207824707,-0.020217208191752434,0.4508051872253418,-0.02043045498430729,0.00021324341651052237,0.0,-0.0019321232102811337,0.9468206167221069,0.7864844511854366,6.277012348175049,1.8094639778137207,6.27508020401001,2.0490520000457764,6.782247543334961,4.188024520874023,,,,,,
8789940000.0,127.58,8.100000381469727,6391222784.0,2444.3199535319573,4921.0,0.0518798828125,80642048.0,168567.23952269554,0.0005277554737403989,0.001953125,2.0354113578796387,-0.020244058221578598,0.3873157799243927,-0.02035411447286606,0.00011005252599716187,0.0,-0.0329577811062336,0.8808340430259705,0.8103635023230351,6.154296875,1.790594220161438,6.121338844299316,2.022707223892212,6.7028868198394775,4.204462289810181,,,,,,
8789940000.0,126.22,8.5,6391222784.0,2434.00799538045,4922.0,0.0567626953125,80658432.0,168573.9708070755,0.0008782573277130723,0.0035400390625,2.031552314758301,-0.020162595435976982,0.4285748600959778,-0.02031552419066429,0.00015292782336473465,0.0,0.02813415788114071,0.9230376482009888,0.8110137109923962,6.33870792388916,1.8946694135665894,6.366841793060303,2.123265027999878,6.7312843799591064,4.183192491531372,,,,,,
8789940000.0,130.75,8.199999809265137,6391222784.0,2459.175012644879,4923.0,0.069580078125,80674816.0,168580.6332039833,0.0007925250683911145,0.00372314453125,2.0539612770080566,-0.020958255976438522,0.5150165557861328,-0.02053961344063282,-0.00041864626109600067,0.0,0.02453053742647171,1.0090302228927612,0.7878674088266342,6.355672359466553,1.9712196588516235,6.3802032470703125,2.1907901763916016,6.6623969078063965,4.170102596282959,,,,,,
8789940000.0,144.66,8.300000190734863,6391222784.0,2429.290621799203,4924.0,0.0634765625,80691200.0,168587.37755966187,0.0018293646862730384,0.01385498046875,2.041762351989746,-0.020362596958875656,0.4396212697029114,-0.020417621359229088,5.50274271517992e-05,0.0,0.04202168434858322,0.9355848431587219,0.8062267708693188,6.386419296264648,1.8941981792449951,6.428441047668457,2.1253786087036133,6.74435567855835,4.163971900939941,,,,,,
8789940000.0,125.12,8.300000190734863,6391222784.0,2428.55942377112,4925.0,0.06591796875,80707584.0,168594.12394595146,0.0009084870689548552,0.00390625,2.0493385791778564,-0.020711813122034073,0.5313247442245483,-0.020493388175964355,-0.0002184249460697174,0.0,0.004745942074805498,1.0303548574447632,0.7716885236595482,6.449089050292969,1.913688063621521,6.453834533691406,2.1563680171966553,6.746386289596558,4.1933839321136475,,,,,,
8789940000.0,123.16,8.600000381469727,6391222784.0,2418.405442073065,4926.0,0.06591796875,80723968.0,168600.89865779877,0.0009810604387894273,0.00469970703125,2.036202907562256,-0.020421335473656654,0.5031906366348267,-0.02036202885210514,-5.930475890636444e-05,0.0,0.07245779037475586,1.0036786794662476,0.7750858822834172,6.602479934692383,1.9094159603118896,6.674938201904297,2.1163458824157715,6.774711847305298,4.177032709121704,,,,,,
8789940000.0,91.8,8.5,6391222784.0,2447.976164681085,4927.0,0.078125,80740352.0,168607.59153342247,0.001464025815948844,0.01031494140625,2.0093789100646973,-0.02002524584531784,0.5583513975143433,-0.02009378932416439,6.854487583041191e-05,0.0,0.014248952269554138,1.0574837923049927,0.7743064008775173,6.759387969970703,1.9883533716201782,6.773636817932129,2.2259435653686523,6.692875623703003,4.183722496032715,,,,,,
,,,,,,,,,,,,,,,,,,,,,,,,,,0.016230205073952675,0.5060107111930847,0.47303590178489685,0.016230205073952675,0.5060107111930847,0.47303590178489685
,,,,,,,,,,,,,,,,,,,,,,,,,,0.016620326787233353,0.46169281005859375,0.443723201751709,0.016620326787233353,0.46169281005859375,0.443723201751709
,,,,,,,,,,,,,,,,,,,,,,,,,,0.016813697293400764,0.4410090446472168,0.42500343918800354,0.016813697293400764,0.4410090446472168,0.42500343918800354
,,,,,,,,,,,,,,,,,,,,,,,,,,0.01619614101946354,0.42283087968826294,0.40941494703292847,0.01619614101946354,0.42283087968826294,0.40941494703292847
,,,,,,,,,,,,,,,,,,,,,,,,,,0.01599157601594925,0.40750232338905334,0.39491188526153564,0.01599157601594925,0.40750232338905334,0.39491188526153564
,,,,,,,,,,,,,,,,,,,,,,,,,,0.016443725675344467,0.3946831226348877,0.3821834325790405,0.016443725675344467,0.3946831226348877,0.3821834325790405
8789940000.0,101.75,8.300000190734863,6188634112.0,18.6007383435789,4928.0,0.067138671875,80756736.0,169488.41678333282,0.00045989584759809077,0.00103759765625,2.0090672969818115,-0.019624657928943634,0.6289485096931458,-0.020090671256184578,0.0004660133272409439,0.0,0.0084545211866498,1.1224311590194702,0.7322921899008324,6.567923545837402,1.952642560005188,6.576378345489502,2.1693484783172607,880.8252499103546,4.1865174770355225,,,,,,
8789940000.0,103.89,8.699999809265137,6391222784.0,2431.9475669244543,4929.0,0.0872802734375,80773120.0,169495.1537706852,0.0005099233821965754,0.00048828125,1.991647720336914,-0.019883882254362106,0.5526564121246338,-0.0199164766818285,3.258930519223213e-05,0.0,0.0355636402964592,1.0503357648849487,0.7675515343918256,6.881913185119629,1.9325088262557983,6.917476654052734,2.1785361766815186,6.736987352371216,4.192168712615967,,,,,,
8789940000.0,104.84,8.100000381469727,6391222784.0,2419.8645040218935,4930.0,0.0750732421875,80789504.0,169501.924397707,0.0006253800820559263,0.00213623046875,1.950631856918335,-0.019717898219823837,0.6532409191131592,-0.019506318494677544,-0.00021158065646886826,0.0,0.012971512973308563,1.14336359500885,0.7034080560906131,6.881077766418457,1.8332432508468628,6.894049644470215,2.099447727203369,6.770627021789551,4.209352731704712,,,,,,
8789940000.0,106.59,8.100000381469727,6391222784.0,2414.320456051462,4931.0,0.0775146484375,80805888.0,169508.71057224274,0.0007529191789217293,0.0040283203125,1.9817543029785156,-0.020099718123674393,0.5896059274673462,-0.019817540422081947,-0.00028217677026987076,0.0,0.03146059811115265,1.0861181020736694,0.7284328043735633,6.778985023498535,1.825160264968872,6.810445785522461,2.084197759628296,6.786174535751343,4.196077823638916,,,,,,
8789940000.0,89.87,8.100000381469727,6391222784.0,2376.8716705038632,4932.0,0.0750732421875,80822272.0,169515.60366630554,0.0011809899006038904,0.00677490234375,1.9789906740188599,-0.019976846873760223,0.6257246732711792,-0.019789906218647957,-0.0001869387924671173,0.0,-0.013914786279201508,1.1222542524337769,0.7057916753720894,6.919198036193848,1.766603946685791,6.905283451080322,2.0690155029296875,6.893094062805176,4.180752754211426,,,,,,
8789940000.0,79.69,8.300000190734863,6391222784.0,2409.802469947111,4933.0,0.078125,80838656.0,169522.40256381035,0.0006903585745021701,0.00286865234375,1.9540469646453857,-0.018985237926244736,0.6553133130073547,-0.019540468230843544,0.0005552289076149464,0.0,0.02742866426706314,1.1382765769958496,0.7294361036517397,6.901800632476807,1.8801532983779907,6.929229259490967,2.1883304119110107,6.7988975048065186,4.19071102142334,,,,,,
8789940000.0,103.11,8.100000381469727,6391222784.0,2430.119879730782,4934.0,0.096435546875,80855040.0,169529.14461803436,0.0008719746838323772,0.005615234375,1.985082983970642,-0.01998363994061947,0.6315802931785583,-0.019850829616189003,-0.0001328103244304657,0.0,0.02198909781873226,1.1209564208984375,0.752773204003882,6.971826076507568,1.9555152654647827,6.9938154220581055,2.254452705383301,6.742054224014282,4.187698841094971,,,,,,
8789940000.0,89.92,8.199999809265137,6391222784.0,2417.2728239937965,4935.0,0.0726318359375,80871424.0,169535.92250418663,0.000625130080152303,0.00323486328125,2.0181641578674316,-0.020144017413258553,0.6714069843292236,-0.020181642845273018,3.7624500691890717e-05,0.0,-0.05470550060272217,1.1616214513778687,0.7129424589169631,6.881657123565674,1.8535665273666382,6.826951503753662,2.1681032180786133,6.777886152267456,4.192188501358032,,,,,,
8789940000.0,87.65,8.600000381469727,6391222784.0,2423.4750447880783,4936.0,0.072021484375,80887808.0,169542.68304419518,0.0009130412945523858,0.005126953125,2.0561962127685547,-0.02042394131422043,0.4905952513217926,-0.020561963319778442,0.00013802293688058853,0.0,0.016691826283931732,0.9845767021179199,0.7804448376822439,6.744287967681885,1.8527443408966064,6.760979652404785,2.1012496948242188,6.760540008544922,4.19265341758728,,,,,,
8789940000.0,107.32,8.800000190734863,6391222784.0,2436.2769482307413,4937.0,0.0811767578125,80904192.0,169549.40805959702,0.0006198147311806679,0.00286865234375,2.04085373878479,-0.020926358178257942,0.4606592059135437,-0.02040853723883629,-0.0005178209394216537,0.0,0.0510283000767231,0.9591301679611206,0.7936852971463875,6.741927623748779,1.9079368114471436,6.7929558753967285,2.111603260040283,6.72501540184021,4.190626621246338,,,,,,
8789940000.0,110.85,8.300000190734863,6391222784.0,2416.091656358411,4938.0,0.0665283203125,80920576.0,169556.1892592907,0.0007089476566761732,0.00311279296875,2.0438284873962402,-0.02043433114886284,0.4949641823768616,-0.020438285544514656,3.954395651817322e-06,0.0,-0.012780049815773964,0.9939004182815552,0.7819987994311592,6.761401176452637,1.8526076078414917,6.748620986938477,2.128695249557495,6.78119969367981,4.192312955856323,,,,,,
8789940000.0,145.22,7.5,6391222784.0,2459.1305717740406,4939.0,0.0701904296875,80936960.0,169562.85177659988,0.000863474328070879,0.00506591796875,2.0194926261901855,-0.019932299852371216,0.5736483931541443,-0.020194925367832184,0.00026262179017066956,0.0,-0.07552222907543182,1.070617914199829,0.7439595017341103,6.861214637756348,1.8101996183395386,6.7856926918029785,2.1158275604248047,6.662517309188843,4.180509567260742,,,,,,
8789940000.0,105.94,7.5,6391222784.0,2440.824100380579,4940.0,0.074462890625,80953344.0,169569.56426358223,0.0008973447256721556,0.00494384765625,2.012033224105835,-0.020192692056298256,0.6400549411773682,-0.02012033201754093,-7.236073724925518e-05,0.0,-0.07106097787618637,1.1299382448196411,0.7239529339599555,6.872855186462402,1.8524816036224365,6.801794052124023,2.1506166458129883,6.712486982345581,4.19074559211731,,,,,,
8789940000.0,111.2,8.800000190734863,6391222784.0,2421.8583236630366,4941.0,0.0726318359375,80969728.0,169576.32931661606,0.0007112206658348441,0.00286865234375,2.0724480152130127,-0.01992318220436573,0.41205263137817383,-0.020724477246403694,0.0008012950420379639,0.0,0.06847964227199554,0.9025819897651672,0.8032818956377503,6.743756294250488,1.806559443473816,6.8122358322143555,2.034999370574951,6.765053033828735,4.194998502731323,,,,,,
8789940000.0,126.14,8.699999809265137,6391222784.0,2441.40821640307,4942.0,0.0775146484375,80986112.0,169583.04019761086,0.0015042501036077738,0.0113525390625,2.036001205444336,-0.020116513594985008,0.4727408289909363,-0.020360011607408524,0.00024349940940737724,0.0,0.042793579399585724,0.9716987609863281,0.7712863831863994,6.843082904815674,1.8293942213058472,6.885876178741455,2.031820297241211,6.710880994796753,4.202896595001221,,,,,,
8789940000.0,118.13,8.300000190734863,6391222784.0,2451.016453250892,4943.0,0.0732421875,81002496.0,169589.72477126122,0.0005048164166510105,0.00213623046875,2.032871723175049,-0.019808558747172356,0.5430318713188171,-0.020328717306256294,0.0005201585590839386,0.0,-0.008500030264258385,1.0426517724990845,0.7572364385575932,6.798799514770508,1.8472025394439697,6.790299415588379,2.1161563396453857,6.684573650360107,4.17830753326416,,,,,,
8789940000.0,152.95,8.399999618530273,6391222784.0,2417.976310688958,4944.0,0.059814453125,81018880.0,169596.50068545341,0.0008069747709669173,0.0050048828125,2.0641467571258545,-0.02023434452712536,0.47139179706573486,-0.020641466602683067,0.00040712160989642143,0.0,0.02942066639661789,0.968582272529602,0.7537713949604085,6.716456413269043,1.7468754053115845,6.745877265930176,1.9519437551498413,6.775914192199707,4.183501243591309,,,,,,
8789940000.0,138.5,7.400000095367432,6391222784.0,2410.438707955729,4945.0,0.054931640625,81035264.0,169603.29778838158,0.000535180326551199,0.001708984375,2.059048652648926,-0.020689312368631363,0.586383044719696,-0.020590484142303467,-9.882892481982708e-05,0.0,-0.11113685369491577,1.0802890062332153,0.7209613078306686,6.707241535186768,1.7686116695404053,6.596104621887207,2.045067548751831,6.797102928161621,4.193121671676636,,,,,,
8789940000.0,120.81,8.399999618530273,6391222784.0,2369.7431135454576,4946.0,0.0665283203125,81051648.0,169610.21161794662,0.00149311195127666,0.0123291015625,2.0374510288238525,-0.019768349826335907,0.5001110434532166,-0.020374508574604988,0.000606160145252943,0.0,-0.026421573013067245,0.9989917874336243,0.740120186583495,6.681516647338867,1.7089778184890747,6.655095100402832,1.9596366882324219,6.913829565048218,4.185547590255737,,,,,,
8789940000.0,130.98,8.199999809265137,6391222784.0,2438.7411292777574,4947.0,0.06103515625,81068032.0,169616.92983818054,0.0009028032072819769,0.00274658203125,2.0678484439849854,-0.021105371415615082,0.5492250919342041,-0.020678484812378883,-0.0004268842749297619,0.0,-0.05464329570531845,1.0464967489242554,0.7284472650770357,6.521598815917969,1.7202650308609009,6.46695613861084,2.0082192420959473,6.718220233917236,4.186986923217773,,,,,,
8789940000.0,150.53,7.599999904632568,6391222784.0,2382.9429894580326,4948.0,0.0628662109375,81084416.0,169623.80536985397,0.001021582051180303,0.00616455078125,2.0407357215881348,-0.01983543299138546,0.5654181241989136,-0.020407358184456825,0.0005719363689422607,0.0,-0.0365263894200325,1.0600416660308838,0.7161927515548454,6.561929702758789,1.6826612949371338,6.5254034996032715,1.989808440208435,6.8755316734313965,4.191021680831909,,,,,,
8789940000.0,141.75,8.5,6391222784.0,2455.5565442652455,4949.0,0.07080078125,81100800.0,169630.47758436203,0.0009841346181929111,0.0048828125,2.0505666732788086,-0.020519446581602097,0.44048625230789185,-0.020505668595433235,-1.377798616886139e-05,0.0,0.008858907036483288,0.936773955821991,0.7951305959453021,6.503979682922363,1.7885797023773193,6.512838363647461,2.069645881652832,6.672214508056641,4.197545289993286,,,,,,
8789940000.0,124.14,8.5,6391222784.0,2431.9166698398844,4950.0,0.06103515625,81117184.0,169637.21465730667,0.0012828093022108078,0.00750732421875,2.050532102584839,-0.02071513794362545,0.4191388785839081,-0.02050532028079033,-0.0002098139375448227,0.0,0.06592829525470734,0.9163296818733215,0.781035980876793,6.310990333557129,1.7153300046920776,6.376918792724609,1.958236813545227,6.737072944641113,4.180837392807007,,,,,,
8789940000.0,81.08,9.199999809265137,6391222784.0,2443.3736810455016,4951.0,0.0750732421875,81133568.0,169643.920140028,0.0009612694848328829,0.00341796875,2.0138492584228516,-0.01976156234741211,0.4338991641998291,-0.020138494670391083,0.0003769318573176861,0.0,0.06427795439958572,0.9338958263397217,0.798695891523564,6.548656940460205,1.8334616422653198,6.6129350662231445,2.081479549407959,6.705482721328735,4.182474136352539,,,,,,
8789940000.0,175.17,8.0,6391222784.0,2430.0779436461626,4952.0,0.0531005859375,81149952.0,169650.66231060028,0.0018517739372327924,0.017333984375,2.028218984603882,-0.020496569573879242,0.46401241421699524,-0.020282188430428505,-0.000214381143450737,0.0,-0.027579426765441895,0.9625189304351807,0.7559249853634724,6.34138298034668,1.7291948795318604,6.313803672790527,1.9482630491256714,6.742170572280884,4.184633731842041,,,,,,
8789940000.0,146.74,8.399999618530273,6391222784.0,2402.841498353716,4953.0,0.059814453125,81166336.0,169657.48090434074,0.0007907095132395625,0.0037841796875,2.025542974472046,-0.019529031589627266,0.4530944228172302,-0.020255427807569504,0.0007263938896358013,0.0,-0.020201729610562325,0.9513935446739197,0.7783021503677151,6.462832927703857,1.7894428968429565,6.442630767822266,2.020595073699951,6.818593740463257,4.198143720626831,,,,,,
8789940000.0,133.87,7.900000095367432,6391222784.0,2407.6071694126454,4954.0,0.0579833984375,81182720.0,169664.28600120544,0.0009775382932275534,0.00762939453125,2.0006256103515625,-0.019714023917913437,0.49644193053245544,-0.02000625617802143,0.0002922322601079941,0.0,-0.03651130199432373,0.9960866570472717,0.7761716387423141,6.418919563293457,1.844980001449585,6.3824076652526855,2.1054227352142334,6.805096864700317,4.186917543411255,,,,,,
8789940000.0,124.64,8.399999618530273,6391222784.0,2419.284177085064,4955.0,0.0677490234375,81199104.0,169671.0582523346,0.0010838520247489214,0.0072021484375,1.9852007627487183,-0.019660860300064087,0.42411231994628906,-0.019852008670568466,0.00019114697352051735,0.0,0.017941376194357872,0.9223626255989075,0.8074590805132935,6.411460876464844,1.849518060684204,6.4294023513793945,2.102036237716675,6.772251129150391,4.17974328994751,,,,,,
8789940000.0,172.71,7.900000095367432,6391222784.0,2377.4925281054484,4956.0,0.0701904296875,81215488.0,169677.94954633713,0.0017334383446723223,0.01025390625,1.9762309789657593,-0.019510135054588318,0.5426514148712158,-0.01976230926811695,0.0002521742135286331,0.0,-0.010087121278047562,1.0429892539978027,0.7718626459147814,6.4254608154296875,1.9124146699905396,6.415373802185059,2.183642864227295,6.891294002532959,4.205476999282837,,,,,,
8789940000.0,111.73,8.100000381469727,6391222784.0,2445.993105179857,4957.0,0.0701904296875,81231872.0,169684.64784812927,0.0007958314381539822,0.00384521484375,1.9919904470443726,-0.019385458901524544,0.586100161075592,-0.019919903948903084,0.00053444504737854,0.0,-0.03239419311285019,1.08359694480896,0.75992385319358,6.504212856292725,1.9071825742721558,6.471818923950195,2.211533546447754,6.698301792144775,4.174180269241333,,,,,,
8789940000.0,109.68,8.699999809265137,6391222784.0,2452.368280144812,4958.0,0.0677490234375,81248256.0,169691.3287370205,0.0011202504392713308,0.00836181640625,1.994788646697998,-0.020234987139701843,0.4659968614578247,-0.01994788460433483,-0.0002871011383831501,0.0,0.052696920931339264,0.9622523188591003,0.7802342851446369,6.428106307983398,1.8556793928146362,6.480803489685059,2.0526225566864014,6.680888891220093,4.176441431045532,,,,,,
8789940000.0,107.78,8.399999618530273,6391222784.0,2449.1350387502303,4959.0,0.0506591796875,81264640.0,169698.0184457302,0.00110137602314353,0.00830078125,2.013784885406494,-0.020046338438987732,0.4069356918334961,-0.0201378483325243,9.15108248591423e-05,0.0,0.008391544222831726,0.9024642109870911,0.7723008700839005,6.248943328857422,1.6966941356658936,6.257335186004639,1.891250729560852,6.689708709716797,4.181607723236084,,,,,,
,,,,,,,,,,,,,,,,,,,,,,,,,,0.018225017935037613,0.5531810522079468,0.5167934894561768,0.018225017935037613,0.5531810522079468,0.5167934894561768
,,,,,,,,,,,,,,,,,,,,,,,,,,0.017248330637812614,0.5063701868057251,0.4871705174446106,0.017248330637812614,0.5063701868057251,0.4871705174446106
,,,,,,,,,,,,,,,,,,,,,,,,,,0.016683461144566536,0.47993454337120056,0.4601166844367981,0.016683461144566536,0.47993454337120056,0.4601166844367981
,,,,,,,,,,,,,,,,,,,,,,,,,,0.01684780791401863,0.46025529503822327,0.4437272250652313,0.01684780791401863,0.46025529503822327,0.4437272250652313
,,,,,,,,,,,,,,,,,,,,,,,,,,0.016751781105995178,0.44396770000457764,0.4306030869483948,0.016751781105995178,0.44396770000457764,0.4306030869483948
,,,,,,,,,,,,,,,,,,,,,,,,,,0.017341667786240578,0.43079328536987305,0.41572850942611694,0.017341667786240578,0.43079328536987305,0.41572850942611694
8789940000.0,159.03,7.400000095367432,6188634112.0,18.587659649784523,4960.0,0.0567626953125,81281024.0,170579.46346402168,0.0007648432510904968,0.00323486328125,2.017707586288452,-0.02043044939637184,0.5041489601135254,-0.020177073776721954,-0.0002533774822950363,0.0,-0.09119533002376556,1.005137324333191,0.7762130253695945,6.305385589599609,1.8332674503326416,6.2141900062561035,2.1247498989105225,881.4450182914734,4.189276695251465,,,,,,
8789940000.0,118.98,8.300000190734863,6391222784.0,2424.305638970093,4961.0,0.0689697265625,81297408.0,170586.22168779373,0.0008540621493011713,0.0052490234375,1.9780923128128052,-0.019757524132728577,0.558592677116394,-0.019780922681093216,2.3399945348501205e-05,0.0,0.013916892930865288,1.0526554584503174,0.7602072284874405,6.549919128417969,1.881454348564148,6.563836097717285,2.1496524810791016,6.75822377204895,4.186058521270752,,,,,,
8789940000.0,115.31,8.0,6391222784.0,2423.2814780295876,4962.0,0.079345703125,81313792.0,170592.98276782036,0.0013794683618471026,0.00677490234375,1.9501192569732666,-0.019156254827976227,0.6159728765487671,-0.01950119063258171,0.000344935804605484,0.0,0.013991741463541985,1.1088228225708008,0.7503160726713478,6.753416061401367,1.951253890991211,6.7674078941345215,2.2190492153167725,6.761080026626587,4.180181980133057,,,,,,
8789940000.0,108.45,7.5,6391222784.0,2404.4895414230537,4963.0,0.0726318359375,81330176.0,170599.79668807983,0.0005066440207883716,0.0015869140625,1.9564082622528076,-0.019620390608906746,0.6168622970581055,-0.019564082846045494,-5.630729719996452e-05,0.0,-0.07396231591701508,1.110070824623108,0.7409728090022207,6.477661609649658,1.8921188116073608,6.403698921203613,2.1811108589172363,6.813920259475708,4.180103778839111,,,,,,
8789940000.0,118.26,8.5,6391222784.0,2419.053810311577,4964.0,0.0665283203125,81346560.0,170606.56958413124,0.0006225603865459561,0.00225830078125,1.9698420763015747,-0.01963096112012863,0.5878450274467468,-0.01969842240214348,6.74612820148468e-05,0.0,0.009732114151120186,1.0823107957839966,0.7231765325855682,6.494620323181152,1.829234004020691,6.504352569580078,2.057077169418335,6.77289605140686,4.193848133087158,,,,,,
8789940000.0,109.67,8.199999809265137,6391222784.0,2439.635919765898,4965.0,0.0634765625,81362944.0,170613.28534030914,0.0021774261258542538,0.01739501953125,2.008859872817993,-0.02048293873667717,0.5054115056991577,-0.020088598132133484,-0.0003943406045436859,0.0,-0.0004497803747653961,1.0074727535247803,0.7630817089687256,6.475556373596191,1.8185447454452515,6.475106239318848,2.0698254108428955,6.715756177902222,4.191326141357422,,,,,,
8789940000.0,143.97,8.300000190734863,6391222784.0,2433.2139036855647,4966.0,0.06103515625,81379328.0,170620.0188214779,0.0009128113160841167,0.004638671875,2.0255796909332275,-0.019257374107837677,0.5173290967941284,-0.02025579661130905,0.0009984234347939491,0.0,0.005206826142966747,1.0163949728012085,0.7647576239580229,6.320210933685303,1.8044686317443848,6.325417518615723,2.0955827236175537,6.733481168746948,4.191640138626099,,,,,,
8789940000.0,94.21,8.399999618530273,6391222784.0,2455.003001113977,4967.0,0.0714111328125,81395712.0,170626.69254040718,0.0011606753105297685,0.00311279296875,2.0582213401794434,-0.020317615941166878,0.47918957471847534,-0.020582212135195732,0.00026459433138370514,0.0,-0.022441305220127106,0.9781970381736755,0.7977198882399615,6.4425249099731445,1.9289491176605225,6.420083522796631,2.174952507019043,6.6737189292907715,4.178826808929443,,,,,,
8789940000.0,140.75,8.100000381469727,6391222784.0,2464.394278545233,4968.0,0.054931640625,81412096.0,170633.34082722664,0.0017365537350997329,0.0140380859375,2.0532889366149902,-0.02063334919512272,0.5562446713447571,-0.020532889291644096,-0.00010046130046248436,0.0,-0.03133566677570343,1.0545539855957031,0.7339691681145666,6.356024742126465,1.8313905000686646,6.324688911437988,2.0445735454559326,6.648286819458008,4.170830011367798,,,,,,
8789940000.0,115.86,8.699999809265137,6391222784.0,2436.5754003857137,4969.0,0.0616455078125,81428480.0,170640.0650188923,0.0010535367764532566,0.005615234375,2.0409109592437744,-0.02025032229721546,0.3821185231208801,-0.020409109070897102,0.00015878863632678986,0.0,-0.004872583784162998,0.875257670879364,0.8201321968746802,6.441961288452148,1.8546861410140991,6.437088489532471,2.0637593269348145,6.724191665649414,4.191969156265259,,,,,,
8789940000.0,131.69,7.900000095367432,6391222784.0,2409.8847807498396,4970.0,0.0653076171875,81444864.0,170646.8636841774,0.0010359539883211255,0.0042724609375,2.0234217643737793,-0.02036195434629917,0.5159481167793274,-0.02023421786725521,-0.0001277383416891098,0.0,-0.036723047494888306,1.0155413150787354,0.7781114265323159,6.415858268737793,1.849635362625122,6.3791351318359375,2.1559083461761475,6.798665285110474,4.191792011260986,,,,,,
8789940000.0,129.45,8.100000381469727,6391222784.0,2426.8156675028154,4971.0,0.06103515625,81461248.0,170653.61491799355,0.0019138403004035354,0.0125732421875,2.022538185119629,-0.020512623712420464,0.46867865324020386,-0.02022537961602211,-0.0002872440963983536,0.0,-0.0148174948990345,0.9687609672546387,0.787659513739234,6.31596565246582,1.8408457040786743,6.301147937774658,2.102327346801758,6.751233816146851,4.1825854778289795,,,,,,
8789940000.0,174.69,8.0,6391222784.0,2408.8843336916307,4972.0,0.0482177734375,81477632.0,170660.4164068699,0.0014559980481863022,0.01220703125,2.047048807144165,-0.02021285705268383,0.427097350358963,-0.02047049067914486,0.0002576354891061783,0.0,0.0015752024482935667,0.922860860824585,0.7819563045325157,6.264743804931641,1.7468630075454712,6.266319274902344,1.976352572441101,6.801488876342773,4.1852312088012695,,,,,,
8789940000.0,130.73,8.600000381469727,6391222784.0,2410.6187278227617,4973.0,0.0579833984375,81494016.0,170667.2130022049,0.0010081520304083824,0.00506591796875,2.0373973846435547,-0.02037179470062256,0.4723778963088989,-0.02037397213280201,2.1792948246002197e-06,0.0,0.05014389380812645,0.9703672528266907,0.7625480372234766,6.279851913452148,1.7850778102874756,6.329996109008789,1.9913527965545654,6.796595335006714,4.185652732849121,,,,,,
8789940000.0,134.7,7.699999809265137,6391222784.0,2388.635844131287,4974.0,0.05615234375,81510400.0,170674.07214736938,0.0012881722068414092,0.00750732421875,2.0294175148010254,-0.020392104983329773,0.5417522192001343,-0.020294172689318657,-9.793019853532314e-05,0.0,-0.07001043111085892,1.0379104614257812,0.7639376469308408,6.441462516784668,1.8763103485107422,6.371452331542969,2.1362226009368896,6.859145164489746,4.18027138710022,,,,,,
8789940000.0,151.55,8.399999618530273,6391222784.0,2337.945710391506,4975.0,0.074462890625,81526784.0,170681.0800089836,0.000935596355702728,0.00396728515625,1.9789584875106812,-0.019802428781986237,0.5421245694160461,-0.01978958398103714,-1.284666359424591e-05,0.0,0.05459071323275566,1.0391041040420532,0.7808735030990563,6.5339436531066895,1.9354839324951172,6.588534355163574,2.2197883129119873,7.007861614227295,4.1864988803863525,,,,,,
8789940000.0,140.32,8.300000190734863,6391222784.0,2388.5949124556964,4976.0,0.068359375,81543168.0,170687.93927168846,0.0007444556686095893,0.003662109375,1.963012456893921,-0.019470391795039177,0.45642632246017456,-0.019630124792456627,0.00015973113477230072,0.0,0.06322094798088074,0.9552267789840698,0.7905375842209672,6.3905029296875,1.855926752090454,6.453723907470703,2.087150812149048,6.859262704849243,4.188507795333862,,,,,,
8789940000.0,93.72,8.699999809265137,6391222784.0,2421.8118926459565,4977.0,0.07080078125,81559552.0,170694.704454422,0.001751692732796073,0.01531982421875,1.9768238067626953,-0.01970721036195755,0.4986201822757721,-0.019768238067626953,6.1025843024253845e-05,0.0,0.00023578666150569916,0.9949899315834045,0.7783532985933233,6.595844268798828,1.919706106185913,6.5960798263549805,2.113431692123413,6.765182733535767,4.193066835403442,,,,,,
8789940000.0,100.11,8.0,6391222784.0,2421.7651220243065,4978.0,0.07080078125,81575936.0,170701.4697678089,0.0012125008506700397,0.008544921875,1.9588263034820557,-0.019410543143749237,0.6027765274047852,-0.01958826184272766,0.00017772428691387177,0.0,-0.05689436197280884,1.0983219146728516,0.7439936560293661,6.564183235168457,1.8675118684768677,6.507288932800293,2.1707234382629395,6.765313386917114,4.201623201370239,,,,,,
8789940000.0,146.08,8.0,6391222784.0,2447.011462512831,4979.0,0.0604248046875,81592320.0,170708.16528201103,0.0012910659424960613,0.01104736328125,1.9584380388259888,-0.019306261092424393,0.5948660373687744,-0.019584380090236664,0.0002781189978122711,0.0,-0.002648245543241501,1.0884414911270142,0.7122905382019192,6.394162178039551,1.718772292137146,6.391513824462891,2.0292153358459473,6.69551420211792,4.18576192855835,,,,,,
8789940000.0,94.39,9.300000190734863,6391222784.0,2433.852307744834,4980.0,0.076904296875,81608704.0,170714.89699697495,0.0010802485048770905,0.00408935546875,1.9847195148468018,-0.01879100315272808,0.4831188917160034,-0.019847195595502853,0.001056191511452198,0.0,0.09448122978210449,0.9802656173706055,0.7797594967014384,6.446146011352539,1.8446862697601318,6.540627479553223,2.088791847229004,6.731714963912964,4.182199239730835,,,,,,
8789940000.0,118.3,8.5,6391222784.0,2392.7276103300605,4981.0,0.05859375,81625088.0,170721.74441242218,0.0012198416516184807,0.0078125,2.0172932147979736,-0.019692780449986458,0.4394110143184662,-0.020172931253910065,0.00048015452921390533,0.0,0.02291646972298622,0.9363510608673096,0.7870773870426491,6.3286590576171875,1.8127623796463013,6.351574897766113,2.029212474822998,6.847415447235107,4.19583535194397,,,,,,
8789940000.0,132.32,8.0,6391222784.0,2463.3908983035526,4982.0,0.0677490234375,81641472.0,170728.39540719986,0.0019446266815066338,0.01470947265625,1.9942817687988281,-0.019857510924339294,0.5515927672386169,-0.019942818209528923,8.530355989933014e-05,0.0,-0.01291732769459486,1.0489341020584106,0.7625189238576827,6.514596939086914,1.8976361751556396,6.50167989730835,2.1524529457092285,6.650994777679443,4.184771776199341,,,,,,
8789940000.0,130.0,7.900000095367432,6391222784.0,2472.6668467687628,4983.0,0.054931640625,81657856.0,170735.02145147324,0.001085305237211287,0.00579833984375,2.0608367919921875,-0.01935996115207672,0.48017528653144836,-0.020608365535736084,0.0012484034523367882,0.0,-0.03403536230325699,0.9782822132110596,0.759754664573558,6.393366813659668,1.7544331550598145,6.359331130981445,1.9958891868591309,6.626044273376465,4.204254627227783,,,,,,
8789940000.0,146.62,8.0,6391222784.0,2480.7723063993726,4984.0,0.064697265625,81674240.0,170741.62584638596,0.0008489073370583355,0.00396728515625,2.0425379276275635,-0.019880037754774094,0.5191513895988464,-0.020425377413630486,0.0005453447811305523,0.0,-0.0467374250292778,1.0166606903076172,0.7783986100326049,6.564388275146484,1.867576241493225,6.517650604248047,2.159682273864746,6.604394912719727,4.177615165710449,,,,,,
8789940000.0,107.22,8.300000190734863,6391222784.0,2438.764929909994,4985.0,0.0677490234375,81690624.0,170748.34400105476,0.0015266176778823137,0.00946044921875,2.0219902992248535,-0.02016325108706951,0.5093173384666443,-0.020219901576638222,5.665118806064129e-05,0.0,-0.017173336818814278,1.0070297718048096,0.7794755673862277,6.542550086975098,1.8993163108825684,6.525376319885254,2.144439458847046,6.718154668807983,4.169895172119141,,,,,,
8789940000.0,133.07,8.899999618530273,6391222784.0,2430.1899196567156,4986.0,0.0848388671875,81707008.0,170755.08586096764,0.002239652443677187,0.01806640625,2.0099055767059326,-0.019679207354784012,0.4851986765861511,-0.020099056884646416,0.0004198479000478983,0.0,0.06374974548816681,0.9821479916572571,0.803151489196687,6.656780242919922,1.9800748825073242,6.7205305099487305,2.2136597633361816,6.7418599128723145,4.183608531951904,,,,,,
8789940000.0,94.44,8.899999618530273,6391222784.0,2390.263620258515,4987.0,0.0848388671875,81723392.0,170761.94033503532,0.0011247702641412616,0.0079345703125,1.98527193069458,-0.01914234273135662,0.5679910778999329,-0.019852718338370323,0.0007103737443685532,0.0,0.019846152514219284,1.0662974119186401,0.7746379984930922,6.691468715667725,2.024519205093384,6.711314678192139,2.246145486831665,6.854474067687988,4.192065954208374,,,,,,
8789940000.0,95.74,8.399999618530273,6391222784.0,2386.357927383742,4988.0,0.069580078125,81739776.0,170768.80602765083,0.0012405399465933442,0.007080078125,2.0121726989746094,-0.019638603553175926,0.4511369466781616,-0.020121727138757706,0.00048312265425920486,0.0,-0.004641578067094088,0.9513711333274841,0.8013829570640597,6.5432939529418945,1.9220472574234009,6.538651943206787,2.1347227096557617,6.865692615509033,4.1795971393585205,,,,,,
8789940000.0,122.94,8.300000190734863,6391222784.0,2424.5713953860395,4989.0,0.0640869140625,81756160.0,170775.56351065636,0.0011593853123486042,0.00494384765625,1.9933148622512817,-0.02013484574854374,0.4736875295639038,-0.019933149218559265,-0.00020169652998447418,0.0,-0.006677380762994289,0.971342921257019,0.784747869749582,6.4666337966918945,1.8646031618118286,6.459956645965576,2.093625545501709,6.757483005523682,4.190593242645264,,,,,,
8789940000.0,143.4,8.399999618530273,6391222784.0,2424.4129780464064,4990.0,0.0579833984375,81772544.0,170782.3214352131,0.001047101803123951,0.0057373046875,1.9744248390197754,-0.019602524116635323,0.4613263010978699,-0.01974424719810486,0.00014172494411468506,0.0,0.013198107481002808,0.9632537364959717,0.780460120897809,6.5229105949401855,1.8302408456802368,6.536108493804932,2.055814504623413,6.757924556732178,4.183366775512695,,,,,,
8789940000.0,129.55,8.899999618530273,6391222784.0,2443.497659422902,4991.0,0.0738525390625,81788928.0,170789.0265777111,0.002516341395676136,0.021240234375,1.9955368041992188,-0.019157223403453827,0.4629683494567871,-0.019955366849899292,0.0007981443777680397,0.0,0.022466272115707397,0.9623604416847229,0.7944040681250101,6.690225601196289,1.912811279296875,6.712691783905029,2.12241530418396,6.705142498016357,4.193924903869629,,,,,,
,,,,,,,,,,,,,,,,,,,,,,,,,,0.02596188336610794,0.5403020977973938,0.4914648234844208,0.02596188336610794,0.5403020977973938,0.4914648234844208
,,,,,,,,,,,,,,,,,,,,,,,,,,0.022423656657338142,0.48768171668052673,0.4618815779685974,0.022423656657338142,0.48768171668052673,0.4618815779685974
,,,,,,,,,,,,,,,,,,,,,,,,,,0.022196223959326744,0.46331918239593506,0.4413093328475952,0.022196223959326744,0.46331918239593506,0.4413093328475952
,,,,,,,,,,,,,,,,,,,,,,,,,,0.02166658081114292,0.44384893774986267,0.4245513379573822,0.02166658081114292,0.44384893774986267,0.4245513379573822
,,,,,,,,,,,,,,,,,,,,,,,,,,0.022114157676696777,0.4293525516986847,0.4111216366291046,0.022114157676696777,0.4293525516986847,0.4111216366291046
,,,,,,,,,,,,,,,,,,,,,,,,,,0.02191673219203949,0.41499146819114685,0.39821532368659973,0.02191673219203949,0.41499146819114685,0.39821532368659973
8789940000.0,106.82,8.699999809265137,6188634112.0,18.588586201002144,4992.0,0.0616455078125,81805312.0,171670.42766022682,0.0006475390982814133,0.0032958984375,2.0549139976501465,-0.020488359034061432,0.4730919301509857,-0.020549140870571136,6.0779741033911705e-05,0.0,0.02538844756782055,0.9753679037094116,0.7435719161571027,6.5885186195373535,1.7521494626998901,6.613907337188721,1.9261316061019897,881.4010825157166,4.205617904663086,,,,,,
8789940000.0,150.36,7.800000190734863,6391222784.0,2403.169379863924,4993.0,0.0555419921875,81821696.0,171677.245323658,0.0006530761020258069,0.002197265625,2.0521578788757324,-0.020669173449277878,0.5340052843093872,-0.020521577447652817,-0.00014759507030248642,0.0,-0.08206634223461151,1.0338032245635986,0.7336105584733085,6.566873550415039,1.8026820421218872,6.484807014465332,2.0029921531677246,6.8176634311676025,4.18264627456665,,,,,,
8789940000.0,118.62,8.600000381469727,6391222784.0,2407.416803743099,4994.0,0.068359375,81838080.0,171684.05095863342,0.0016366690397262573,0.0137939453125,2.030519723892212,-0.020263921469449997,0.48203760385513306,-0.020305193960666656,4.127388820052147e-05,0.0,0.02377454750239849,0.9821812510490417,0.7530068624558037,6.64509391784668,1.7465709447860718,6.668868541717529,1.976283073425293,6.80563497543335,4.203854322433472,,,,,,
8789940000.0,139.48,8.199999809265137,6391222784.0,2432.1217757639556,4995.0,0.067138671875,81854464.0,171690.7874634266,0.0014722701162099838,0.00897216796875,2.001744508743286,-0.020233377814292908,0.5475732684135437,-0.02001744508743286,-0.0002159327268600464,0.0,-0.02458777464926243,1.0471380949020386,0.7488726632528514,6.622276306152344,1.810230016708374,6.5976881980896,2.0895700454711914,6.736504793167114,4.17540431022644,,,,,,
8789940000.0,108.46,8.800000190734863,6391222784.0,2417.2497811197427,4996.0,0.0726318359375,81870848.0,171697.5654141903,0.001074451021850109,0.00567626953125,1.9729541540145874,-0.02056947350502014,0.461469829082489,-0.01972954161465168,-0.0008399300277233124,0.0,0.06258104741573334,0.9577048420906067,0.7815727530187873,6.58017110824585,1.8118840456008911,6.642751693725586,2.0491702556610107,6.777950763702393,4.188372611999512,,,,,,
8789940000.0,106.25,7.900000095367432,6391222784.0,2434.5129534469893,4997.0,0.0640869140625,81887232.0,171704.29530239105,0.0011944705620408058,0.0037841796875,1.9679454565048218,-0.019611312076449394,0.5104829668998718,-0.01967945322394371,6.814301013946533e-05,0.0,-0.07622743397951126,1.008035659790039,0.7798368842507788,6.4522881507873535,1.8557264804840088,6.376060962677002,2.1483428478240967,6.729888200759888,4.192780017852783,,,,,,
8789940000.0,131.95,8.399999618530273,6391222784.0,2439.578065370753,4998.0,0.0567626953125,81903616.0,171711.01121783257,0.001062478986568749,0.005615234375,1.9581376314163208,-0.019443487748503685,0.4268913269042969,-0.019581375643610954,0.00013788603246212006,0.0,0.006712073925882578,0.9224188327789307,0.7891453131132227,6.310977935791016,1.7842975854873657,6.317690849304199,2.008800745010376,6.7159154415130615,4.191769123077393,,,,,,
8789940000.0,132.93,8.600000381469727,6391222784.0,2424.5466733904364,4999.0,0.0634765625,81920000.0,171717.76876974106,0.0012947332579642534,0.00933837890625,1.9359474182128906,-0.0199425145983696,0.47549378871917725,-0.019359473139047623,-0.0005830414593219757,0.0,0.0025682339910417795,0.9754632115364075,0.770459018831005,6.425341606140137,1.8100398778915405,6.4279093742370605,2.036012649536133,6.757551908493042,4.176714181900024,,,,,,
8789940000.0,140.7,8.300000190734863,6391222784.0,2459.0890364122934,5000.0,0.07080078125,81936384.0,171724.43139958382,0.0023630696814507246,0.018310546875,1.9511363506317139,-0.01976681873202324,0.487761527299881,-0.01951136626303196,-0.0002554524689912796,0.0,-0.019849743694067,0.9848957061767578,0.7799586931274927,6.68272590637207,1.8468736410140991,6.662876129150391,2.0996079444885254,6.662629842758179,4.169708728790283,,,,,,
8789940000.0,139.53,8.0,6391222784.0,2451.8008648729187,5001.0,0.07568359375,81952768.0,171731.11383461952,0.0008245650096796453,0.004150390625,1.9490022659301758,-0.019318191334605217,0.5272073149681091,-0.019490022212266922,0.00017183180898427963,0.0,-0.024424461647868156,1.0268867015838623,0.7717202450795475,6.73549222946167,1.8777164220809937,6.7110676765441895,2.149258852005005,6.682435035705566,4.177456617355347,,,,,,
8789940000.0,84.79,8.199999809265137,6391222784.0,2449.606474995145,5002.0,0.067138671875,81969152.0,171737.8022558689,0.0009474675753153861,0.00592041015625,1.9708938598632812,-0.019297298043966293,0.5206316709518433,-0.019708938896656036,0.0004116402706131339,0.0,-0.06419554352760315,1.0217293500900269,0.7593640096801533,6.5447797775268555,1.825119972229004,6.480584144592285,2.082838773727417,6.688421249389648,4.175495147705078,,,,,,
8789940000.0,119.71,8.800000190734863,6391222784.0,2422.906482360775,5003.0,0.0738525390625,81985536.0,171744.56438231468,0.0006677922210656106,0.0020751953125,1.9979342222213745,-0.01978757232427597,0.4486842453479767,-0.019979342818260193,0.0001917704939842224,0.0,0.057682666927576065,0.9420022964477539,0.7928175085528952,6.569131851196289,1.8518342971801758,6.626814842224121,2.0695483684539795,6.762126445770264,4.197278261184692,,,,,,
8789940000.0,96.94,8.5,6391222784.0,2399.050564180904,5004.0,0.0714111328125,82001920.0,171751.39375066757,0.001220345264300704,0.00775146484375,1.9723248481750488,-0.01985953003168106,0.5833802819252014,-0.019723249599337578,-0.00013628602027893066,0.0,-0.021886678412556648,1.0811184644699097,0.7453813452207425,6.620885848999023,1.8816850185394287,6.5989990234375,2.1425364017486572,6.829368352890015,4.1740617752075195,,,,,,
8789940000.0,138.68,8.300000190734863,6391222784.0,2421.515424786619,5005.0,0.0653076171875,82018304.0,171758.15976166725,0.0010693615768104792,0.00592041015625,2.0041494369506836,-0.020255131646990776,0.502310574054718,-0.02004149556159973,-0.00021363794803619385,0.0,0.012619378045201302,1.000317931175232,0.7740786058610134,6.513481616973877,1.8517314195632935,6.5261006355285645,2.1045496463775635,6.766010999679565,4.1748456954956055,,,,,,
8789940000.0,128.35,8.100000381469727,6391222784.0,2437.3772208339456,5006.0,0.0701904296875,82034688.0,171764.88174128532,0.0007804879569448531,0.00262451171875,1.9739304780960083,-0.01965712010860443,0.5055863261222839,-0.0197393037378788,8.218642324209213e-05,0.0,-0.009288981556892395,1.0029001235961914,0.7780674859771013,6.546111106872559,1.8753383159637451,6.5368218421936035,2.1288604736328125,6.72197961807251,4.191541433334351,,,,,,
8789940000.0,99.39,8.800000190734863,6391222784.0,2436.7128598181253,5007.0,0.0677490234375,82051072.0,171771.605553627,0.0012458646669983864,0.00537109375,1.968868374824524,-0.018961139023303986,0.4934937059879303,-0.019688680768013,0.0007275426760315895,0.0,0.004901082254946232,0.9928009510040283,0.7596719152516153,6.558021545410156,1.8050379753112793,6.562922477722168,2.0251617431640625,6.7238123416900635,4.167760372161865,,,,,,
8789940000.0,136.76,8.399999618530273,6391222784.0,2400.833811739447,5008.0,0.0604248046875,82067456.0,171778.42984938622,0.0013918341137468815,0.009765625,2.0015478134155273,-0.0193159356713295,0.512068510055542,-0.020015479996800423,0.0006995443254709244,0.0,0.027874452993273735,1.0145834684371948,0.749275049460396,6.518882751464844,1.810557246208191,6.546757221221924,2.0262324810028076,6.82429575920105,4.182132959365845,,,,,,
8789940000.0,106.6,8.199999809265137,6391222784.0,2385.346941531168,5009.0,0.06591796875,82083840.0,171785.29845190048,0.0014256975846365094,0.01043701171875,2.0037317276000977,-0.01950806751847267,0.45918381214141846,-0.020037319511175156,0.0005292498972266912,0.0,-0.030678503215312958,0.9565945267677307,0.7805316559259321,6.446371078491211,1.812629222869873,6.415692329406738,2.0419349670410156,6.868602514266968,4.181579828262329,,,,,,
8789940000.0,146.16,8.300000190734863,6391222784.0,2375.4680838465038,5010.0,0.057373046875,82100224.0,171792.19561886787,0.0015947831561788917,0.0106201171875,1.9848384857177734,-0.01979890838265419,0.46161186695098877,-0.019848383963108063,4.947558045387268e-05,0.0,-0.0024902415461838245,0.9613442420959473,0.7605039403313164,6.378353595733643,1.7315479516983032,6.375863075256348,1.9643985033035278,6.897166967391968,4.192270517349243,,,,,,
8789940000.0,138.73,8.199999809265137,6391222784.0,2393.357446895062,5011.0,0.067138671875,82116608.0,171799.0412323475,0.0010717349359765649,0.00592041015625,1.9065394401550293,-0.01909716986119747,0.5575745105743408,-0.01906539313495159,-3.1776027753949165e-05,0.0,-0.006008986383676529,1.055067777633667,0.7523252428428098,6.442588806152344,1.8034400939941406,6.436579704284668,2.1200177669525146,6.845613479614258,4.180390119552612,,,,,,
8789940000.0,128.24,8.100000381469727,6391222784.0,2429.622325768731,5012.0,0.0653076171875,82132992.0,171805.7846672535,0.0009853234514594078,0.0052490234375,1.901671051979065,-0.0188753679394722,0.5358479022979736,-0.019016709178686142,0.0001413386780768633,0.0,0.01291381660848856,1.035414695739746,0.7599762225992458,6.452584266662598,1.8520938158035278,6.465498447418213,2.1134274005889893,6.743434906005859,4.193223237991333,,,,,,
8789940000.0,128.65,8.399999618530273,6391222784.0,2422.4836087525223,5013.0,0.086669921875,82149376.0,171812.54797410965,0.0012627820251509547,0.0098876953125,1.8739497661590576,-0.01799944043159485,0.5716124176979065,-0.018739497289061546,0.0007400577887892723,0.0,-0.0020413408055901527,1.0692458152770996,0.76165540758391,6.72971248626709,1.9112766981124878,6.727670669555664,2.1901543140411377,6.7633068561553955,4.1622889041900635,,,,,,
8789940000.0,93.96,8.300000190734863,6391222784.0,2430.7817677952567,5014.0,0.068359375,82165760.0,171819.2881925106,0.0012761709513142705,0.00927734375,1.8557045459747314,-0.017880454659461975,0.5456182360649109,-0.018557043746113777,0.0006765858270227909,0.0,0.01590200513601303,1.044100284576416,0.7551789125160445,6.548236846923828,1.8367670774459839,6.564138412475586,2.1101717948913574,6.7402184009552,4.173000812530518,,,,,,
8789940000.0,127.47,7.699999809265137,6391222784.0,2407.386105142618,5015.0,0.078125,82182144.0,171826.0939142704,0.0019247917225584388,0.0164794921875,1.8802815675735474,-0.01859959028661251,0.711455225944519,-0.018802814185619354,0.00020322168711572886,0.0,-0.07020169496536255,1.1917105913162231,0.7066084092483162,6.673134803771973,1.8969340324401855,6.602932929992676,2.200122594833374,6.805721759796143,4.199995756149292,,,,,,
8789940000.0,107.31,9.100000381469727,6391222784.0,2456.095852801252,5016.0,0.091552734375,82198528.0,171832.7646636963,0.001628549420274794,0.01202392578125,1.8800952434539795,-0.01760871708393097,0.5143201351165771,-0.018800949677824974,0.0011922369012609124,0.0,0.13864873349666595,1.0079591274261475,0.7702505682652302,6.850456237792969,1.8709228038787842,6.989105224609375,2.102886915206909,6.6707494258880615,4.184218406677246,,,,,,
8789940000.0,118.89,8.199999809265137,6391222784.0,2436.7563213067806,5017.0,0.084228515625,82214912.0,171839.48835611343,0.0018214416923001409,0.01397705078125,1.8649182319641113,-0.018602389842271805,0.6677985787391663,-0.018649181351065636,4.6790577471256256e-05,0.0,0.026598971337080002,1.153660535812378,0.7159246841901161,6.858182907104492,1.8794679641723633,6.884781360626221,2.164517402648926,6.723692417144775,4.20153546333313,,,,,,
8789940000.0,93.94,8.0,6391222784.0,2402.213966603518,5018.0,0.0732421875,82231296.0,171846.3087310791,0.0009336102521046996,0.00543212890625,1.890221357345581,-0.01888982579112053,0.5250096321105957,-0.018902210518717766,1.238752156496048e-05,0.0,0.0013236086815595627,1.0226480960845947,0.7592323052198675,6.650933742523193,1.8305436372756958,6.652256965637207,2.0841403007507324,6.820374965667725,4.188592195510864,,,,,,
8789940000.0,91.31,8.0,6391222784.0,2391.5615632899467,5019.0,0.0726318359375,82247680.0,171853.1594851017,0.0009445273317396641,0.00543212890625,1.9492548704147339,-0.018676770851016045,0.5897293090820312,-0.01949254982173443,0.0008157771080732346,0.0,-0.04652562737464905,1.0867687463760376,0.7213633504409535,6.648166656494141,1.8085185289382935,6.6016411781311035,2.058819055557251,6.850754022598267,4.185855388641357,,,,,,
8789940000.0,141.36,8.0,6391222784.0,2437.3352067948545,5020.0,0.06591796875,82264064.0,171859.8815805912,0.0007893743459135294,0.00457763671875,1.9213825464248657,-0.018651584163308144,0.523242712020874,-0.019213825464248657,0.0005622443277388811,0.0,0.020794015377759933,1.0230698585510254,0.7579716790494168,6.555816173553467,1.7909350395202637,6.5766096115112305,2.0795626640319824,6.722095489501953,4.192830562591553,,,,,,
8789940000.0,93.37,8.300000190734863,6391222784.0,2438.40009560645,5021.0,0.078125,82280448.0,171866.60074043274,0.0012726136483252048,0.00872802734375,1.9151713848114014,-0.019149981439113617,0.5676060318946838,-0.0191517136991024,1.73225998878479e-06,0.0,-0.028199121356010437,1.0646005868911743,0.7665859945860558,6.667070388793945,1.9001227617263794,6.638871192932129,2.203551769256592,6.719159841537476,4.193675994873047,,,,,,
8789940000.0,98.83,8.800000190734863,6391222784.0,2436.367728688108,5022.0,0.0701904296875,82296832.0,171873.32550525665,0.0010087977861985564,0.00457763671875,1.9582240581512451,-0.019519023597240448,0.5127925872802734,-0.019582239910960197,6.321631371974945e-05,0.0,0.03161996230483055,1.012581706047058,0.7653506228702089,6.616312503814697,1.8661959171295166,6.647932052612305,2.0903563499450684,6.724764823913574,4.190485239028931,,,,,,
8789940000.0,152.98,8.300000190734863,6391222784.0,2387.386026758035,5023.0,0.0762939453125,82313216.0,171880.18824124336,0.0017309177201241255,0.01446533203125,1.9284155368804932,-0.018807407468557358,0.5529366135597229,-0.01928415521979332,0.0004767463542521,0.0,0.03121473826467991,1.0494940280914307,0.762812117806329,6.693173408508301,1.8513157367706299,6.724388122558594,2.154933214187622,6.862735986709595,4.204619646072388,,,,,,
,,,,,,,,,,,,,,,,,,,,,,,,,,0.022664371877908707,0.5513824224472046,0.5069712400436401,0.022664371877908707,0.5513824224472046,0.5069712400436401
,,,,,,,,,,,,,,,,,,,,,,,,,,0.019252777099609375,0.5021345019340515,0.47636985778808594,0.019252777099609375,0.5021345019340515,0.47636985778808594
,,,,,,,,,,,,,,,,,,,,,,,,,,0.01855323649942875,0.47635483741760254,0.45315784215927124,0.01855323649942875,0.47635483741760254,0.45315784215927124
,,,,,,,,,,,,,,,,,,,,,,,,,,0.01840626262128353,0.4551280438899994,0.43464183807373047,0.01840626262128353,0.4551280438899994,0.43464183807373047
,,,,,,,,,,,,,,,,,,,,,,,,,,0.018900658935308456,0.43899503350257874,0.42048460245132446,0.018900658935308456,0.43899503350257874,0.42048460245132446
,,,,,,,,,,,,,,,,,,,,,,,,,,0.01901579089462757,0.42567211389541626,0.4098092019557953,0.01901579089462757,0.42567211389541626,0.4098092019557953
8789940000.0,101.36,8.399999618530273,6188634112.0,18.58733748018656,5024.0,0.0714111328125,82329600.0,172761.64853739738,0.0008759890915825963,0.0040283203125,1.9377881288528442,-0.01909559965133667,0.535112202167511,-0.019377879798412323,0.0002822764217853546,0.0,0.05980275198817253,1.0275847911834717,0.764079440752109,6.7596259117126465,1.8874626159667969,6.81942892074585,2.115605592727661,881.4602961540222,4.188904762268066,,,,,,
8789940000.0,100.82,8.100000381469727,6391222784.0,2436.2785029294946,5025.0,0.08544921875,82345984.0,172768.3735485077,0.0008058608509600163,0.0032958984375,1.9139410257339478,-0.01921073906123638,0.7407236099243164,-0.019139409065246582,-7.132906466722488e-05,0.0,-0.019026832655072212,1.2211592197418213,0.7089603090949699,6.908385276794434,2.0083999633789062,6.8893585205078125,2.2635819911956787,6.725011110305786,4.187979698181152,,,,,,
8789940000.0,87.26,7.900000095367432,6391222784.0,2432.083988229077,5026.0,0.087890625,82362368.0,172775.1101579666,0.0010736819822341204,0.00555419921875,1.9194073677062988,-0.01948442868888378,0.6206172704696655,-0.01919407583773136,-0.0002903556451201439,0.0,-0.04781680554151535,1.115959882736206,0.7505550413854473,6.9477386474609375,1.910408854484558,6.8999223709106445,2.2344014644622803,6.73660945892334,4.18634557723999,,,,,,
8789940000.0,93.04,8.300000190734863,6391222784.0,2395.4445748571147,5027.0,0.0799560546875,82378752.0,172781.94980692863,0.00086567597463727,0.00335693359375,1.954363226890564,-0.019575443118810654,0.6339471936225891,-0.019543631002306938,-3.1812116503715515e-05,0.0,-0.0015498455613851547,1.1248570680618286,0.7365224621428654,6.821869373321533,1.9091466665267944,6.820319652557373,2.1914193630218506,6.839648962020874,4.201214790344238,,,,,,
8789940000.0,96.8,8.199999809265137,6391222784.0,2394.5933328257443,5028.0,0.0738525390625,82395136.0,172788.79188728333,0.0011014263145625591,0.0040283203125,1.9731817245483398,-0.01951950415968895,0.6679717898368835,-0.01973181590437889,0.00021231221035122871,0.0,0.013142457231879234,1.1534663438796997,0.6980041010772784,6.748963356018066,1.8555525541305542,6.762105464935303,2.0989606380462646,6.842080354690552,4.187178373336792,,,,,,
8789940000.0,103.9,8.100000381469727,6391222784.0,2420.2321657079933,5029.0,0.0726318359375,82411520.0,172795.56148576736,0.0008284583454951644,0.0032958984375,1.9883135557174683,-0.020173218101263046,0.5877639651298523,-0.019883135333657265,-0.00029008276760578156,0.0,0.0005559981800615788,1.0843043327331543,0.7293067529363034,6.625776767730713,1.7951278686523438,6.6263322830200195,2.0840697288513184,6.769598484039307,4.1795501708984375,,,,,,
8789940000.0,88.03,8.0,6391222784.0,2401.3732638527918,5030.0,0.0811767578125,82427904.0,172802.3842484951,0.0008858219953253865,0.002685546875,1.9679604768753052,-0.019083989784121513,0.6622957587242126,-0.019679605960845947,0.0005956199020147324,0.0,-0.0511663481593132,1.1485464572906494,0.7314097117064989,6.780622482299805,1.8802403211593628,6.729456424713135,2.2161712646484375,6.822762727737427,4.182096481323242,,,,,,
8789940000.0,98.49,8.199999809265137,6391222784.0,2380.824211309597,5031.0,0.0616455078125,82444288.0,172809.26589894295,0.0008953841170296073,0.00482177734375,1.9853328466415405,-0.019646039232611656,0.513606607913971,-0.01985332742333412,0.0002072872593998909,0.0,0.040308497846126556,1.0134797096252441,0.742413757620539,6.471240043640137,1.709051489830017,6.511548042297363,1.9968870878219604,6.881650447845459,4.173419952392578,,,,,,
8789940000.0,123.26,8.100000381469727,6391222784.0,2313.881676375593,5032.0,0.078125,82460672.0,172816.3466413021,0.001008959487080574,0.00439453125,1.9560790061950684,-0.01911616511642933,0.5663390755653381,-0.019560787826776505,0.00044462084770202637,0.0,0.0543212927877903,1.064599633216858,0.7539714538098957,6.7147393226623535,1.8671061992645264,6.7690606117248535,2.146315097808838,7.080742359161377,4.1850762367248535,,,,,,
8789940000.0,117.57,8.100000381469727,6391222784.0,2361.0342527453504,5033.0,0.08056640625,82477056.0,172823.28597307205,0.0005581954028457403,0.00238037109375,1.9413230419158936,-0.019109999760985374,0.5790159702301025,-0.019413229078054428,0.0003032255917787552,0.0,0.007835996337234974,1.0764764547348022,0.7616294273931344,6.671499729156494,1.9245877265930176,6.679335594177246,2.2048451900482178,6.939331769943237,4.165700912475586,,,,,,
8789940000.0,93.58,7.900000095367432,6391222784.0,2381.3948140782536,5034.0,0.072021484375,82493440.0,172830.165974617,0.0012959390878677368,0.00970458984375,1.9592864513397217,-0.019588936120271683,0.5548009872436523,-0.01959286257624626,3.925757482647896e-06,0.0,-0.05955624580383301,1.048769474029541,0.7636469929233201,6.658595561981201,1.9133169651031494,6.599039554595947,2.157245635986328,6.880001544952393,4.1898722648620605,,,,,,
8789940000.0,123.9,7.599999904632568,6391222784.0,2419.492353965695,5035.0,0.052490234375,82509824.0,172836.93764305115,0.0009541030158288777,0.00439453125,2.0435752868652344,-0.020215056836605072,0.5314252376556396,-0.020435750484466553,0.00022069388069212437,0.0,-0.09460484981536865,1.030045509338379,0.7404937810310683,6.400389671325684,1.7413647174835205,6.305784702301025,2.0220062732696533,6.771668434143066,4.170159339904785,,,,,,
8789940000.0,138.14,7.800000190734863,6391222784.0,2440.343472294291,5036.0,0.050048828125,82526208.0,172843.6514520645,0.0012855982640758157,0.0086669921875,2.0933666229248047,-0.021032271906733513,0.43482837080955505,-0.020933665335178375,-9.860377758741379e-05,0.0,-0.0819581151008606,0.9297350645065308,0.7680167769744339,6.156459808349609,1.6934231519699097,6.0745015144348145,1.9303263425827026,6.713809013366699,4.173650741577148,,,,,,
8789940000.0,155.05,7.699999809265137,6391222784.0,2442.9265251192314,5037.0,0.048828125,82542592.0,172850.3581621647,0.0014033291954547167,0.008056640625,2.0891308784484863,-0.020820634439587593,0.4506017565727234,-0.020891308784484863,7.067248225212097e-05,0.0,-0.048918865621089935,0.951393723487854,0.7555104267666812,6.165698528289795,1.6518726348876953,6.116779327392578,1.9241095781326294,6.70671010017395,4.20044732093811,,,,,,
8789940000.0,146.92,7.5,6391222784.0,2449.300457283458,5038.0,0.0555419921875,82558976.0,172857.0474190712,0.001474852440878749,0.00946044921875,2.1112723350524902,-0.02046506106853485,0.4946741759777069,-0.021112719550728798,0.0006476584821939468,0.0,-0.03378598392009735,0.9965073466300964,0.7635440193770106,6.159034729003906,1.7445158958435059,6.125248908996582,2.049299478530884,6.689256906509399,4.1941142082214355,,,,,,
8789940000.0,106.95,8.600000381469727,6391222784.0,2445.549863796213,5039.0,0.0701904296875,82575360.0,172863.74693489075,0.000718915369361639,0.00262451171875,2.073984146118164,-0.020214442163705826,0.46795183420181274,-0.02073984034359455,0.0005253991112112999,0.0,0.02251477912068367,0.9661419987678528,0.8054976994225221,6.48781681060791,1.946265697479248,6.510331153869629,2.190678119659424,6.6995158195495605,4.180087566375732,,,,,,
8789940000.0,169.42,8.100000381469727,6391222784.0,2428.0087189919955,5040.0,0.05615234375,82591744.0,172870.49485135078,0.0007388965459540486,0.00201416015625,2.0854203701019287,-0.020387522876262665,0.46521806716918945,-0.020854203030467033,0.0004666820168495178,0.0,-0.018777666613459587,0.9631549119949341,0.7773837892847653,6.13343620300293,1.8105552196502686,6.114658355712891,2.041351318359375,6.7479164600372314,4.190044164657593,,,,,,
8789940000.0,138.47,8.0,6391222784.0,2427.0388574634644,5041.0,0.06103515625,82608128.0,172877.24546432495,0.0010231281630694866,0.00457763671875,2.0641961097717285,-0.020559698343276978,0.5314452052116394,-0.020641962066292763,8.226744830608368e-05,0.0,-0.017900967970490456,1.0283088684082031,0.7703394229278601,6.283389091491699,1.873752236366272,6.265488624572754,2.1457571983337402,6.75061297416687,4.175810813903809,,,,,,
8789940000.0,102.48,8.399999618530273,6391222784.0,2406.345599031067,5042.0,0.0677490234375,82624512.0,172884.05412888527,0.0008116777753457427,0.0047607421875,2.0034704208374023,-0.019982073456048965,0.5015811324119568,-0.020034706220030785,5.263276398181915e-05,0.0,0.026578497141599655,0.9989553093910217,0.801547957718706,6.409887313842773,2.000723361968994,6.436466217041016,2.242427110671997,6.808664560317993,4.188284397125244,,,,,,
8789940000.0,126.32,8.0,6391222784.0,2466.982293559271,5043.0,0.0738525390625,82640896.0,172890.69544124603,0.0015718024224042892,0.0118408203125,1.9932481050491333,-0.02024039253592491,0.5212830305099487,-0.019932478666305542,-0.00030791154131293297,0.0,-0.0030541187152266502,1.0131962299346924,0.7935844076060153,6.235950469970703,1.9701288938522339,6.232895851135254,2.2300899028778076,6.64131236076355,4.17555832862854,,,,,,
8789940000.0,102.03,7.900000095367432,6391222784.0,2426.806583066687,5044.0,0.0567626953125,82657280.0,172897.44670033455,0.0009736998472362757,0.0047607421875,1.9907366037368774,-0.019520515576004982,0.46469104290008545,-0.01990736648440361,0.0003868502099066973,0.0,-0.02623428963124752,0.9629807472229004,0.7863093121782778,6.140588283538818,1.8544206619262695,6.114353656768799,2.083169937133789,6.751259088516235,4.194382905960083,,,,,,
8789940000.0,131.74,8.699999809265137,6391222784.0,2413.822736669183,5045.0,0.0689697265625,82673664.0,172904.23427414894,0.0010804173070937395,0.005859375,1.973944902420044,-0.019725177437067032,0.5495001673698425,-0.01973944902420044,1.4270655810832977e-05,0.0,0.040610961616039276,1.0467709302902222,0.7753853127608111,6.27573299407959,1.941343903541565,6.316344261169434,2.2086784839630127,6.78757381439209,4.170862436294556,,,,,,
8789940000.0,130.98,7.599999904632568,6391222784.0,2389.0660021359913,5046.0,0.06103515625,82690048.0,172911.0921843052,0.0012047775089740753,0.005615234375,1.988229751586914,-0.019891485571861267,0.5781954526901245,-0.01988229714334011,-9.190291166305542e-06,0.0,-0.03673707693815231,1.0738801956176758,0.7626869047127323,6.218216419219971,1.9457979202270508,6.181479454040527,2.204423189163208,6.85791015625,4.182824373245239,,,,,,
8789940000.0,117.45,8.699999809265137,6391222784.0,2427.8111679881476,5047.0,0.072021484375,82706432.0,172917.84064984322,0.0011030184105038643,0.00738525390625,2.0067830085754395,-0.019495032727718353,0.5055274963378906,-0.02006782777607441,0.0005727941170334816,0.0,0.03213592618703842,1.004339337348938,0.7840474765742522,6.349367141723633,1.9427995681762695,6.381503105163574,2.1612322330474854,6.748465538024902,4.167574405670166,,,,,,
8789940000.0,121.42,8.300000190734863,6391222784.0,2434.2281989418607,5048.0,0.064697265625,82722816.0,172924.57132530212,0.0013794354163110256,0.010009765625,2.005361318588257,-0.02010127156972885,0.5230609178543091,-0.020053613930940628,-4.7653913497924805e-05,0.0,0.02634493075311184,1.0217519998550415,0.7811792512193093,6.284684658050537,1.9285497665405273,6.31102991104126,2.1842453479766846,6.730675458908081,4.183825731277466,,,,,,
8789940000.0,94.61,8.899999618530273,6391222784.0,2461.998669321146,5049.0,0.0860595703125,82739200.0,172931.2260811329,0.001047715195454657,0.005859375,1.9821407794952393,-0.019776765257120132,0.49740299582481384,-0.0198214091360569,4.464387893676758e-05,0.0,0.07791824638843536,0.99647057056427,0.7981765816068191,6.6116623878479,2.0105957984924316,6.689580917358398,2.2180886268615723,6.6547558307647705,4.194396734237671,,,,,,
8789940000.0,128.29,8.0,6391222784.0,2437.5620652295443,5050.0,0.0726318359375,82755584.0,172937.94755101204,0.0013084965758025646,0.00750732421875,1.994009256362915,-0.020024631172418594,0.5966827869415283,-0.019940093159675598,-8.453801274299622e-05,0.0,-0.010125461965799332,1.0906394720077515,0.763155754382979,6.578702449798584,1.978969693183899,6.568576812744141,2.2410411834716797,6.721469879150391,4.204244613647461,,,,,,
8789940000.0,106.97,7.699999809265137,6391222784.0,2400.263078660524,5051.0,0.06103515625,82771968.0,172944.7734694481,0.0012786088045686483,0.00640869140625,2.006373643875122,-0.020053232088685036,0.5493997931480408,-0.020063739269971848,1.0507181286811829e-05,0.0,-0.043317798525094986,1.049450159072876,0.759238323382143,6.392648696899414,1.8618228435516357,6.349330902099609,2.1387898921966553,6.825918436050415,4.198073387145996,,,,,,
8789940000.0,97.05,8.899999618530273,6391222784.0,2449.8389423973313,5052.0,0.07568359375,82788352.0,172951.46125602722,0.0013431173283606768,0.010009765625,2.010021686553955,-0.020091865211725235,0.45535188913345337,-0.020100215449929237,8.354894816875458e-06,0.0,0.06458942592144012,0.952279269695282,0.7952143397708333,6.513479709625244,1.8645652532577515,6.578068733215332,2.104332685470581,6.68778657913208,4.181114196777344,,,,,,
8789940000.0,126.66,8.300000190734863,6391222784.0,2441.976992151536,5053.0,0.07080078125,82804736.0,172958.1705739498,0.0010941291693598032,0.00408935546875,1.988311529159546,-0.01987042836844921,0.528061032295227,-0.019883114844560623,1.2689270079135895e-05,0.0,0.010855665430426598,1.0260156393051147,0.7792891182108741,6.555303573608398,1.9093234539031982,6.566159248352051,2.1839466094970703,6.709317922592163,4.187537908554077,,,,,,
8789940000.0,128.79,7.800000190734863,6391222784.0,2408.788328392277,5054.0,0.0732421875,82821120.0,172964.97233390808,0.0009390409104526043,0.00445556640625,2.0176117420196533,-0.02012581191956997,0.5531795620918274,-0.0201761182397604,5.030818283557892e-05,0.0,-0.0592619888484478,1.0480256080627441,0.7604261327885619,6.653589725494385,1.8936429023742676,6.594327926635742,2.141174793243408,6.801759958267212,4.1699182987213135,,,,,,
8789940000.0,123.09,8.399999618530273,6391222784.0,2376.9709037106727,5055.0,0.0592041015625,82837504.0,172971.86514019966,0.0009285553242079914,0.00445556640625,2.0387895107269287,-0.02088218368589878,0.4238812327384949,-0.020387893542647362,-0.0004942896775901318,0.0,0.03179487586021423,0.9184941649436951,0.7932759877798592,6.4401679039001465,1.7904832363128662,6.471962928771973,2.0201377868652344,6.8928062915802,4.172209739685059,,,,,,
,,,,,,,,,,,,,,,,,,,,,,,,,,0.016543695703148842,0.5754472017288208,0.5315472483634949,0.016543695703148842,0.5754472017288208,0.5315472483634949
,,,,,,,,,,,,,,,,,,,,,,,,,,0.01726832427084446,0.5271334052085876,0.5014688968658447,0.01726832427084446,0.5271334052085876,0.5014688968658447
,,,,,,,,,,,,,,,,,,,,,,,,,,0.01628882996737957,0.5021489858627319,0.48102134466171265,0.01628882996737957,0.5021489858627319,0.48102134466171265
,,,,,,,,,,,,,,,,,,,,,,,,,,0.01647160016000271,0.47978803515434265,0.46170830726623535,0.01647160016000271,0.47978803515434265,0.46170830726623535
,,,,,,,,,,,,,,,,,,,,,,,,,,0.016698407009243965,0.46251657605171204,0.4472498297691345,0.016698407009243965,0.46251657605171204,0.4472498297691345
,,,,,,,,,,,,,,,,,,,,,,,,,,0.017181435599923134,0.44824472069740295,0.43261536955833435,0.017181435599923134,0.44824472069740295,0.43261536955833435
8789940000.0,116.85,7.900000095367432,6188634112.0,18.637208831689207,5056.0,0.0799560546875,82853888.0,173850.96673464775,0.0007461369968950748,0.00299072265625,1.9715253114700317,-0.019551211968064308,0.670015275478363,-0.01971525326371193,0.00016403989866375923,0.0,-0.04176364094018936,1.1569563150405884,0.7361739874791655,6.760022163391113,1.9460049867630005,6.718258857727051,2.2524659633636475,879.1015944480896,4.204135179519653,,,,,,
8789940000.0,105.83,8.199999809265137,6391222784.0,2359.778138508219,5057.0,0.0799560546875,82870272.0,173857.90976023674,0.0010774770053103566,0.00653076171875,1.951103925704956,-0.019239673390984535,0.7000496983528137,-0.019511038437485695,0.00027136667631566525,0.0,-0.0012194740120321512,1.1839993000030518,0.7072527109262083,6.8635993003845215,1.9123340845108032,6.862379550933838,2.1882896423339844,6.943025588989258,4.204267263412476,,,,,,
8789940000.0,101.52,8.5,6391222784.0,2319.9546598004667,5058.0,0.0848388671875,82886656.0,173864.9719672203,0.0008649367955513299,0.0047607421875,1.933121681213379,-0.01921241730451584,0.6277057528495789,-0.01933121681213379,0.00011879857629537582,0.0,0.07577504962682724,1.1188726425170898,0.7343619664242405,6.760179042816162,1.935431718826294,6.835954189300537,2.1708779335021973,7.062206983566284,4.1975390911102295,,,,,,
8789940000.0,81.84,8.399999618530273,6391222784.0,2374.120942759826,5059.0,0.091552734375,82903040.0,173871.87304782867,0.0005839517689310014,0.00164794921875,1.9322435855865479,-0.019025245681405067,0.7034438848495483,-0.019322434440255165,0.00029718875885009766,0.0,-0.014813486486673355,1.1853618621826172,0.7313516277565363,6.900692939758301,2.013089179992676,6.8858795166015625,2.286961078643799,6.90108060836792,4.195362567901611,,,,,,
8789940000.0,85.9,8.800000190734863,6391222784.0,2354.1141810938047,5060.0,0.103759765625,82919424.0,173878.8327782154,0.0018123936606571078,0.01318359375,1.893723487854004,-0.019122306257486343,0.7200949192047119,-0.018937237560749054,-0.00018507055938243866,0.0,0.03342951089143753,1.1966500282287598,0.724642538863044,7.130748748779297,1.9891941547393799,7.164178371429443,2.2804417610168457,6.959730386734009,4.164752721786499,,,,,,
8789940000.0,93.96,8.199999809265137,6391222784.0,2443.899133340963,5061.0,0.079345703125,82935808.0,173885.5368192196,0.0009733378537930548,0.00506591796875,1.982548713684082,-0.019686006009578705,0.6059487462043762,-0.019825486466288567,0.00013948231935501099,0.0,0.008515826426446438,1.1018173694610596,0.7282248187450057,6.738824844360352,1.8587840795516968,6.747340202331543,2.1135103702545166,6.704041004180908,4.179074048995972,,,,,,
8789940000.0,121.54,8.300000190734863,6391222784.0,2413.8237541174412,5062.0,0.0653076171875,82952192.0,173892.32439017296,0.0006040469743311405,0.00213623046875,2.033479690551758,-0.020340215414762497,0.46931570768356323,-0.020334795117378235,-5.412846803665161e-06,0.0,-0.012455647811293602,0.9671249389648438,0.7667799114269829,6.658843994140625,1.794677972793579,6.646388530731201,2.0026254653930664,6.787570953369141,4.195878505706787,,,,,,
8789940000.0,100.91,8.300000190734863,6391222784.0,2444.4489842422545,5063.0,0.0738525390625,82968576.0,173899.02692317963,0.0009856822434812784,0.0050048828125,2.0030956268310547,-0.019898876547813416,0.6016871929168701,-0.020030956715345383,0.00013207737356424332,0.0,-0.03710602968931198,1.0978127717971802,0.736124596153849,6.724231243133545,1.8110754489898682,6.687125205993652,2.1371192932128906,6.702533006668091,4.17492413520813,,,,,,
8789940000.0,97.2,8.300000190734863,6391222784.0,2440.0421903266574,5064.0,0.0860595703125,82984960.0,173905.7415611744,0.0005105339223518968,0.00115966796875,2.001633644104004,-0.019941095262765884,0.5587267875671387,-0.02001633308827877,7.523596286773682e-05,0.0,-0.004144385922700167,1.0589877367019653,0.7734285596765005,6.875401020050049,1.9153224229812622,6.8712568283081055,2.224787473678589,6.714637994766235,4.181319952011108,,,,,,
8789940000.0,95.57,8.5,6391222784.0,2434.5802280183134,5065.0,0.08056640625,83001344.0,173912.47126340866,0.0018692919984459877,0.01397705078125,2.029914379119873,-0.020629193633794785,0.4857974350452423,-0.020299142226576805,-0.00033005326986312866,0.0,-0.017130212858319283,0.9847264885902405,0.7954630823589244,6.764720916748047,1.9195351600646973,6.747590065002441,2.1773571968078613,6.7297022342681885,4.1783671379089355,,,,,,
8789940000.0,129.07,7.900000095367432,6391222784.0,2311.9095447064537,5066.0,0.0457763671875,83017728.0,173919.5580458641,0.0008245774661190808,0.00360107421875,2.085414409637451,-0.020894287154078484,0.42577898502349854,-0.02085414156317711,-4.0143728256225586e-05,0.0,-0.07190318405628204,0.9258995056152344,0.77204460928955,6.27680778503418,1.7439794540405273,6.204904556274414,1.9392720460891724,7.086782455444336,4.203142881393433,,,,,,
8789940000.0,132.37,8.100000381469727,6391222784.0,2327.044747359138,5067.0,0.0482177734375,83034112.0,173926.5987355709,0.00108875404112041,0.00482177734375,2.0837221145629883,-0.02066001296043396,0.4037611484527588,-0.020837219431996346,0.0001772083342075348,0.0,-0.04578700289130211,0.8931227922439575,0.7765109129850818,6.218869686126709,1.681396722793579,6.17308235168457,1.8892219066619873,7.040689706802368,4.201091766357422,,,,,,
8789940000.0,164.2,7.699999809265137,6391222784.0,2340.9790250497563,5068.0,0.0469970703125,83050496.0,173933.59751677513,0.0009948122315108776,0.00341796875,2.1018848419189453,-0.020998571068048477,0.46292582154273987,-0.021018851548433304,2.027861773967743e-05,0.0,-0.0561048686504364,0.9612243175506592,0.7623942879258035,6.15418815612793,1.7087533473968506,6.098083972930908,1.9719526767730713,6.998781204223633,4.164366006851196,,,,,,
8789940000.0,176.87,7.900000095367432,6391222784.0,2311.4802848604963,5069.0,0.052490234375,83066880.0,173940.68561530113,0.0018552776891738176,0.01275634765625,2.0952138900756836,-0.02097679302096367,0.4239759147167206,-0.020952139049768448,-2.4653971195220947e-05,0.0,-0.04630317538976669,0.9216165542602539,0.7956678320849123,6.197673797607422,1.7658066749572754,6.151371002197266,2.038835048675537,7.088098526000977,4.194973945617676,,,,,,
8789940000.0,150.26,8.5,6391222784.0,2397.047616290309,5070.0,0.0653076171875,83083264.0,173947.5206902027,0.0031380329746752977,0.024658203125,2.079946994781494,-0.019925715401768684,0.44908297061920166,-0.02079946920275688,0.0008737519383430481,0.0,0.03025374561548233,0.9439324736595154,0.791952324779266,6.267057418823242,1.8102328777313232,6.297310829162598,2.069471597671509,6.8350749015808105,4.199837923049927,,,,,,
8789940000.0,136.64,8.399999618530273,6391222784.0,2437.6864057154107,5071.0,0.059814453125,83099648.0,173954.24181723595,0.0032635722309350967,0.03167724609375,2.087493896484375,-0.01999993994832039,0.45393863320350647,-0.020874937996268272,0.0008749943226575851,0.0,0.008285691030323505,0.9508899450302124,0.7916741905095035,6.261519432067871,1.8782265186309814,6.269804954528809,2.083333969116211,6.721127033233643,4.174373626708984,,,,,,
8789940000.0,103.07,8.800000190734863,6391222784.0,2410.911010849849,5072.0,0.072021484375,83116032.0,173961.03758859634,0.0017246659845113754,0.01385498046875,2.0692548751831055,-0.021044325083494186,0.47339075803756714,-0.020692549645900726,-0.00035177264362573624,0.0,0.029197800904512405,0.974783182144165,0.8047493353015573,6.413061141967773,1.9756397008895874,6.442259311676025,2.206031560897827,6.795771360397339,4.18155312538147,,,,,,
8789940000.0,136.51,8.199999809265137,6391222784.0,2370.5439027418315,5073.0,0.0579833984375,83132416.0,173967.949082613,0.0013114206958562136,0.007568359375,2.0786046981811523,-0.021003317087888718,0.4501776695251465,-0.020786043256521225,-0.00021727290004491806,0.0,0.014048069715499878,0.9489263296127319,0.7966616208706319,6.340306282043457,1.8621853590011597,6.354353904724121,2.104372262954712,6.911494016647339,4.176647424697876,,,,,,
8789940000.0,140.89,7.900000095367432,6391222784.0,2450.384916468053,5074.0,0.0628662109375,83148800.0,173974.635379076,0.0009471098310314119,0.0035400390625,2.0397493839263916,-0.020177390426397324,0.5397412776947021,-0.02039749175310135,0.00022010598331689835,0.0,-0.016877952963113785,1.0364317893981934,0.7633545619606678,6.37716817855835,1.87623131275177,6.36029052734375,2.130549907684326,6.686296463012695,4.169130325317383,,,,,,
8789940000.0,113.38,8.100000381469727,6391222784.0,2422.0693340953935,5075.0,0.0640869140625,83165184.0,173981.3998427391,0.002010099124163389,0.0191650390625,2.0714893341064453,-0.020185017958283424,0.5105330348014832,-0.02071489207446575,0.0005298741161823273,0.0,-0.017561260610818863,1.0116931200027466,0.7812808831232132,6.404954433441162,1.9189881086349487,6.387392997741699,2.1632440090179443,6.764463663101196,4.192317724227905,,,,,,
8789940000.0,137.87,7.599999904632568,6391222784.0,2436.1989567231767,5076.0,0.07080078125,83181568.0,173988.12507343292,0.0015663322992622852,0.01226806640625,2.039578914642334,-0.019899852573871613,0.6005222797393799,-0.020395787432789803,0.0004959367215633392,0.0,0.0005278545431792736,1.0927435159683228,0.7536699353935699,6.456218719482422,1.933834195137024,6.4567461013793945,2.2017064094543457,6.725230693817139,4.19855523109436,,,,,,
8789940000.0,99.74,8.699999809265137,6391222784.0,2390.9019758909517,5077.0,0.0701904296875,83197952.0,173994.9777173996,0.0020073065534234047,0.0159912109375,2.029445171356201,-0.019557707011699677,0.5277584195137024,-0.02029445208609104,0.0007367432117462158,0.0,0.04302986338734627,1.024474024772644,0.7846582425725934,6.520979881286621,1.9481338262557983,6.564009666442871,2.207684278488159,6.852643966674805,4.17948579788208,,,,,,
8789940000.0,93.09,8.199999809265137,6391222784.0,2425.0307687296677,5078.0,0.0726318359375,83214336.0,174001.73392033577,0.001620388007722795,0.01544189453125,2.0504539012908936,-0.020330321043729782,0.5710626840591431,-0.020504537969827652,0.00017421855591237545,0.0,-0.0038018440827727318,1.0700117349624634,0.7709601762811432,6.380237102508545,1.9985466003417969,6.376435279846191,2.2358009815216064,6.756202936172485,4.191310882568359,,,,,,
8789940000.0,108.46,8.5,6391222784.0,2415.1046382627533,5079.0,0.0604248046875,83230720.0,174008.517891407,0.001222214661538601,0.008056640625,2.0350728034973145,-0.019889812916517258,0.434307724237442,-0.020350724458694458,0.0004609148600138724,0.0,0.02777903527021408,0.9322622418403625,0.786147290268302,6.211921691894531,1.8156514167785645,6.239701271057129,2.0159554481506348,6.783971071243286,4.199419260025024,,,,,,
8789940000.0,165.19,8.199999809265137,6391222784.0,2445.1683800885207,5080.0,0.0506591796875,83247104.0,174015.2184524536,0.001458420418202877,0.00860595703125,2.083928346633911,-0.020557966083288193,0.44352781772613525,-0.020839283242821693,0.0002813145983964205,0.0,-0.0008669733069837093,0.9412038326263428,0.7797108676921399,6.167285919189453,1.7996999025344849,6.166418552398682,2.005335569381714,6.700561046600342,4.167234182357788,,,,,,
8789940000.0,163.1,8.0,6391222784.0,2390.2965442838504,5081.0,0.05126953125,83263488.0,174022.07283210754,0.0014744792133569717,0.01177978515625,2.0723140239715576,-0.019275382161140442,0.44918572902679443,-0.020723138004541397,0.0014477595686912537,0.0,-0.017531856894493103,0.9489836692810059,0.7760975869824216,6.345731258392334,1.8109123706817627,6.32819938659668,2.005531072616577,6.854379653930664,4.184157609939575,,,,,,
8789940000.0,137.16,8.800000190734863,6391222784.0,2411.2955013908213,5082.0,0.0677490234375,83279872.0,174028.8675198555,0.003343537449836731,0.0303955078125,2.0361931324005127,-0.01997242495417595,0.4535469114780426,-0.02036193199455738,0.00038950517773628235,0.0,0.046109769493341446,0.9501962661743164,0.7874881413096434,6.503893852233887,1.8255469799041748,6.550003528594971,2.061206579208374,6.794687747955322,4.173299551010132,,,,,,
8789940000.0,160.88,8.399999618530273,6391222784.0,2416.383058986322,5083.0,0.062255859375,83296256.0,174035.64790177345,0.002458501374348998,0.0191650390625,2.0382332801818848,-0.019784368574619293,0.49049949645996094,-0.020382333546876907,0.0005979659035801888,0.0,0.031475044786930084,0.9904259443283081,0.7626356937395986,6.525164604187012,1.8236078023910522,6.556639671325684,2.0328927040100098,6.780381917953491,4.1961829662323,,,,,,
8789940000.0,115.43,8.600000381469727,6391222784.0,2415.0856258751546,5084.0,0.0592041015625,83312640.0,174042.43192625046,0.001246373518370092,0.00927734375,2.0814030170440674,-0.0204757172614336,0.34952840209007263,-0.02081403136253357,0.0003383164294064045,0.0,0.004693401046097279,0.8343861103057861,0.8167975817963953,6.24943208694458,1.7442809343338013,6.254125595092773,1.949402093887329,6.784024477005005,4.202331781387329,,,,,,
8789940000.0,130.27,8.300000190734863,6391222784.0,2321.4107804475593,5085.0,0.054931640625,83329024.0,174049.48970341682,0.0011109798215329647,0.0074462890625,2.039527654647827,-0.02047014981508255,0.4273455739021301,-0.020395273342728615,-7.48736783862114e-05,0.0,0.01969893090426922,0.925761342048645,0.777761856603863,6.385143280029297,1.7296793460845947,6.404842376708984,1.9637670516967773,7.057777166366577,4.156851291656494,,,,,,
8789940000.0,155.31,7.900000095367432,6391222784.0,2422.9611566610747,5086.0,0.052490234375,83345408.0,174056.2516772747,0.0013899714685976505,0.01019287109375,2.0737597942352295,-0.020549125969409943,0.4778848886489868,-0.020737595856189728,0.00018846802413463593,0.0,-0.05997105687856674,0.9781085252761841,0.7663712929173101,6.399436950683594,1.7858388423919678,6.339466094970703,2.0235962867736816,6.761973857879639,4.199463844299316,,,,,,
8789940000.0,160.23,8.100000381469727,6391222784.0,2449.867938421145,5087.0,0.067138671875,83361792.0,174062.93938469887,0.0018166429363191128,0.017333984375,2.0510008335113525,-0.02024519070982933,0.5438414812088013,-0.020510006695985794,0.0002648180816322565,0.0,-0.01665835827589035,1.0410351753234863,0.7640132700264668,6.582943916320801,1.8688664436340332,6.566285610198975,2.1429975032806396,6.687707424163818,4.1747846603393555,,,,,,
,,,,,,,,,,,,,,,,,,,,,,,,,,0.025364307686686516,0.5444478392601013,0.501775324344635,0.025364307686686516,0.5444478392601013,0.501775324344635
,,,,,,,,,,,,,,,,,,,,,,,,,,0.02349858731031418,0.49622902274131775,0.47184816002845764,0.02349858731031418,0.49622902274131775,0.47184816002845764
,,,,,,,,,,,,,,,,,,,,,,,,,,0.0226740762591362,0.4714886546134949,0.45013535022735596,0.0226740762591362,0.4714886546134949,0.45013535022735596
,,,,,,,,,,,,,,,,,,,,,,,,,,0.022508982568979263,0.4515243172645569,0.4348720610141754,0.022508982568979263,0.4515243172645569,0.4348720610141754
,,,,,,,,,,,,,,,,,,,,,,,,,,0.022654416039586067,0.4335891902446747,0.41735711693763733,0.022654416039586067,0.4335891902446747,0.41735711693763733
,,,,,,,,,,,,,,,,,,,,,,,,,,0.02268231101334095,0.4207936227321625,0.4044952690601349,0.02268231101334095,0.4207936227321625,0.4044952690601349
8789940000.0,85.91,8.199999809265137,6188634112.0,18.543775513902617,5088.0,0.079345703125,83378176.0,174946.4703564644,0.0008974847150966525,0.00457763671875,2.065241575241089,-0.02045562118291855,0.5604119300842285,-0.020652415230870247,0.00019679032266139984,0.0,0.001885610050521791,1.0555180311203003,0.7651195333861694,6.570780277252197,1.9450312852859497,6.572666168212891,2.177922010421753,883.5309717655182,4.196091175079346,,,,,,
8789940000.0,113.96,8.800000190734863,6391222784.0,2420.5355664517274,5089.0,0.072021484375,83394560.0,174953.2391064167,0.0006230735452845693,0.0018310546875,2.0689175128936768,-0.020625287666916847,0.4597935676574707,-0.02068917639553547,6.388919427990913e-05,0.0,0.05807536840438843,0.9590660333633423,0.7936302786372237,6.508286476135254,1.9062809944152832,6.566362380981445,2.111182689666748,6.768749952316284,4.181163311004639,,,,,,
8789940000.0,137.58,8.199999809265137,6391222784.0,2364.8545774049776,5090.0,0.0567626953125,83410944.0,174960.16722798347,0.00068234046921134,0.00396728515625,2.088292360305786,-0.021109623834490776,0.4319445490837097,-0.020882925018668175,-0.00022669450845569372,0.0,-0.018980052322149277,0.9285967350006104,0.7926280438841418,6.311271667480469,1.852509617805481,6.292291641235352,2.039163827896118,6.928121566772461,4.18259334564209,,,,,,
8789940000.0,128.84,8.100000381469727,6391222784.0,1944.8444683130576,5091.0,0.0531005859375,83427328.0,174968.59155201912,0.0007751830271445215,0.00323486328125,2.076843500137329,-0.02030377835035324,0.47512248158454895,-0.020768431946635246,0.00046465639024972916,0.0,-0.011117404326796532,0.9767910838127136,0.7548049837677144,6.318132400512695,1.7622945308685303,6.307015419006348,1.9726310968399048,8.424324035644531,4.1905529499053955,,,,,,
8789940000.0,159.15,7.699999809265137,6391222784.0,2409.8241879598627,5092.0,0.05859375,83443712.0,174975.39038825035,0.0007656086818315089,0.00311279296875,2.0479259490966797,-0.020249608904123306,0.499146968126297,-0.02047926001250744,0.00022965297102928162,0.0,-0.011087130755186081,0.9950646758079529,0.7702444185340165,6.361046314239502,1.8170086145401,6.349959373474121,2.075958251953125,6.7988362312316895,4.188924312591553,,,,,,
8789940000.0,142.75,8.699999809265137,6391222784.0,2385.0419502989153,5093.0,0.069580078125,83460096.0,174982.25986909866,0.0008045059512369335,0.00390625,2.0409696102142334,-0.020876269787549973,0.5375059843063354,-0.02040969580411911,-0.0004665735177695751,0.0,0.07444268465042114,1.037685751914978,0.7615620251043045,6.434614181518555,1.8739217519760132,6.50905704498291,2.1250929832458496,6.869480848312378,4.181108474731445,,,,,,
8789940000.0,107.21,8.800000190734863,6391222784.0,2374.5330064847153,5094.0,0.069580078125,83476480.0,174989.1597521305,0.002206131350249052,0.017822265625,2.094683885574341,-0.019502591341733932,0.47500723600387573,-0.020946837961673737,0.001444246619939804,0.0,0.05366361886262894,0.9738975763320923,0.802647733621975,6.451412200927734,1.9937528371810913,6.505075931549072,2.1922614574432373,6.899883031845093,4.170951843261719,,,,,,
8789940000.0,112.36,8.699999809265137,6391222784.0,2344.8891685427857,5095.0,0.0628662109375,83492864.0,174996.14686274529,0.0017800225177779794,0.01458740234375,2.114743709564209,-0.020957112312316895,0.4525385797023773,-0.021147435531020164,0.00019032368436455727,0.0,-0.01200302317738533,0.9526916146278381,0.7993684424456649,6.564061641693115,1.9183322191238403,6.552058696746826,2.126927375793457,6.987110614776611,4.189560651779175,,,,,,
8789940000.0,109.64,8.300000190734863,6391222784.0,2363.114444041801,5096.0,0.05615234375,83509248.0,175003.0800859928,0.0023259723093360662,0.02227783203125,2.104461431503296,-0.0210681464523077,0.40172916650772095,-0.021044613793492317,-2.3536384105682373e-05,0.0,-0.022695433348417282,0.8937444686889648,0.7974040999597674,6.413421630859375,1.7822192907333374,6.390726566314697,1.9856282472610474,6.933223247528076,4.186131477355957,,,,,,
8789940000.0,206.24,7.599999904632568,6391222784.0,2383.157025164832,5097.0,0.0555419921875,83525632.0,175009.95500016212,0.0015445502940565348,0.01495361328125,2.0860583782196045,-0.020851077511906624,0.5526388883590698,-0.0208605844527483,9.509734809398651e-06,0.0,-0.04943471774458885,1.0503416061401367,0.7022615655635736,6.573581695556641,1.6714476346969604,6.524147033691406,1.9249224662780762,6.874914169311523,4.170621633529663,,,,,,
8789940000.0,129.86,8.199999809265137,6391222784.0,2420.0538605541105,5098.0,0.07568359375,83542016.0,175016.72509741783,0.0008265912183560431,0.0048828125,2.034055233001709,-0.020355626940727234,0.5549596548080444,-0.02034055069088936,-1.5078112483024597e-05,0.0,0.009614909999072552,1.0541867017745972,0.7412611179134979,6.782960414886475,1.7897933721542358,6.792575836181641,2.0724637508392334,6.770097255706787,4.1909894943237305,,,,,,
8789940000.0,107.85,8.300000190734863,6391222784.0,2368.6952865741555,5099.0,0.057373046875,83558400.0,175023.6419854164,0.0011830233270302415,0.00543212890625,2.0634095668792725,-0.020540717989206314,0.4679078459739685,-0.02063409425318241,9.337672963738441e-05,0.0,0.029339777305722237,0.9680391550064087,0.7370793126388508,6.4469075202941895,1.6708617210388184,6.476247787475586,1.887909173965454,6.916887998580933,4.1915977001190186,,,,,,
8789940000.0,122.87,8.600000381469727,6391222784.0,2328.165910865259,5100.0,0.0726318359375,83574784.0,175030.6792845726,0.0010811078827828169,0.0037841796875,1.9894691705703735,-0.020161833614110947,0.4437592923641205,-0.019894691184163094,-0.0002671424299478531,0.0,0.0369003526866436,0.9410868883132935,0.7950365510539735,6.627350807189941,1.8413584232330322,6.66425085067749,2.0786986351013184,7.037299156188965,4.172321081161499,,,,,,
8789940000.0,124.97,7.599999904632568,6391222784.0,2350.289545290753,5101.0,0.062255859375,83591168.0,175037.6503405571,0.0016599855152890086,0.01239013671875,1.988938808441162,-0.01989194005727768,0.6042049527168274,-0.019889390096068382,-2.5508925318717957e-06,0.0,-0.0798722356557846,1.0964884757995605,0.7192361932742056,6.521996974945068,1.7879447937011719,6.442124366760254,2.069347381591797,6.97105598449707,4.190622568130493,,,,,,
8789940000.0,134.44,8.300000190734863,6391222784.0,2415.4390166248286,5102.0,0.057373046875,83607552.0,175044.43337249756,0.0009950525127351284,0.0042724609375,2.0024211406707764,-0.020172221586108208,0.445081889629364,-0.020024210214614868,-0.00014801323413848877,0.0,0.008172775618731976,0.9388001561164856,0.7693934368557505,6.341402053833008,1.7041670083999634,6.349575042724609,1.9549579620361328,6.783031940460205,4.189558267593384,,,,,,
8789940000.0,111.55,8.699999809265137,6391222784.0,2347.7001377849465,5103.0,0.0653076171875,83623936.0,175051.4121172428,0.0005584928439930081,0.00164794921875,2.0074689388275146,-0.019709382206201553,0.4316816031932831,-0.020074687898159027,0.0003653038293123245,0.0,0.041134823113679886,0.9294223189353943,0.7814200087930805,6.465951919555664,1.758030891418457,6.507086753845215,1.9879621267318726,6.978744745254517,4.198181867599487,,,,,,
8789940000.0,98.85,8.199999809265137,6391222784.0,2428.2751163368894,5104.0,0.0732421875,83640320.0,175058.15929341316,0.0007819074671715498,0.0030517578125,1.9847521781921387,-0.01966995932161808,0.6711294651031494,-0.01984752155840397,0.00017756037414073944,0.0,-0.047518808394670486,1.1586108207702637,0.7221797484202266,6.503021240234375,1.8653082847595215,6.455502510070801,2.198141098022461,6.747176170349121,4.189018487930298,,,,,,
8789940000.0,111.37,8.899999618530273,6391222784.0,2366.5879842261165,5105.0,0.0726318359375,83656704.0,175065.0823404789,0.0007707436452619731,0.00323486328125,1.9589903354644775,-0.018936393782496452,0.5612062215805054,-0.019589902833104134,0.0006535095162689686,0.0,0.023360930383205414,1.0614650249481201,0.7475998323794826,6.5423712730407715,1.7889288663864136,6.565732955932617,2.112813949584961,6.923047065734863,4.184539318084717,,,,,,
8789940000.0,126.85,8.0,6391222784.0,2355.9886428963246,5106.0,0.069580078125,83673088.0,175072.03653359413,0.0020403540693223476,0.0179443359375,1.9859329462051392,-0.018939316272735596,0.5181074142456055,-0.019859328866004944,0.0009200144559144974,0.0,-0.0131527753546834,1.0208714008331299,0.7659096772658633,6.545787811279297,1.8196299076080322,6.53263521194458,2.1099841594696045,6.954193115234375,4.169684171676636,,,,,,
8789940000.0,105.19,8.699999809265137,6391222784.0,2350.6678874360837,5107.0,0.05859375,83689472.0,175079.0064675808,0.0007445370429195464,0.0030517578125,2.0435867309570312,-0.02043209783732891,0.3916938304901123,-0.020435865968465805,3.764405846595764e-06,0.0,0.004675465635955334,0.8850837349891663,0.8016705335229615,6.398977756500244,1.7740755081176758,6.403653144836426,1.987425684928894,6.969933986663818,4.196035146713257,,,,,,
8789940000.0,126.42,8.600000381469727,6391222784.0,2357.311155229847,5108.0,0.0482177734375,83705856.0,175085.9567592144,0.001107438700273633,0.00616455078125,2.0825958251953125,-0.020824909210205078,0.35898786783218384,-0.020825959742069244,1.0496005415916443e-06,0.0,0.003254809183999896,0.8476886749267578,0.7973325283097492,6.172224998474121,1.6994684934616089,6.175479888916016,1.8829731941223145,6.950291633605957,4.185282945632935,,,,,,
8789940000.0,118.29,8.199999809265137,6391222784.0,2387.6147149898734,5109.0,0.059814453125,83722240.0,175092.8188378811,0.0011590563226491213,0.0068359375,2.068732738494873,-0.019577831029891968,0.541971743106842,-0.020687326788902283,0.0011095013469457626,0.0,-0.07207998633384705,1.0382585525512695,0.75017911731319,6.430044174194336,1.7970045804977417,6.357964515686035,2.077261209487915,6.862078666687012,4.176658391952515,,,,,,
8789940000.0,189.04,7.300000190734863,6391222784.0,2474.7099868092487,5110.0,0.040283203125,83738624.0,175099.43941164017,0.0016653082566335797,0.008056640625,2.1066324710845947,-0.020017225295305252,0.47611960768699646,-0.021066324785351753,0.0010490990243852139,0.0,-0.11417397111654282,0.9760010838508606,0.7308520280408604,6.119734764099121,1.6493629217147827,6.005560874938965,1.8812865018844604,6.6205737590789795,4.203226804733276,,,,,,
8789940000.0,196.71,7.099999904632568,6391222784.0,2467.760033072258,5111.0,0.0457763671875,83755008.0,175106.07863092422,0.0014983289875090122,0.01116943359375,2.088347911834717,-0.021015526726841927,0.5046225786209106,-0.020883480086922646,-0.000132046639919281,0.0,-0.09568560123443604,1.0066817998886108,0.749428779578603,6.144260406494141,1.7037526369094849,6.048575401306152,2.01106858253479,6.639219284057617,4.1986353397369385,,,,,,
8789940000.0,153.08,7.900000095367432,6391222784.0,2428.1375776549717,5112.0,0.0567626953125,83771392.0,175112.82618927956,0.0008980524726212025,0.00335693359375,2.098621368408203,-0.020502056926488876,0.5332393646240234,-0.02098621241748333,0.0004841567715629935,0.0,-0.01147311832755804,1.029869556427002,0.7501437014718525,6.099776268005371,1.7958687543869019,6.088303089141846,2.0603325366973877,6.747558355331421,4.180216550827026,,,,,,
8789940000.0,135.95,7.800000190734863,6391222784.0,2357.9795219997354,5113.0,0.047607421875,83787776.0,175119.77451086044,0.000648861809168011,0.0023193359375,2.08440899848938,-0.02101902849972248,0.4501400589942932,-0.02084408886730671,-0.00017493870109319687,0.0,-0.020257022231817245,0.9476842880249023,0.759506666677916,5.901125907897949,1.6787385940551758,5.880868911743164,1.9324688911437988,6.948321580886841,4.193738698959351,,,,,,
8789940000.0,153.06,8.199999809265137,6391222784.0,2382.1930110320436,5114.0,0.0482177734375,83804160.0,175126.65220713615,0.0011037003714591265,0.005615234375,2.093947410583496,-0.020458582788705826,0.3925491273403168,-0.020939474925398827,0.00048089027404785156,0.0,0.025855163112282753,0.8874290585517883,0.7967109424035508,5.9132585525512695,1.7192869186401367,5.939113616943359,1.9682334661483765,6.87769627571106,4.1821982860565186,,,,,,
8789940000.0,177.26,8.0,6391222784.0,1352.1812290826724,5115.0,0.0384521484375,83820544.0,175138.76892614365,0.0015945939812809229,0.01092529296875,2.097273349761963,-0.020133603364229202,0.36913034319877625,-0.020972734317183495,0.0008391328155994415,0.0,-0.005376545712351799,0.8588871955871582,0.7945606422505237,5.754036903381348,1.6842578649520874,5.748660564422607,1.8949347734451294,12.116719007492065,4.1946094036102295,,,,,,
8789940000.0,151.93,7.5,6391222784.0,2411.2278153948246,5116.0,0.045166015625,83836928.0,175145.56380462646,0.0015032225055620074,0.0106201171875,2.062028408050537,-0.019604705274105072,0.4887355864048004,-0.020620282739400864,0.0010155774652957916,0.0,-0.07858417183160782,0.9868974685668945,0.7656880014406229,5.81749153137207,1.7873860597610474,5.7389068603515625,2.0388007164001465,6.7948784828186035,4.17146110534668,,,,,,
8789940000.0,154.65,8.5,6391222784.0,2410.339450633438,5117.0,0.06591796875,83853312.0,175152.36118745804,0.0017468638252466917,0.01483154296875,2.0157623291015625,-0.020248325541615486,0.4903401732444763,-0.020157620310783386,-9.070243686437607e-05,0.0,0.023684905841946602,0.9865487217903137,0.8017017919815809,6.1723809242248535,1.9680882692337036,6.196065902709961,2.2154362201690674,6.797382831573486,4.193405389785767,,,,,,
8789940000.0,127.28,8.399999618530273,6391222784.0,2421.7719497396733,5118.0,0.0689697265625,83869696.0,175159.12648177147,0.0012988997623324394,0.00640869140625,2.021531105041504,-0.020597362890839577,0.5371832251548767,-0.020215308293700218,-0.0003820527344942093,0.0,0.061195746064186096,1.0364258289337158,0.7846380498056841,6.079627513885498,1.9720509052276611,6.1408233642578125,2.2333340644836426,6.765294313430786,4.169837951660156,,,,,,
8789940000.0,108.95,8.0,6391222784.0,2443.7625131230548,5119.0,0.0714111328125,83886080.0,175165.83089756966,0.0008592086378484964,0.004150390625,2.00717830657959,-0.019786175340414047,0.559441089630127,-0.020071780309081078,0.00028560589998960495,0.0,0.02937038242816925,1.0604259967803955,0.7860665145372913,6.1905517578125,2.010986089706421,6.219922065734863,2.2926666736602783,6.704415798187256,4.171331167221069,,,,,,
,,,,,,,,,,,,,,,,,,,,,,,,,,0.01766776293516159,0.526521623134613,0.48250630497932434,0.01766776293516159,0.526521623134613,0.48250630497932434
,,,,,,,,,,,,,,,,,,,,,,,,,,0.015831802040338516,0.47761502861976624,0.4520799517631531,0.015831802040338516,0.47761502861976624,0.4520799517631531
,,,,,,,,,,,,,,,,,,,,,,,,,,0.015638897195458412,0.4526912569999695,0.43368104100227356,0.015638897195458412,0.4526912569999695,0.43368104100227356
,,,,,,,,,,,,,,,,,,,,,,,,,,0.015457936562597752,0.4331519603729248,0.4175885319709778,0.015457936562597752,0.4331519603729248,0.4175885319709778
,,,,,,,,,,,,,,,,,,,,,,,,,,0.015848049893975258,0.4175064265727997,0.40136075019836426,0.015848049893975258,0.4175064265727997,0.40136075019836426
,,,,,,,,,,,,,,,,,,,,,,,,,,0.01592852920293808,0.4047543704509735,0.38864538073539734,0.01592852920293808,0.4047543704509735,0.38864538073539734
8789940000.0,127.81,7.900000095367432,6188634112.0,18.56528611121254,5120.0,0.0701904296875,83902464.0,176048.33816957474,0.0006986084626987576,0.0030517578125,2.038985252380371,-0.02072090096771717,0.5761432647705078,-0.020389853045344353,-0.000331047922372818,0.0,-0.0007997788488864899,1.0735397338867188,0.7728786685622042,6.477494239807129,2.0115017890930176,6.476694107055664,2.2526259422302246,882.5072720050812,4.19066596031189,,,,,,
8789940000.0,134.32,7.699999809265137,6391222784.0,2338.3235098612026,5121.0,0.0726318359375,83918848.0,176055.34489893913,0.0005550278583541512,0.00152587890625,2.021028757095337,-0.019595317542552948,0.6052110195159912,-0.02021029032766819,0.0006149723194539547,0.0,-0.044156596064567566,1.0999658107757568,0.7551164560243181,6.450333595275879,1.960959792137146,6.406177520751953,2.2227964401245117,7.006729364395142,4.187974452972412,,,,,,
8789940000.0,90.82,8.5,6391222784.0,2393.544595067303,5122.0,0.0836181640625,83935232.0,176062.18997716904,0.0006930268136784434,0.00189208984375,2.0084893703460693,-0.019564688205718994,0.5317677855491638,-0.020084893330931664,0.0005202032625675201,0.0,0.05821569263935089,1.0278366804122925,0.780171400784853,6.612825870513916,1.956860899925232,6.671042442321777,2.1922104358673096,6.845078229904175,4.180526971817017,,,,,,
8789940000.0,121.34,7.699999809265137,6391222784.0,2401.109296343483,5123.0,0.0714111328125,83951616.0,176069.01348996162,0.0005728803807869554,0.00238037109375,2.027881145477295,-0.020508501678705215,0.6619734168052673,-0.0202788133174181,-0.0002296896418556571,0.0,-0.016331596300005913,1.1507227420806885,0.7354473898546714,6.592123031616211,1.9725000858306885,6.575791358947754,2.237250804901123,6.82351279258728,4.197630405426025,,,,,,
8789940000.0,118.05,8.5,6391222784.0,2417.1404397428187,5124.0,0.0994873046875,83968000.0,176075.79174733162,0.0009029358625411987,0.00457763671875,2.004941463470459,-0.019924325868487358,0.5904678106307983,-0.020049413666129112,0.0001250910572707653,0.0,0.06722334772348404,1.0848493576049805,0.7603932724926915,6.92189884185791,1.9829421043395996,6.98912239074707,2.2162559032440186,6.778257369995117,4.1828553676605225,,,,,,
8789940000.0,86.13,8.600000381469727,6391222784.0,2344.9115726157283,5125.0,0.0775146484375,83984384.0,176082.7787911892,0.0006579378969036043,0.00189208984375,2.036222457885742,-0.020497262477874756,0.45437300205230713,-0.02036222070455551,-0.00013503502123057842,0.0,0.06336818635463715,0.9512114524841309,0.8077992354590366,6.669582366943359,1.9536757469177246,6.732950687408447,2.169699192047119,6.987043857574463,4.199285507202148,,,,,,
8789940000.0,112.56,8.300000190734863,6391222784.0,2414.426318908865,5126.0,0.0628662109375,84000768.0,176089.56466817856,0.0007567335269413888,0.00238037109375,2.075007915496826,-0.02063634805381298,0.42953383922576904,-0.020750077441334724,0.00011372659355401993,0.0,-0.04105483368039131,0.9268430471420288,0.7956449421214598,6.3869476318359375,1.8632313013076782,6.345892906188965,2.0502827167510986,6.785876989364624,4.199625730514526,,,,,,
8789940000.0,123.29,8.199999809265137,6391222784.0,2395.47421812897,5127.0,0.05126953125,84017152.0,176096.40423250198,0.0008693593554198742,0.0032958984375,2.0985260009765625,-0.021014899015426636,0.451152503490448,-0.020985258743166924,-2.963375300168991e-05,0.0,-0.023674683645367622,0.9460486769676208,0.7694957377525631,6.3920769691467285,1.7864830493927002,6.368402481079102,1.9704898595809937,6.839564323425293,4.188037395477295,,,,,,
8789940000.0,165.69,7.5,6391222784.0,2409.696336185215,5128.0,0.052490234375,84033536.0,176103.20342946053,0.0004966096603311598,0.00115966796875,2.0789506435394287,-0.020715951919555664,0.5153271555900574,-0.020789507776498795,7.355120033025742e-05,0.0,-0.11903849244117737,1.0117008686065674,0.7622740949523175,6.287335395812988,1.7897346019744873,6.168296813964844,2.074978828430176,6.79919695854187,4.1973347663879395,,,,,,
8789940000.0,172.01,7.699999809265137,6391222784.0,2411.4914737757076,5129.0,0.0567626953125,84049920.0,176109.99756503105,0.0008166459738276899,0.002685546875,2.0907785892486572,-0.02052091620862484,0.5052703619003296,-0.02090778946876526,0.00038686953485012054,0.0,-0.08381041884422302,1.0043803453445435,0.7663681924553872,6.227638244628906,1.7858880758285522,6.143827438354492,2.0779354572296143,6.794135570526123,4.17641019821167,,,,,,
8789940000.0,126.28,8.399999618530273,6391222784.0,2338.0978815113604,5130.0,0.0543212890625,84066304.0,176117.00497055054,0.0010780594311654568,0.00738525390625,2.1491751670837402,-0.02139933407306671,0.373263418674469,-0.021491751074790955,9.241746738553047e-05,0.0,-0.007901663891971111,0.8645834922790527,0.8117219531945357,6.075952053070068,1.7835224866867065,6.068050384521484,1.992540955543518,7.007405519485474,4.176778316497803,,,,,,
8789940000.0,137.9,8.199999809265137,6391222784.0,2344.950380683686,5131.0,0.040283203125,84082688.0,176123.9918987751,0.0015787896700203419,0.00994873046875,2.17498779296875,-0.022132180631160736,0.35390520095825195,-0.02174987643957138,-0.000382300466299057,0.0,-0.02938404306769371,0.8390097618103027,0.797383097502437,5.888383865356445,1.6550889015197754,5.859000205993652,1.8639285564422607,6.986928224563599,4.193122386932373,,,,,,
8789940000.0,118.49,8.699999809265137,6391222784.0,2373.801021384718,5132.0,0.0640869140625,84099072.0,176130.89390945435,0.0009259771322831511,0.00164794921875,2.145805597305298,-0.021955689415335655,0.4793534278869629,-0.021458057686686516,-0.0004976345226168633,0.0,0.00867979321628809,0.9805710315704346,0.8030951372072739,6.26741886138916,1.9498299360275269,6.276098728179932,2.209789752960205,6.902010679244995,4.198004961013794,,,,,,
8789940000.0,142.76,8.100000381469727,6391222784.0,2350.6403880036523,5133.0,0.076904296875,84115456.0,176137.86392498016,0.0011664456687867641,0.00439453125,2.1054253578186035,-0.021610699594020844,0.550285816192627,-0.021054252982139587,-0.0005564456805586815,0.0,-0.005383256357163191,1.0500959157943726,0.78674314847779,6.2791266441345215,1.9899035692214966,6.273743152618408,2.2739315032958984,6.970015525817871,4.1825056076049805,,,,,,
8789940000.0,105.63,8.199999809265137,6391222784.0,2317.6370261387738,5134.0,0.0714111328125,84131840.0,176144.93319416046,0.0009039490250870585,0.00225830078125,2.085012197494507,-0.020816350355744362,0.5731638669967651,-0.02085012011229992,3.377161920070648e-05,0.0,0.009391801431775093,1.0693649053573608,0.7726937126431911,6.381844997406006,2.006972312927246,6.391236305236816,2.2429516315460205,7.069269180297852,4.186570405960083,,,,,,
8789940000.0,127.64,8.199999809265137,6391222784.0,2375.6186909377097,5135.0,0.064697265625,84148224.0,176151.82992386818,0.0007234524236992002,0.00128173828125,2.1061151027679443,-0.021136842668056488,0.570935070514679,-0.02106114849448204,-7.569370791316032e-05,0.0,-0.0012271953746676445,1.0694019794464111,0.7571063759044209,6.127708435058594,1.9475975036621094,6.126482009887695,2.1698670387268066,6.8967297077178955,4.1639204025268555,,,,,,
8789940000.0,106.26,7.5,6391222784.0,2323.501522358158,5136.0,0.0628662109375,84164608.0,176158.88135027885,0.0005252911942079663,0.00274658203125,2.089076042175293,-0.021045077592134476,0.545740008354187,-0.02089075930416584,-0.00015431665815412998,0.0,-0.038055457174777985,1.0382251739501953,0.7677633382234428,6.176656723022461,1.888134241104126,6.138601303100586,2.154399871826172,7.051426410675049,4.206068515777588,,,,,,
8789940000.0,127.6,7.599999904632568,6391222784.0,2333.1589133019115,5137.0,0.0543212890625,84180992.0,176165.90358948708,0.0005315892631188035,0.0018310546875,2.1166515350341797,-0.02128494717180729,0.4879327714443207,-0.021166514605283737,-0.0001184297725558281,0.0,-0.0638314038515091,0.9889042377471924,0.7700899513040902,6.003507614135742,1.7952954769134521,5.939676284790039,2.062411069869995,7.0222392082214355,4.19114089012146,,,,,,
8789940000.0,164.78,7.400000095367432,6391222784.0,2331.1228793006144,5138.0,0.0537109375,84197376.0,176172.93196201324,0.0007715674582868814,0.00360107421875,2.0953030586242676,-0.020835809409618378,0.570330798625946,-0.02095302939414978,0.00011722289491444826,0.0,-0.06456637382507324,1.0670708417892456,0.7561990930057743,6.017705917358398,1.8435676097869873,5.9531402587890625,2.1611053943634033,7.028372526168823,4.202358961105347,,,,,,
8789940000.0,119.98,8.199999809265137,6391222784.0,2361.669345078535,5139.0,0.0732421875,84213760.0,176179.86942768097,0.0009719718364067376,0.005615234375,2.07033109664917,-0.020286154001951218,0.5532394051551819,-0.020703312009572983,0.0004171542823314667,0.0,-0.008021766319870949,1.0519849061965942,0.7974140701416379,6.245176792144775,2.0328118801116943,6.237154960632324,2.337247371673584,6.937465667724609,4.180732488632202,,,,,,
8789940000.0,109.42,8.5,6391222784.0,2368.9680995608483,5140.0,0.0726318359375,84230144.0,176186.78551912308,0.000639847363345325,0.0025634765625,2.0772509574890137,-0.020895905792713165,0.47443827986717224,-0.020772511139512062,-0.00012339511886239052,0.0,0.08896912634372711,0.9723343253135681,0.8115541119217804,6.145033836364746,1.9706412553787231,6.234003067016602,2.239867687225342,6.916091442108154,4.184415340423584,,,,,,
8789940000.0,145.99,8.0,6391222784.0,2370.6789195914234,5141.0,0.0567626953125,84246528.0,176193.69661951065,0.0005010083550587296,0.00146484375,2.1232123374938965,-0.021380668506026268,0.44615593552589417,-0.02123212069272995,-0.00014854641631245613,0.0,-0.013042869046330452,0.9473315477371216,0.8066367989944566,5.874924659729004,1.9374384880065918,5.861882209777832,2.154343843460083,6.911100387573242,4.194751977920532,,,,,,
8789940000.0,152.33,8.0,6391222784.0,2368.202569705448,5142.0,0.0482177734375,84262912.0,176200.61494660378,0.0010747143533080816,0.006103515625,2.137861728668213,-0.02094186842441559,0.39991116523742676,-0.021378614008426666,0.00043674930930137634,0.0,-0.006676081568002701,0.8926962614059448,0.8116597646033363,5.828889846801758,1.8480762243270874,5.822213172912598,2.0569891929626465,6.91832709312439,4.194614887237549,,,,,,
8789940000.0,135.57,7.800000190734863,6391222784.0,2391.232431371594,5143.0,0.0531005859375,84279296.0,176207.46664357185,0.0009363802382722497,0.00384521484375,2.1269335746765137,-0.021841196343302727,0.49790292978286743,-0.021269336342811584,-0.0005718637257814407,0.0,-0.02839353121817112,0.9954483509063721,0.7741130361947423,5.910669803619385,1.869042992591858,5.88227653503418,2.094466209411621,6.851696968078613,4.19052267074585,,,,,,
8789940000.0,193.89,7.900000095367432,6391222784.0,2392.1922017143015,5144.0,0.0482177734375,84295680.0,176214.31559157372,0.0014102696441113949,0.00946044921875,2.17111873626709,-0.021369067952036858,0.422547847032547,-0.021711185574531555,0.000342118670232594,0.0,-0.03079807758331299,0.9186381101608276,0.8040144295449544,5.878044128417969,1.8545585870742798,5.847246170043945,2.0750675201416016,6.848948001861572,4.190653085708618,,,,,,
8789940000.0,123.11,7.900000095367432,6391222784.0,2327.447172897281,5145.0,0.067138671875,84312064.0,176221.35506391525,0.0009252118179574609,0.00689697265625,2.154695987701416,-0.0215754434466362,0.4813310503959656,-0.02154695987701416,-2.8483569622039795e-05,0.0,0.00234123133122921,0.9825537204742432,0.8002424310485741,6.113492012023926,1.9498664140701294,6.115833282470703,2.198387861251831,7.039472341537476,4.201251029968262,,,,,,
8789940000.0,109.06,8.0,6391222784.0,2224.8292817735364,5146.0,0.0506591796875,84328448.0,176228.71922445297,0.0015336934011429548,0.0111083984375,2.164081335067749,-0.021647531539201736,0.5110252499580383,-0.02164081297814846,-6.7176297307014465e-06,0.0,-0.016663387417793274,1.0099986791610718,0.7761837690787997,6.099822044372559,1.927484393119812,6.08315896987915,2.1348876953125,7.364160537719727,4.1809539794921875,,,,,,
8789940000.0,189.16,7.599999904632568,6391222784.0,2447.768201710174,5147.0,0.0469970703125,84344832.0,176235.412668705,0.0009621114586479962,0.00653076171875,2.1791727542877197,-0.021991951391100883,0.473248690366745,-0.021791724488139153,-0.00020022504031658173,0.0,-0.054474346339702606,0.9743933081626892,0.7836173051052422,6.010418891906738,1.880257487297058,5.955944061279297,2.0947039127349854,6.69344425201416,4.195768594741821,,,,,,
8789940000.0,158.77,8.300000190734863,6391222784.0,2424.5303349087962,5148.0,0.047607421875,84361216.0,176242.17026615143,0.0009749013697728515,0.0067138671875,2.183187961578369,-0.021568773314356804,0.37922725081443787,-0.021831879392266273,0.0002631004899740219,0.0,0.0035422006621956825,0.8738720417022705,0.8056762935816605,5.760284900665283,1.7840745449066162,5.763827323913574,1.9823719263076782,6.75759744644165,4.195622205734253,,,,,,
8789940000.0,161.13,8.5,6391222784.0,2355.977334722063,5149.0,0.03662109375,84377600.0,176249.12449264526,0.0011399139184504747,0.00665283203125,2.176848888397217,-0.022131726145744324,0.3335602581501007,-0.021768487989902496,-0.000363239087164402,0.0,0.01591569371521473,0.8169152140617371,0.809085202736816,5.65512752532959,1.6926380395889282,5.6710429191589355,1.8696357011795044,6.954226493835449,4.185479640960693,,,,,,
8789940000.0,203.51,7.699999809265137,6391222784.0,2388.661748877995,5150.0,0.0439453125,84393984.0,176255.98356342316,0.0012863033916801214,0.0096435546875,2.1559784412384033,-0.02156449854373932,0.42673808336257935,-0.021559782326221466,-4.717148840427399e-06,0.0,-0.006772376596927643,0.9253870248794556,0.7959757273131711,5.736049175262451,1.8089255094528198,5.729276657104492,2.0487191677093506,6.859070777893066,4.187948703765869,,,,,,
8789940000.0,128.94,8.199999809265137,6391222784.0,2399.4991438974394,5151.0,0.068359375,84410368.0,176262.81165504456,0.0011683058692142367,0.0045166015625,2.0757853984832764,-0.021125199273228645,0.473012238740921,-0.020757853984832764,-0.00036734482273459435,0.0,0.04201225936412811,0.9738675951957703,0.8187973451005985,6.036758899688721,2.017674684524536,6.078771114349365,2.287796974182129,6.828091621398926,4.168524265289307,,,,,,
,,,,,,,,,,,,,,,,,,,,,,,,,,0.01812305673956871,0.5234079957008362,0.4911969006061554,0.01812305673956871,0.5234079957008362,0.4911969006061554
,,,,,,,,,,,,,,,,,,,,,,,,,,0.017337534576654434,0.4746832549571991,0.45982223749160767,0.017337534576654434,0.4746832549571991,0.45982223749160767
,,,,,,,,,,,,,,,,,,,,,,,,,,0.016684144735336304,0.4497370719909668,0.4372137486934662,0.016684144735336304,0.4497370719909668,0.4372137486934662
,,,,,,,,,,,,,,,,,,,,,,,,,,0.016671421006321907,0.4310835003852844,0.4194418489933014,0.016671421006321907,0.4310835003852844,0.4194418489933014
,,,,,,,,,,,,,,,,,,,,,,,,,,0.01723218336701393,0.41379106044769287,0.4035795032978058,0.01723218336701393,0.41379106044769287,0.4035795032978058
,,,,,,,,,,,,,,,,,,,,,,,,,,0.017448468133807182,0.39989110827445984,0.3904884457588196,0.017448468133807182,0.39989110827445984,0.3904884457588196
8789940000.0,156.26,7.199999809265137,6188634112.0,18.60948592540688,5152.0,0.0543212890625,84426752.0,177143.22286391258,0.0007295853574760258,0.00311279296875,2.0959160327911377,-0.02071768045425415,0.5292263627052307,-0.0209591593593359,0.00024148367810994387,0.0,-0.09191296994686127,1.0236215591430664,0.7671696294765729,6.037248611450195,1.8525079488754272,5.945335388183594,2.121385335922241,880.4112088680267,4.194853782653809,,,,,,
8789940000.0,121.89,8.199999809265137,6391222784.0,2374.827847377029,5153.0,0.0634765625,84443136.0,177150.12189030647,0.0008760523051023483,0.0052490234375,2.08518648147583,-0.020444151014089584,0.5466873645782471,-0.02085186541080475,0.0004077162593603134,0.0,0.005462646484375,1.0450935363769531,0.7720719532668172,6.160331726074219,1.9510486125946045,6.165794372558594,2.1890528202056885,6.899026393890381,4.1787450313568115,,,,,,
8789940000.0,145.35,7.800000190734863,6391222784.0,2408.778787386568,5154.0,0.06103515625,84459520.0,177156.92367720604,0.0006797998212277889,0.002197265625,2.074247360229492,-0.020505592226982117,0.49683523178100586,-0.020742474123835564,0.00023688096553087234,0.0,-0.025873485952615738,0.9952237606048584,0.7984523770128643,6.071891784667969,1.9612705707550049,6.046017646789551,2.216826915740967,6.80178689956665,4.185282945632935,,,,,,
8789940000.0,132.4,8.100000381469727,6391222784.0,2392.8555008256494,5155.0,0.0531005859375,84475904.0,177163.77072668076,0.0008258616435341537,0.00433349609375,2.103966474533081,-0.021294426172971725,0.45117199420928955,-0.02103966660797596,-0.0002547614276409149,0.0,0.025962067767977715,0.9507587552070618,0.7929896044991969,5.9113569259643555,1.8783568143844604,5.937318325042725,2.0896522998809814,6.8470494747161865,4.193037509918213,,,,,,
8789940000.0,126.55,8.800000190734863,6391222784.0,2400.048977018483,5156.0,0.052490234375,84492288.0,177170.59725403786,0.0009055670816451311,0.005126953125,2.124368667602539,-0.021417632699012756,0.38127022981643677,-0.021243683993816376,-0.00017394870519638062,0.0,0.02116650715470314,0.8821067214012146,0.8099911098860278,5.8815765380859375,1.8659290075302124,5.902742862701416,2.023644208908081,6.82652735710144,4.2100677490234375,,,,,,
8789940000.0,174.52,7.900000095367432,6391222784.0,2356.946111851321,5157.0,0.04638671875,84508672.0,177177.54862213135,0.0006572519778274,0.00140380859375,2.1353585720062256,-0.02089114859700203,0.4020933508872986,-0.02135358564555645,0.0004624389111995697,0.0,-0.02814026176929474,0.8905008435249329,0.8162130005736141,5.820343971252441,1.8619340658187866,5.792203426361084,2.07719349861145,6.951368093490601,4.186312198638916,,,,,,
8789940000.0,181.07,8.199999809265137,6391222784.0,1967.9086054131358,5158.0,0.0555419921875,84525056.0,177185.8742120266,0.0010910799028351903,0.00445556640625,2.1212520599365234,-0.021309860050678253,0.4217979311943054,-0.021212521940469742,-9.733997285366058e-05,0.0,0.008237183094024658,0.9186033010482788,0.8169065562445541,5.9991655349731445,1.9236698150634766,6.007402420043945,2.146799325942993,8.325589895248413,4.181029796600342,,,,,,
8789940000.0,124.23,8.100000381469727,6391222784.0,2383.0128980514905,5159.0,0.0592041015625,84541440.0,177192.7495419979,0.0014752601273357868,0.01019287109375,2.109703302383423,-0.02123504877090454,0.5014092922210693,-0.021097034215927124,-0.0001380154862999916,0.0,-0.02302197739481926,0.997384786605835,0.7964264700640832,6.108974933624268,1.9866678714752197,6.085953235626221,2.2105584144592285,6.875329971313477,4.171510934829712,,,,,,
8789940000.0,133.32,8.300000190734863,6391222784.0,2415.6407580192185,5160.0,0.059814453125,84557824.0,177199.53200745583,0.0018147558439522982,0.01416015625,2.071082830429077,-0.020897939801216125,0.49427926540374756,-0.02071082964539528,-0.00018711015582084656,0.0,0.03617037087678909,0.9937583208084106,0.789084926458287,6.162771224975586,1.9450533390045166,6.198941230773926,2.163848638534546,6.78246545791626,4.187743902206421,,,,,,
8789940000.0,141.96,7.599999904632568,6391222784.0,2405.789255807608,5161.0,0.0579833984375,84574208.0,177206.34224653244,0.0008195246336981654,0.00384521484375,2.0851364135742188,-0.02066740021109581,0.5555665493011475,-0.020851362496614456,0.0001839660108089447,0.0,-0.07205857336521149,1.0518244504928589,0.7694526466815703,6.14903450012207,1.9190374612808228,6.0769758224487305,2.1905999183654785,6.81023907661438,4.19171929359436,,,,,,
8789940000.0,133.08,8.0,6391222784.0,2451.313543653261,5162.0,0.0640869140625,84590592.0,177213.02601003647,0.0006410257774405181,0.00311279296875,2.0678699016571045,-0.02030639350414276,0.5369160175323486,-0.020678697153925896,0.00037230364978313446,0.0,-0.007047994527965784,1.0386017560958862,0.7808236468265446,6.211582183837891,1.9515981674194336,6.204533576965332,2.2184627056121826,6.68376350402832,4.171561241149902,,,,,,
8789940000.0,109.12,8.100000381469727,6391222784.0,2429.569326071864,5163.0,0.0750732421875,84606976.0,177219.76959204674,0.0007490150164812803,0.0035400390625,2.0521652698516846,-0.019953954964876175,0.5213465094566345,-0.020521651953458786,0.0005676969885826111,0.0,0.041025806218385696,1.0200196504592896,0.8013750631146181,6.318865776062012,2.045294761657715,6.359890937805176,2.2887134552001953,6.743582010269165,4.201771020889282,,,,,,
8789940000.0,131.49,7.900000095367432,6391222784.0,2410.6053670404385,5164.0,0.0732421875,84623360.0,177226.56622505188,0.0018648208351805806,0.01416015625,2.0497775077819824,-0.02054417133331299,0.7131137847900391,-0.020497776567935944,-4.639662802219391e-05,0.0,-0.033628977835178375,1.192182183265686,0.7424968517372208,6.281858444213867,2.0590295791625977,6.248229026794434,2.3493692874908447,6.796633005142212,4.172340154647827,,,,,,
8789940000.0,99.07,8.600000381469727,6391222784.0,2408.1263788179144,5165.0,0.0909423828125,84639744.0,177233.36985468864,0.0011073112254962325,0.006591796875,2.019404172897339,-0.02035084180533886,0.6161726713180542,-0.0201940406113863,-0.0001567997969686985,0.0,0.08570458739995956,1.10812246799469,0.7750304595535487,6.669430732727051,2.089221239089966,6.755135536193848,2.3362860679626465,6.803629636764526,4.1787025928497314,,,,,,
8789940000.0,88.08,8.300000190734863,6391222784.0,2434.006702211747,5166.0,0.0811767578125,84656128.0,177240.10114264488,0.0007640619878657162,0.00360107421875,2.0471863746643066,-0.020686903968453407,0.5675832629203796,-0.020471861585974693,-0.0002150367945432663,0.0,0.028042154386639595,1.0660041570663452,0.7830301178910575,6.602694511413574,2.082601308822632,6.630736351013184,2.288543701171875,6.731287956237793,4.178120851516724,,,,,,
8789940000.0,114.98,8.100000381469727,6391222784.0,2418.9450719990123,5167.0,0.069580078125,84672512.0,177246.87434315681,0.0006589975673705339,0.0030517578125,2.031468391418457,-0.020308997482061386,0.530289888381958,-0.020314684137701988,5.685724318027496e-06,0.0,0.025214634835720062,1.0344457626342773,0.7891817207051993,6.373804092407227,2.02142333984375,6.399018287658691,2.252959728240967,6.773200511932373,4.183251619338989,,,,,,
8789940000.0,107.8,8.600000381469727,6391222784.0,2422.4444976267655,5168.0,0.0628662109375,84688896.0,177253.63775920868,0.001274366513825953,0.00872802734375,2.0058391094207764,-0.01964600384235382,0.4498547315597534,-0.020058389753103256,0.00041238777339458466,0.0,0.023093776777386665,0.9472837448120117,0.8006122132456448,6.403350830078125,1.934439778327942,6.4264445304870605,2.121439218521118,6.763416051864624,4.194957494735718,,,,,,
8789940000.0,148.41,7.900000095367432,6391222784.0,2365.6115920532334,5169.0,0.0567626953125,84705280.0,177260.56366372108,0.0011248275404796004,0.00927734375,2.017115592956543,-0.01912340335547924,0.5177685618400574,-0.020171156153082848,0.0010477537289261818,0.0,-0.031125975772738457,1.0196895599365234,0.7604936605045953,6.310346603393555,1.8808950185775757,6.2792205810546875,2.08357572555542,6.9259045124053955,4.183611631393433,,,,,,
8789940000.0,111.05,8.699999809265137,6391222784.0,2376.247028665807,5170.0,0.072021484375,84721664.0,177267.4585697651,0.00230696564540267,0.01947021484375,1.9928277730941772,-0.019135870039463043,0.48914480209350586,-0.019928280264139175,0.0007924074307084084,0.0,0.050870686769485474,0.9875540137290955,0.7819390772482709,6.397825717926025,1.9165912866592407,6.448696136474609,2.114811658859253,6.894906044006348,4.1837310791015625,,,,,,
8789940000.0,122.7,8.100000381469727,6391222784.0,2431.0281337754877,5171.0,0.0665283203125,84738048.0,177274.19810509682,0.0010560278315097094,0.00347900390625,2.0197558403015137,-0.02000373974442482,0.531565248966217,-0.020197559148073196,0.00019381986930966377,0.0,0.009405354037880898,1.0374126434326172,0.7738496763776843,6.291018962860107,1.910693645477295,6.300424098968506,2.181488275527954,6.739535331726074,4.18666934967041,,,,,,
8789940000.0,125.08,8.600000381469727,6391222784.0,2423.2361887268235,5172.0,0.069580078125,84754432.0,177280.9593114853,0.0008461917750537395,0.0045166015625,2.0113308429718018,-0.020081765949726105,0.45657455921173096,-0.02011330984532833,3.1542498618364334e-05,0.0,0.05457830801606178,0.9558085799217224,0.7903115765752582,6.357761383056641,1.8988263607025146,6.412339687347412,2.087293863296509,6.761206388473511,4.188697099685669,,,,,,
8789940000.0,120.47,8.399999618530273,6391222784.0,2448.9782827570803,5173.0,0.0689697265625,84770816.0,177287.64944839478,0.000627226079814136,0.0028076171875,2.014939785003662,-0.019938362762331963,0.43961459398269653,-0.020149393007159233,0.0002110302448272705,0.0,-0.049308620393276215,0.9383292198181152,0.8120517558154935,6.397069454193115,1.9703186750411987,6.347761154174805,2.1643924713134766,6.690136909484863,4.177112817764282,,,,,,
8789940000.0,110.93,8.699999809265137,6391222784.0,2355.104429079716,5174.0,0.074462890625,84787200.0,177294.60625243187,0.0009168864926323295,0.003662109375,2.0106492042541504,-0.020106540992856026,0.5102551579475403,-0.020106490701436996,-5.029141902923584e-08,0.0,0.05519659072160721,1.0080872774124146,0.791606522053348,6.473095893859863,1.948317050933838,6.528293132781982,2.2082901000976562,6.956804037094116,4.201262474060059,,,,,,
8789940000.0,115.59,8.0,6391222784.0,2328.232169068346,5175.0,0.0616455078125,84803584.0,177301.64335131645,0.001188583322800696,0.00439453125,2.040569305419922,-0.019894495606422424,0.6120527386665344,-0.020405694842338562,0.000511199701577425,0.0,-0.025537272915244102,1.1043081283569336,0.7386161763384025,6.370884418487549,1.9046051502227783,6.3453474044799805,2.1599864959716797,7.0370988845825195,4.173475742340088,,,,,,
8789940000.0,77.84,9.0,6391222784.0,2321.1546905668156,5176.0,0.081787109375,84819968.0,177308.7019071579,0.0006628315895795822,0.0029296875,2.024961233139038,-0.019657602533698082,0.5176464915275574,-0.020249612629413605,0.0005920082330703735,0.0,0.04391740635037422,1.017180323600769,0.7973993257868633,6.611288547515869,2.042710542678833,6.655205726623535,2.259838581085205,7.058555841445923,4.179325819015503,,,,,,
8789940000.0,110.75,8.300000190734863,6391222784.0,2354.6282412533733,5177.0,0.0677490234375,84836352.0,177315.66011810303,0.0010161993559449911,0.00567626953125,2.006150960922241,-0.020206047222018242,0.5846412181854248,-0.02006150782108307,-0.00014453846961259842,0.0,0.008225798606872559,1.0787409543991089,0.7468717567662027,6.524084091186523,1.8489460945129395,6.532309532165527,2.144108772277832,6.9582109451293945,4.177827596664429,,,,,,
8789940000.0,118.96,8.600000381469727,6391222784.0,2366.419369689484,5178.0,0.0726318359375,84852736.0,177322.5836584568,0.0005931550404056907,0.00213623046875,1.9935216903686523,-0.02003277651965618,0.5371941328048706,-0.019935214892029762,-9.756162762641907e-05,0.0,0.009007218293845654,1.0381156206130981,0.7716513722161426,6.786886215209961,1.9426462650299072,6.795893669128418,2.1724326610565186,6.923540353775024,4.187893867492676,,,,,,
8789940000.0,105.66,9.0,6391222784.0,2372.3013049965907,5179.0,0.0732421875,84869120.0,177329.49003243446,0.0009681774536147714,0.00408935546875,2.0323851108551025,-0.019808657467365265,0.43638575077056885,-0.020323850214481354,0.0005151969380676746,0.0,0.041338689625263214,0.929844856262207,0.8126383599178517,6.475050926208496,1.948336124420166,6.516389846801758,2.1481776237487793,6.906373977661133,4.165721416473389,,,,,,
8789940000.0,113.86,8.600000381469727,6391222784.0,2423.192610052553,5180.0,0.078125,84885504.0,177336.2513604164,0.0006413090159185231,0.00347900390625,1.9951529502868652,-0.01923365518450737,0.5260350704193115,-0.019951529800891876,0.0007178760133683681,0.0,-0.008373662829399109,1.0224575996398926,0.7915150914713949,6.734681129455566,1.9642360210418701,6.726307392120361,2.239276885986328,6.7613279819488525,4.176336288452148,,,,,,
8789940000.0,83.19,8.399999618530273,6391222784.0,2435.3247226891067,5181.0,0.072021484375,84901888.0,177342.97900533676,0.001136988983489573,0.00628662109375,2.037963390350342,-0.01988784596323967,0.5473085045814514,-0.020379632711410522,0.0004917886108160019,0.0,-0.01556786336004734,1.0415551662445068,0.7627508369138621,6.598101615905762,1.9048675298690796,6.582533359527588,2.138355255126953,6.727644920349121,4.167690277099609,,,,,,
8789940000.0,157.9,8.5,6391222784.0,2409.242922461965,5182.0,0.05615234375,84918272.0,177349.77948188782,0.0007936381734907627,0.00335693359375,2.073453664779663,-0.020765088498592377,0.42187368869781494,-0.020734533667564392,-3.055483102798462e-05,0.0,0.010847194120287895,0.9188283681869507,0.7710845091573548,6.4497175216674805,1.7277673482894897,6.460564613342285,1.920422077178955,6.800476551055908,4.199809312820435,,,,,,
8789940000.0,133.99,8.199999809265137,6391222784.0,2420.3963455963453,5183.0,0.07080078125,84934656.0,177356.54862117767,0.0014613165985792875,0.01165771484375,2.0677027702331543,-0.02014344558119774,0.4244725704193115,-0.020677026361227036,0.0005335817113518715,0.0,-0.03327617421746254,0.9198825359344482,0.8138569340697758,6.639839172363281,1.9016444683074951,6.606563568115234,2.132108449935913,6.769139289855957,4.184513330459595,,,,,,
,,,,,,,,,,,,,,,,,,,,,,,,,,0.018442703410983086,0.542726993560791,0.5004655122756958,0.018442703410983086,0.542726993560791,0.5004655122756958
,,,,,,,,,,,,,,,,,,,,,,,,,,0.017444010823965073,0.49062326550483704,0.4708784222602844,0.017444010823965073,0.49062326550483704,0.4708784222602844
,,,,,,,,,,,,,,,,,,,,,,,,,,0.017311779782176018,0.46337446570396423,0.44717419147491455,0.017311779782176018,0.46337446570396423,0.44717419147491455
,,,,,,,,,,,,,,,,,,,,,,,,,,0.017220795154571533,0.44445809721946716,0.43079879879951477,0.017220795154571533,0.44445809721946716,0.43079879879951477
,,,,,,,,,,,,,,,,,,,,,,,,,,0.017713885754346848,0.4294513165950775,0.41511663794517517,0.017713885754346848,0.4294513165950775,0.41511663794517517
,,,,,,,,,,,,,,,,,,,,,,,,,,0.017609525471925735,0.4139944612979889,0.4021194875240326,0.017609525471925735,0.4139944612979889,0.4021194875240326
8789940000.0,136.62,8.300000190734863,6188634112.0,18.56795562519656,5184.0,0.0482177734375,84951040.0,178238.9290151596,0.0006515039131045341,0.00323486328125,2.125260353088379,-0.020927704870700836,0.4167008399963379,-0.021252606064081192,0.0003248993307352066,0.0,-0.04090673848986626,0.9159448742866516,0.7779207146463262,6.093754291534424,1.8013741970062256,6.052847385406494,1.9436367750167847,882.3803939819336,4.175216913223267,,,,,,
8789940000.0,182.56,7.400000095367432,6391222784.0,2435.061263269936,5185.0,0.0531005859375,84967424.0,178245.65738797188,0.0005945025477558374,0.00140380859375,2.0967397689819336,-0.020967695862054825,0.5647380352020264,-0.020967397838830948,-2.905726432800293e-07,0.0,-0.07157096266746521,1.0640226602554321,0.7517102349719574,6.210690975189209,1.8680120706558228,6.139120101928711,2.135362386703491,6.728372812271118,4.179001569747925,,,,,,
8789940000.0,151.99,7.400000095367432,6391222784.0,2382.4925657830554,5186.0,0.0634765625,84983808.0,178252.5342195034,0.0007967633428052068,0.0032958984375,2.064509868621826,-0.020355720072984695,0.5732703804969788,-0.020645098760724068,0.00028937729075551033,0.0,-0.047895997762680054,1.0729974508285522,0.7780867775667941,6.329425811767578,1.987652063369751,6.281530380249023,2.277756452560425,6.876831531524658,4.1948418617248535,,,,,,
8789940000.0,142.67,8.399999618530273,6391222784.0,2393.6261324659927,5187.0,0.0689697265625,85000192.0,178259.37906455994,0.0005002479301765561,0.00201416015625,2.0396602153778076,-0.02014327049255371,0.5116068124771118,-0.020396601408720016,0.0002533337101340294,0.0,0.07270434498786926,1.0092780590057373,0.7722656489338653,6.264500141143799,1.887642741203308,6.337204456329346,2.1149327754974365,6.8448450565338135,4.193329334259033,,,,,,
8789940000.0,106.51,8.600000381469727,6391222784.0,2175.382452083054,5188.0,0.0677490234375,85016576.0,178266.91061377525,0.0007831612601876259,0.00439453125,2.0491578578948975,-0.02078523486852646,0.526378870010376,-0.020491577684879303,-0.00029365718364715576,0.0,0.037268154323101044,1.024574875831604,0.7825862349380803,6.310464859008789,1.9659839868545532,6.347733020782471,2.1973538398742676,7.5315492153167725,4.176519393920898,,,,,,
8789940000.0,119.33,8.100000381469727,6391222784.0,2410.788710196118,5189.0,0.047607421875,85032960.0,178273.70672988892,0.0010188960004597902,0.00567626953125,2.103611946105957,-0.021515212953090668,0.3631240129470825,-0.021036116406321526,-0.0004790984094142914,0.0,0.009066255763173103,0.8543461561203003,0.8181637109147722,6.009803771972656,1.7960493564605713,6.0188703536987305,2.0035197734832764,6.79611611366272,4.190696716308594,,,,,,
8789940000.0,165.22,8.399999618530273,6391222784.0,2414.2505645092697,5190.0,0.06103515625,85049344.0,178280.49310088158,0.001388800097629428,0.00848388671875,2.055695056915283,-0.019938506186008453,0.445870041847229,-0.020556950941681862,0.0006184461526572704,0.0,0.05141076445579529,0.9448709487915039,0.7965774654467378,6.216529846191406,1.8953204154968262,6.267940044403076,2.0949466228485107,6.7863709926605225,4.174291372299194,,,,,,
8789940000.0,139.61,8.5,6391222784.0,2418.4370181345444,5191.0,0.0750732421875,85065728.0,178287.2677242756,0.0015445947647094727,0.01202392578125,2.036810874938965,-0.019892530515789986,0.566502034664154,-0.02036810852587223,0.0004755777772516012,0.0,0.07524456083774567,1.0700966119766235,0.7791839523328555,6.536111354827881,2.0236079692840576,6.611355781555176,2.2772340774536133,6.774623394012451,4.1925950050354,,,,,,
8789940000.0,125.77,7.900000095367432,6391222784.0,2331.8799716045983,5192.0,0.07080078125,85082112.0,178294.29381489754,0.0009232112788595259,0.0068359375,2.0028228759765625,-0.02000454254448414,0.6043897271156311,-0.02002822980284691,2.368912100791931e-05,0.0,-0.001710453536361456,1.0953885316848755,0.7607907821007514,6.544057369232178,2.0150437355041504,6.542346954345703,2.23964524269104,7.026090621948242,4.175391912460327,,,,,,
8789940000.0,69.53,8.399999618530273,6391222784.0,2381.5744009577384,5193.0,0.08056640625,85098496.0,178301.17329764366,0.0007462161593139172,0.0037841796875,1.9965527057647705,-0.019813518971204758,0.6216552257537842,-0.019965529441833496,0.00015200674533843994,0.0,-0.021740414202213287,1.1164149045944214,0.7702709136288528,6.614441871643066,2.029351234436035,6.592701435089111,2.3292574882507324,6.879482746124268,4.202471971511841,,,,,,
8789940000.0,139.09,7.699999809265137,6391222784.0,2380.5708444501965,5194.0,0.05859375,85114880.0,178308.05568051338,0.002266396302729845,0.019775390625,2.025836706161499,-0.01941831037402153,0.5349023938179016,-0.02025836706161499,0.0008400585502386093,0.0,-0.014473709277808666,1.034450650215149,0.7673186762096852,6.3046112060546875,1.8990010023117065,6.29013729095459,2.144514560699463,6.882382869720459,4.193059682846069,,,,,,
8789940000.0,106.61,7.199999809265137,6391222784.0,2396.174179478439,5195.0,0.072021484375,85131264.0,178314.8932468891,0.0009980743052437901,0.00634765625,1.9625089168548584,-0.019406095147132874,0.6854880452156067,-0.019625090062618256,0.00021899305284023285,0.0,-0.06853583455085754,1.1684552431106567,0.735338506182599,6.627813339233398,1.9268567562103271,6.559277057647705,2.271259069442749,6.837566375732422,4.167151212692261,,,,,,
8789940000.0,88.3,7.900000095367432,6391222784.0,2365.7924713245316,5196.0,0.078125,85147648.0,178321.81862187386,0.0007276833057403564,0.00347900390625,1.9950274229049683,-0.020277442410588264,0.615623414516449,-0.019950272515416145,-0.0003271661698818207,0.0,0.026636160910129547,1.1043254137039185,0.750811361051339,6.58950138092041,1.910962700843811,6.6161370277404785,2.21224308013916,6.925374984741211,4.1927571296691895,,,,,,
8789940000.0,104.22,8.5,6391222784.0,2391.376139779366,5197.0,0.0830078125,85164032.0,178328.66990709305,0.0008420237572863698,0.0018310546875,1.9890820980072021,-0.01959458738565445,0.629239559173584,-0.019890818744897842,0.00029623042792081833,0.0,0.028330078348517418,1.1229757070541382,0.7312524423005251,6.700073719024658,1.8995667695999146,6.7284040451049805,2.166198492050171,6.851285219192505,4.177915334701538,,,,,,
8789940000.0,87.94,8.800000190734863,6391222784.0,2403.7937953174287,5198.0,0.086669921875,85180416.0,178335.485799551,0.0006402111612260342,0.00213623046875,2.0043203830718994,-0.01995072513818741,0.5517916679382324,-0.020043201744556427,9.247660636901855e-05,0.0,0.04492994397878647,1.049871563911438,0.7793197057878112,6.804950714111328,2.0075747966766357,6.849881172180176,2.2348814010620117,6.815892457962036,4.187189817428589,,,,,,
8789940000.0,90.91,8.5,6391222784.0,2312.740677669141,5199.0,0.0830078125,85196800.0,178342.5700352192,0.0008928349707275629,0.00494384765625,2.020634174346924,-0.020260781049728394,0.5255358219146729,-0.02020634151995182,-5.444139242172241e-05,0.0,0.03339514881372452,1.0227291584014893,0.7971858802787393,6.666250228881836,2.058009147644043,6.699645042419434,2.270970344543457,7.084235668182373,4.196470499038696,,,,,,
8789940000.0,117.17,8.5,6391222784.0,2344.10305672411,5200.0,0.079345703125,85213184.0,178349.55948901176,0.0008528261678293347,0.0040283203125,2.034132480621338,-0.02006184682250023,0.5947167277336121,-0.020341327413916588,0.00027947593480348587,0.0,0.031714506447315216,1.0855802297592163,0.7602160330692745,6.708134651184082,1.9661483764648438,6.739849090576172,2.2169301509857178,6.9894537925720215,4.185766220092773,,,,,,
8789940000.0,101.58,8.600000381469727,6391222784.0,1844.0079919786115,5201.0,0.0653076171875,85229568.0,178358.44448304176,0.0008137482218444347,0.00311279296875,2.0642473697662354,-0.02051541768014431,0.4867531955242157,-0.0206424742937088,0.00012705475091934204,0.0,0.030513759702444077,0.9859927296638489,0.769922415213857,6.462370872497559,1.8753687143325806,6.492884635925293,2.0555896759033203,8.88499402999878,4.175581455230713,,,,,,
8789940000.0,106.6,8.100000381469727,6391222784.0,2445.1397562078896,5202.0,0.07080078125,85245952.0,178365.14512252808,0.0009144710493274033,0.00537109375,2.033562421798706,-0.01992267183959484,0.6265504956245422,-0.020335622131824493,0.00041295215487480164,0.0,-0.09261854737997055,1.118783712387085,0.7382039433313364,6.647876739501953,1.8975725173950195,6.555257797241211,2.1865761280059814,6.700639486312866,4.167524576187134,,,,,,
8789940000.0,126.11,9.0,6391222784.0,2330.668907273231,5203.0,0.06103515625,85262336.0,178372.17486405373,0.001150326570495963,0.00775146484375,2.058466672897339,-0.02110894024372101,0.37282025814056396,-0.02058466710150242,-0.0005242722108960152,0.0,0.08010157197713852,0.8615351319313049,0.803014137893366,6.4627885818481445,1.7542248964309692,6.542890548706055,1.9411344528198242,7.029741525650024,4.1967127323150635,,,,,,
8789940000.0,174.37,8.100000381469727,6391222784.0,2442.5888345968756,5204.0,0.0531005859375,85278720.0,178378.88250136375,0.0011664361227303743,0.00592041015625,2.031765937805176,-0.020369095727801323,0.4417891502380371,-0.02031766064465046,-5.1433220505714417e-05,0.0,-0.0005706949159502983,0.9389933347702026,0.7513910352943113,6.376004219055176,1.6402724981307983,6.375433921813965,1.8832345008850098,6.707637310028076,4.173279762268066,,,,,,
8789940000.0,113.43,8.300000190734863,6391222784.0,2447.503176435978,5205.0,0.0543212890625,85295104.0,178385.57667040825,0.0008231656975112855,0.00390625,2.044036865234375,-0.019975773990154266,0.4770147204399109,-0.020440369844436646,0.00046459492295980453,0.0,-0.003002425190061331,0.9738248586654663,0.7590745910434807,6.367373943328857,1.7528005838394165,6.364371299743652,1.983989953994751,6.694169044494629,4.184545040130615,,,,,,
8789940000.0,169.78,8.199999809265137,6391222784.0,2382.4396199674784,5206.0,0.0555419921875,85311488.0,178392.45365476608,0.0008237636648118496,0.00408935546875,2.039332151412964,-0.020132528617978096,0.45023298263549805,-0.020393317565321922,0.0002607903443276882,0.0,0.013483090326189995,0.9462594389915466,0.7643091495440364,6.4848432540893555,1.7194437980651855,6.498325824737549,1.9491209983825684,6.876984357833862,4.167247533798218,,,,,,
8789940000.0,103.19,8.199999809265137,6391222784.0,2393.6147102258633,5207.0,0.06591796875,85327872.0,178399.29853248596,0.0011543098371475935,0.00811767578125,2.019665241241455,-0.02094121091067791,0.5305471420288086,-0.02019665203988552,-0.0007445563096553087,0.0,-0.012344343587756157,1.0300300121307373,0.7535104740118674,6.55867862701416,1.8193092346191406,6.546334743499756,2.074678897857666,6.84487771987915,4.177925109863281,,,,,,
8789940000.0,144.2,8.100000381469727,6391222784.0,2411.8778425111095,5208.0,0.069580078125,85344256.0,178406.09157967567,0.0011765381786972284,0.00592041015625,1.992327332496643,-0.020306820049881935,0.5347062349319458,-0.019923271611332893,-0.00038354750722646713,0.0,-0.015402518212795258,1.03397798538208,0.7702713718552131,6.638379096984863,1.861127495765686,6.622976779937744,2.157266139984131,6.793047189712524,4.173434495925903,,,,,,
8789940000.0,110.4,8.0,6391222784.0,2464.776127471502,5209.0,0.076904296875,85360640.0,178412.73883652687,0.0009347783634439111,0.0047607421875,1.9653024673461914,-0.019375262781977654,0.6842237114906311,-0.019653024151921272,0.000277763232588768,0.0,-0.006740770302712917,1.1683416366577148,0.7256056342815342,6.739616394042969,1.9072210788726807,6.732874870300293,2.2303965091705322,6.647256851196289,4.186263561248779,,,,,,
8789940000.0,103.22,8.399999618530273,6391222784.0,2443.4719417806377,5210.0,0.0836181640625,85377024.0,178419.4440495968,0.0006717260694131255,0.0029296875,1.9381132125854492,-0.0190373957157135,0.6944150924682617,-0.01938113197684288,0.0003437325358390808,0.0,0.054320644587278366,1.1744745969772339,0.7150308173946125,6.831942558288574,1.942684531211853,6.886263370513916,2.20011305809021,6.7052130699157715,4.176665306091309,,,,,,
8789940000.0,123.08,7.599999904632568,6391222784.0,2466.483873264834,5211.0,0.0811767578125,85393408.0,178426.08670401573,0.0005657067522406578,0.00286865234375,1.9818742275238037,-0.019199974834918976,0.5929602980613708,-0.019818739965558052,0.000618768623098731,0.0,-0.06817029416561127,1.0837184190750122,0.7652710606561037,6.89536190032959,1.946523904800415,6.827191352844238,2.2368292808532715,6.6426544189453125,4.177411079406738,,,,,,
8789940000.0,85.16,7.800000190734863,6391222784.0,2394.847607005582,5212.0,0.0634765625,85409792.0,178432.928057909,0.0014584931777790189,0.0093994140625,2.0095314979553223,-0.020328443497419357,0.5551773309707642,-0.02009531483054161,-0.00023312866687774658,0.0,-0.0708792507648468,1.0528419017791748,0.7336263558064979,6.580971717834473,1.7566972970962524,6.510092735290527,2.039940118789673,6.841353893280029,4.171206474304199,,,,,,
8789940000.0,126.74,8.600000381469727,6391222784.0,2333.3615635108367,5213.0,0.064697265625,85426176.0,178439.9496872425,0.002663054270669818,0.0159912109375,1.9926893711090088,-0.018857678398489952,0.4873323440551758,-0.019926892593503,0.0010692141950130463,0.0,0.037546202540397644,0.9875768423080444,0.7627354152241574,6.502309799194336,1.8232853412628174,6.53985595703125,2.0274693965911865,7.021629333496094,4.192708730697632,,,,,,
8789940000.0,142.31,8.199999809265137,6391222784.0,2409.175773954487,5214.0,0.07080078125,85442560.0,178446.75035333633,0.0027480972930788994,0.01885986328125,1.9440641403198242,-0.018121669068932533,0.5250579118728638,-0.01944064348936081,0.0013189753517508507,0.0,0.018928710371255875,1.02531898021698,0.7666610628325321,6.535316467285156,1.8292219638824463,6.5542449951171875,2.122586965560913,6.800666093826294,4.163454055786133,,,,,,
8789940000.0,89.25,8.0,6391222784.0,2403.6661622263855,5215.0,0.08544921875,85458944.0,178453.5666077137,0.0014692989643663168,0.0098876953125,1.898995280265808,-0.01787896454334259,0.7370440363883972,-0.01898995041847229,0.001110987737774849,0.0,-0.01262736227363348,1.2123057842254639,0.7215300625363903,6.771427631378174,1.923702597618103,6.758800506591797,2.297327995300293,6.816254377365112,4.191162109375,,,,,,
,,,,,,,,,,,,,,,,,,,,,,,,,,0.023233577609062195,0.5710650682449341,0.5294493436813354,0.023233577609062195,0.5710650682449341,0.5294493436813354
,,,,,,,,,,,,,,,,,,,,,,,,,,0.02258535660803318,0.5253587961196899,0.5016413927078247,0.02258535660803318,0.5253587961196899,0.5016413927078247
,,,,,,,,,,,,,,,,,,,,,,,,,,0.02120203524827957,0.49703356623649597,0.47562354803085327,0.02120203524827957,0.49703356623649597,0.47562354803085327
,,,,,,,,,,,,,,,,,,,,,,,,,,0.021847713738679886,0.47855597734451294,0.4564722180366516,0.021847713738679886,0.47855597734451294,0.4564722180366516
,,,,,,,,,,,,,,,,,,,,,,,,,,0.021937837824225426,0.4596415162086487,0.44311726093292236,0.021937837824225426,0.4596415162086487,0.44311726093292236
,,,,,,,,,,,,,,,,,,,,,,,,,,0.022074878215789795,0.44642582535743713,0.4269241392612457,0.022074878215789795,0.44642582535743713,0.4269241392612457
8789940000.0,78.51,8.5,6188634112.0,18.602525650842882,5216.0,0.0909423828125,85475328.0,179334.30722904205,0.0006524139316752553,0.00286865234375,1.927769660949707,-0.019470373168587685,0.625326931476593,-0.019277693703770638,-0.00019267667084932327,0.0,0.0008625052869319916,1.1214220523834229,0.7658736853249325,6.840733528137207,2.0497589111328125,6.841595649719238,2.3176300525665283,880.7406213283539,4.194398880004883,,,,,,
8789940000.0,84.65,8.699999809265137,6391222784.0,2407.8589841644925,5217.0,0.0927734375,85491712.0,179341.1116142273,0.0008793764282017946,0.00482177734375,1.9035265445709229,-0.018820185214281082,0.6463497281074524,-0.01903526484966278,0.00021508149802684784,0.0,0.09434856474399567,1.1344913244247437,0.7448830565836784,6.904274940490723,2.004427909851074,6.998623371124268,2.2461137771606445,6.804385185241699,4.185690641403198,,,,,,
8789940000.0,75.79,8.100000381469727,6391222784.0,2406.923865392248,5218.0,0.081787109375,85508096.0,179347.91864299774,0.0006589911645278335,0.003173828125,1.9152766466140747,-0.01855703629553318,0.688188910484314,-0.019152766093611717,0.0005957232788205147,0.0,-0.07610069215297699,1.170756459236145,0.7331886601054027,6.742250919342041,2.001049280166626,6.6661505699157715,2.266545534133911,6.807028770446777,4.1928932666778564,,,,,,
8789940000.0,115.61,8.699999809265137,6391222784.0,2329.3107359095034,5219.0,0.0775146484375,85524480.0,179354.9524834156,0.0007727068150416017,0.002685546875,1.9417641162872314,-0.019539371132850647,0.5652203559875488,-0.019417639821767807,-0.00012172944843769073,0.0,0.01915106549859047,1.0621566772460938,0.7623174272348674,6.700684070587158,1.9250198602676392,6.71983528137207,2.1786632537841797,7.0338404178619385,4.172326564788818,,,,,,
8789940000.0,102.62,8.5,6391222784.0,2372.6343387022075,5220.0,0.0732421875,85540864.0,179361.85788798332,0.0008138531120494008,0.00390625,1.9800875186920166,-0.01948348805308342,0.49652299284935,-0.019800875335931778,0.0003173849545419216,0.0,0.006083376705646515,0.9947365522384644,0.7823880046318618,6.64184045791626,1.9232800006866455,6.647923946380615,2.132390022277832,6.905404567718506,4.187323093414307,,,,,,
8789940000.0,118.31,8.100000381469727,6391222784.0,2379.6121346737755,5221.0,0.0750732421875,85557248.0,179368.74304366112,0.0005574251990765333,0.00189208984375,2.015932083129883,-0.02012387104332447,0.5524784922599792,-0.020159322768449783,3.5451725125312805e-05,0.0,-0.024372277781367302,1.0460295677185059,0.7731902819630496,6.688684940338135,1.9362175464630127,6.664312362670898,2.196408987045288,6.88515567779541,4.166598081588745,,,,,,
8789940000.0,121.85,8.100000381469727,6391222784.0,2413.871914316168,5222.0,0.05615234375,85573632.0,179375.53047919273,0.0010108412243425846,0.0047607421875,2.070195198059082,-0.020742267370224,0.4394550323486328,-0.020701950415968895,-4.0315091609954834e-05,0.0,-0.03378644585609436,0.9358279705047607,0.7922341870419296,6.395874977111816,1.8200979232788086,6.362088680267334,2.053095817565918,6.787435531616211,4.181906461715698,,,,,,
8789940000.0,136.7,8.399999618530273,6391222784.0,2402.5991319530635,5223.0,0.064697265625,85590016.0,179382.3497607708,0.0010432610288262367,0.00714111328125,2.0742244720458984,-0.02035827375948429,0.43144547939300537,-0.02074224315583706,0.0003839717246592045,0.0,0.040374044328927994,0.9302001595497131,0.7898672378322114,6.431814193725586,1.8169574737548828,6.472188472747803,2.029221773147583,6.819281578063965,4.188086032867432,,,,,,
8789940000.0,139.42,8.600000381469727,6391222784.0,2434.2899389626905,5224.0,0.059814453125,85606400.0,179389.080265522,0.001484433887526393,0.01385498046875,2.0820422172546387,-0.020662039518356323,0.3908517062664032,-0.02082042209804058,0.00015838071703910828,0.0,0.015208272263407707,0.8876097798347473,0.8030064787086699,6.554801940917969,1.829397201538086,6.570010185241699,1.9998432397842407,6.730504751205444,4.1812584400177,,,,,,
8789940000.0,145.93,8.300000190734863,6391222784.0,2432.1318468996737,5225.0,0.0433349609375,85622784.0,179395.8167424202,0.0012302889954298735,0.01104736328125,2.1156933307647705,-0.021274898201227188,0.3876582980155945,-0.021156933158636093,-0.00011796457692980766,0.0,-0.06638139486312866,0.8833271861076355,0.7686985585379521,6.375348091125488,1.6661522388458252,6.308966636657715,1.8366755247116089,6.736476898193359,4.194729566574097,,,,,,
8789940000.0,167.67,8.399999618530273,6391222784.0,2409.686787985081,5226.0,0.0469970703125,85639168.0,179402.61596632004,0.001161866937763989,0.00750732421875,2.1403188705444336,-0.021862361580133438,0.34737634658813477,-0.02140318602323532,-0.0004591774195432663,0.0,-0.02259417064487934,0.8355682492256165,0.78922950656858,6.302796363830566,1.6577855348587036,6.2802019119262695,1.8200229406356812,6.799223899841309,4.184447765350342,,,,,,
8789940000.0,199.74,7.699999809265137,6391222784.0,2379.3687470028276,5227.0,0.0347900390625,85655552.0,179409.50182628632,0.0012012994848191738,0.0069580078125,2.1291651725769043,-0.021364642307162285,0.33856460452079773,-0.02129165083169937,-7.299333810806274e-05,0.0,-0.059821441769599915,0.8251535892486572,0.7769954479267632,6.128337860107422,1.5589829683303833,6.068516731262207,1.7473433017730713,6.885859966278076,4.185970067977905,,,,,,
8789940000.0,234.89,7.300000190734863,6391222784.0,2357.036007943601,5228.0,0.04638671875,85671936.0,179416.45292925835,0.0016142473323270679,0.0098876953125,2.1063899993896484,-0.021541371941566467,0.5129382014274597,-0.021063897758722305,-0.0004774751141667366,0.0,-0.10161647200584412,1.0092421770095825,0.7504297607148871,6.246706008911133,1.721017599105835,6.145090103149414,2.020223617553711,6.95110297203064,4.175875663757324,,,,,,
8789940000.0,144.62,8.199999809265137,6391222784.0,2414.3960350761854,5229.0,0.0579833984375,85688320.0,179423.23889136314,0.001396037871018052,0.01025390625,2.1010518074035645,-0.021395249292254448,0.44961780309677124,-0.021010518074035645,-0.0003847312182188034,0.0,0.02442857250571251,0.9487680196762085,0.7718428015094224,6.183067321777344,1.7232398986816406,6.20749568939209,1.9862909317016602,6.785962104797363,4.176375389099121,,,,,,
8789940000.0,148.84,8.300000190734863,6391222784.0,2387.3434791571726,5230.0,0.0567626953125,85704704.0,179430.10174965858,0.001013052649796009,0.00531005859375,2.0906174182891846,-0.020539410412311554,0.45616284012794495,-0.020906174555420876,0.00036676228046417236,0.0,0.0660153403878212,0.9520005583763123,0.7714667739617477,6.237462520599365,1.7623600959777832,6.303477764129639,1.9914181232452393,6.862858295440674,4.175802230834961,,,,,,
8789940000.0,128.7,8.600000381469727,6391222784.0,2352.8762122951457,5231.0,0.0567626953125,85721088.0,179437.06514191628,0.002238481305539608,0.021484375,2.104116439819336,-0.020683784037828445,0.3895120918750763,-0.021041162312030792,0.0003573838621377945,0.0,0.023924028500914574,0.8856928944587708,0.8048852023062912,6.221097946166992,1.7792445421218872,6.245021820068359,2.005108118057251,6.96339225769043,4.177901029586792,,,,,,
8789940000.0,140.06,7.800000190734863,6391222784.0,2360.751747680712,5232.0,0.057373046875,85737472.0,179444.00530409813,0.0009459691355004907,0.0048828125,2.1084465980529785,-0.02041473612189293,0.483287513256073,-0.021084465086460114,0.0006697261705994606,0.0,-0.06685394048690796,0.9823029041290283,0.7828852008584346,6.234439849853516,1.8589043617248535,6.167585849761963,2.1081464290618896,6.940162181854248,4.208635330200195,,,,,,
8789940000.0,155.12,8.199999809265137,6391222784.0,2353.6215458020397,5233.0,0.057373046875,85753856.0,179450.96649122238,0.0012858877889811993,0.010009765625,2.081562042236328,-0.020707765594124794,0.4490605890750885,-0.020815622061491013,0.00010785041376948357,0.0,-0.009050782769918442,0.9469978213310242,0.7974520567863645,6.401645183563232,1.8472346067428589,6.392594337463379,2.104191303253174,6.961187124252319,4.177136659622192,,,,,,
8789940000.0,151.31,8.100000381469727,6391222784.0,2383.6452365199707,5234.0,0.062255859375,85770240.0,179457.83999729156,0.0009153707651421428,0.00634765625,2.0828099250793457,-0.020615093410015106,0.42845556139945984,-0.02082809992134571,0.00021300651133060455,0.0,-0.01327090710401535,0.9259179830551147,0.8055267850963397,6.355770587921143,1.8735839128494263,6.34250020980835,2.099630832672119,6.87350606918335,4.171129465103149,,,,,,
8789940000.0,140.41,7.800000190734863,6391222784.0,2390.028273150732,5235.0,0.047607421875,85786624.0,179464.69514632225,0.00166777940467,0.012939453125,2.079710006713867,-0.020104054361581802,0.4960339367389679,-0.02079709619283676,0.0006930434610694647,0.0,-0.011834532022476196,0.9947881698608398,0.7579728268874312,6.178585052490234,1.7890790700912476,6.166750907897949,2.022080659866333,6.855149030685425,4.178163051605225,,,,,,
8789940000.0,144.26,8.5,6391222784.0,2361.8908598080275,5236.0,0.0628662109375,85803008.0,179471.63196134567,0.0017994089284911752,0.01495361328125,2.091261625289917,-0.02049911767244339,0.3941862881183624,-0.020912617444992065,0.00041349977254867554,0.0,0.035819120705127716,0.8861706256866455,0.8250972419951258,6.168184280395508,1.8969001770019531,6.20400333404541,2.1189417839050293,6.936815023422241,4.188470125198364,,,,,,
8789940000.0,156.15,7.900000095367432,6391222784.0,2333.1749148921117,5237.0,0.0390625,85819392.0,179478.65415239334,0.001384278293699026,0.01025390625,2.131528854370117,-0.02154541015625,0.3819398283958435,-0.021315287798643112,-0.00023011863231658936,0.0,-0.08909684419631958,0.8709633350372314,0.7728049741956574,5.890532493591309,1.6521552801132202,5.801435470581055,1.827260136604309,7.022191047668457,4.170055627822876,,,,,,
8789940000.0,206.02,7.900000095367432,6391222784.0,2429.834433597285,5238.0,0.03662109375,85835776.0,179485.39699864388,0.0024646553210914135,0.01806640625,2.1332972049713135,-0.0213316660374403,0.28301113843917847,-0.02133297175168991,1.3057142496109009e-06,0.0,-0.02479061484336853,0.7542946338653564,0.8214034087074397,5.873979568481445,1.6104621887207031,5.849188804626465,1.784860610961914,6.742846250534058,4.165357828140259,,,,,,
8789940000.0,196.47,8.5,6391222784.0,2395.7715264430067,5239.0,0.0482177734375,85852160.0,179492.23571419716,0.0009392773499712348,0.004638671875,2.096497058868408,-0.021669548004865646,0.30648279190063477,-0.02096497267484665,-0.000704578123986721,0.0,0.029047340154647827,0.7848740220069885,0.8397634085740948,5.937077522277832,1.7625340223312378,5.966124534606934,1.9607354402542114,6.838715553283691,4.178230285644531,,,,,,
8789940000.0,171.74,8.300000190734863,6391222784.0,2420.679493148407,5240.0,0.05126953125,85868544.0,179499.0040616989,0.0009027505875565112,0.0040283203125,2.080390214920044,-0.019728612154722214,0.384828120470047,-0.020803900435566902,0.0010752854868769646,0.0,-0.005145618692040443,0.8789382576942444,0.8163229613343638,5.984169006347656,1.8362144231796265,5.9790239334106445,2.0508360862731934,6.768347501754761,4.171385765075684,,,,,,
8789940000.0,195.72,8.199999809265137,6391222784.0,2398.9205032465266,5241.0,0.0469970703125,85884928.0,179505.83380031586,0.0008646502392366529,0.00433349609375,2.0701141357421875,-0.02030952461063862,0.3724175691604614,-0.02070114016532898,0.00039161648601293564,0.0,0.005803103093057871,0.8614439368247986,0.814486057139284,5.90814208984375,1.7896678447723389,5.913944721221924,2.00003981590271,6.829738616943359,4.191451549530029,,,,,,
8789940000.0,119.77,8.600000381469727,6391222784.0,2413.2075918993287,5242.0,0.059814453125,85901312.0,179512.62310433388,0.001759798964485526,0.0135498046875,2.0814192295074463,-0.0209062322974205,0.4226292371749878,-0.020814189687371254,-9.204261004924774e-05,0.0,-0.023827573284506798,0.9174246788024902,0.8192729661308626,6.088095664978027,1.952556848526001,6.064267158508301,2.1580355167388916,6.78930401802063,4.184957027435303,,,,,,
8789940000.0,173.6,7.599999904632568,6391222784.0,2389.430262788913,5243.0,0.047607421875,85917696.0,179519.47996902466,0.0016704500885680318,0.014404296875,2.0577826499938965,-0.021932747215032578,0.4732106924057007,-0.020577825605869293,-0.001354922540485859,0.0,-0.038362693041563034,0.9715293645858765,0.7757845991812861,6.081761360168457,1.8114346265792847,6.043398857116699,2.051743745803833,6.85686469078064,4.170061111450195,,,,,,
8789940000.0,185.69,8.199999809265137,6391222784.0,2445.1896961796647,5244.0,0.06591796875,85934080.0,179526.1804716587,0.0026806865353137255,0.02606201171875,2.0326426029205322,-0.020530940964818,0.5308767557144165,-0.02032642625272274,-0.00020451715681701899,0.0,0.09367479383945465,1.024749755859375,0.7817133042522694,6.370100975036621,1.9229109287261963,6.463776111602783,2.1933319568634033,6.700502634048462,4.165435552597046,,,,,,
8789940000.0,103.89,8.199999809265137,6391222784.0,2405.6689058835086,5245.0,0.0738525390625,85950464.0,179532.99105143547,0.0015651531284675002,0.0108642578125,2.002006769180298,-0.019668355584144592,0.6090553998947144,-0.02002006582915783,0.0003517146687954664,0.0,0.017980340868234634,1.1032360792160034,0.7475413458756394,6.384711265563965,1.9641231298446655,6.402691841125488,2.1957013607025146,6.810579776763916,4.183650970458984,,,,,,
8789940000.0,99.09,8.399999618530273,6391222784.0,2430.133285833626,5246.0,0.0732421875,85966848.0,179539.7330684662,0.0017038367222994566,0.00897216796875,2.006045341491699,-0.020200874656438828,0.5435053110122681,-0.020060453563928604,-0.00014041736721992493,0.0,0.024916544556617737,1.0445338487625122,0.7862043913528252,6.417230129241943,2.029606819152832,6.442146301269531,2.2590348720550537,6.742017030715942,4.19381046295166,,,,,,
8789940000.0,92.39,9.100000381469727,6391222784.0,2395.164043880492,5247.0,0.079345703125,85983232.0,179546.57351851463,0.0018759439699351788,0.01055908203125,1.9954359531402588,-0.019504364579916,0.4282250702381134,-0.01995435729622841,0.000449995044618845,0.0,0.12586428225040436,0.9204540848731995,0.8099532590787452,6.615264415740967,1.9461451768875122,6.741128921508789,2.1114070415496826,6.840450048446655,4.18336033821106,,,,,,
,,,,,,,,,,,,,,,,,,,,,,,,,,0.016739442944526672,0.487033873796463,0.45315465331077576,0.016739442944526672,0.487033873796463,0.45315465331077576
,,,,,,,,,,,,,,,,,,,,,,,,,,0.016480201855301857,0.4441748261451721,0.4269076883792877,0.016480201855301857,0.4441748261451721,0.4269076883792877
,,,,,,,,,,,,,,,,,,,,,,,,,,0.015994679182767868,0.4212344288825989,0.4059014916419983,0.015994679182767868,0.4212344288825989,0.4059014916419983
,,,,,,,,,,,,,,,,,,,,,,,,,,0.01644921489059925,0.4045161306858063,0.39228883385658264,0.01644921489059925,0.4045161306858063,0.39228883385658264
,,,,,,,,,,,,,,,,,,,,,,,,,,0.016450216993689537,0.39024820923805237,0.37810608744621277,0.016450216993689537,0.39024820923805237,0.37810608744621277
,,,,,,,,,,,,,,,,,,,,,,,,,,0.01683495193719864,0.37706518173217773,0.36604592204093933,0.01683495193719864,0.37706518173217773,0.36604592204093933
8789940000.0,130.53,8.199999809265137,6188634112.0,18.579196195382497,5248.0,0.08544921875,85999616.0,180428.42006492615,0.0010031266137957573,0.00634765625,1.9824919700622559,-0.019274815917015076,0.7102150321006775,-0.0198249202221632,0.0005501015111804008,0.0,0.07013747096061707,1.1922436952590942,0.7413811503774475,6.785053253173828,2.091254472732544,6.855191230773926,2.3444182872772217,881.8465464115143,4.173276424407959,,,,,,
8789940000.0,86.79,8.600000381469727,6391222784.0,2419.3412432875266,5249.0,0.0933837890625,86016000.0,180435.19215631485,0.0005752863362431526,0.0010986328125,1.9685577154159546,-0.01963011920452118,0.6063170433044434,-0.019685573875904083,5.545374006032944e-05,0.0,0.05690692365169525,1.1010408401489258,0.7472754714605203,6.914026260375977,1.982507586479187,6.970933437347412,2.1901800632476807,6.772091388702393,4.184326171875,,,,,,
8789940000.0,111.51,8.0,6391222784.0,2348.167750116965,5250.0,0.0732421875,86032384.0,180442.1695113182,0.0007539730286225677,0.00335693359375,1.9716236591339111,-0.01960083283483982,0.6116718053817749,-0.019716234877705574,0.0001154039055109024,0.0,-0.03499293327331543,1.1055128574371338,0.7486733495827079,6.848884105682373,1.9275506734848022,6.813891410827637,2.2051827907562256,6.977355003356934,4.190690279006958,,,,,,
8789940000.0,104.04,8.5,6391222784.0,2349.3734586948317,5251.0,0.0665283203125,86048768.0,180449.14328551292,0.0005853044567629695,0.00213623046875,1.9944361448287964,-0.02003965713083744,0.5204138159751892,-0.019944362342357635,-9.529571980237961e-05,0.0,0.036489859223365784,1.0177689790725708,0.7369958295317773,6.6656694412231445,1.760659098625183,6.7021589279174805,1.9845763444900513,6.973774194717407,4.187767505645752,,,,,,
8789940000.0,110.36,8.800000190734863,6391222784.0,2358.6859128024385,5252.0,0.074462890625,86065152.0,180456.08952617645,0.0008005928248167038,0.002197265625,2.0177669525146484,-0.019991789013147354,0.4746811091899872,-0.020177669823169708,0.00018588267266750336,0.0,0.08543401956558228,0.9675753712654114,0.7750780369267021,6.739151954650879,1.8201191425323486,6.824585914611816,2.040182113647461,6.946240663528442,4.19263482093811,,,,,,
8789940000.0,121.97,8.399999618530273,6391222784.0,2381.3193065442806,5253.0,0.081787109375,86081536.0,180462.9697458744,0.0006259038345888257,0.00274658203125,2.004544258117676,-0.019820712506771088,0.5407200455665588,-0.020045440644025803,0.00022472813725471497,0.0,0.011826306581497192,1.039914608001709,0.7542679352422665,6.975466728210449,1.8570014238357544,6.987293243408203,2.0978145599365234,6.8802196979522705,4.1964781284332275,,,,,,
8789940000.0,108.34,8.5,6391222784.0,2405.9700138648927,5254.0,0.086669921875,86097920.0,180469.77947330475,0.0005682189948856831,0.00146484375,1.9956527948379517,-0.019950540736317635,0.63477623462677,-0.019956529140472412,5.985144525766373e-06,0.0,0.004408292006701231,1.1273473501205444,0.7328475305120215,7.072418689727783,1.8959258794784546,7.076827049255371,2.181112289428711,6.809727430343628,4.190982341766357,,,,,,
8789940000.0,110.01,8.699999809265137,6391222784.0,2444.277438983833,5255.0,0.0823974609375,86114304.0,180476.48247671127,0.0010263152653351426,0.00628662109375,2.012258768081665,-0.01997937634587288,0.5773288607597351,-0.02012258768081665,0.00014321040362119675,0.0,0.020783307030797005,1.0726407766342163,0.7483437543596874,6.863280773162842,1.8782657384872437,6.884063720703125,2.1382105350494385,6.703003406524658,4.187849283218384,,,,,,
8789940000.0,82.99,8.399999618530273,6391222784.0,2387.6770166929846,5256.0,0.0830078125,86130688.0,180483.3443763256,0.0009516767458990216,0.0059814453125,1.9931484460830688,-0.020151831209659576,0.586668848991394,-0.019931482151150703,-0.00022034766152501106,0.0,-0.019387848675251007,1.0853807926177979,0.7491051215143602,6.951411724090576,1.9293657541275024,6.932024002075195,2.166886568069458,6.8618996143341064,4.200808525085449,,,,,,
8789940000.0,95.19,8.0,6391222784.0,2407.7377521964204,5257.0,0.0799560546875,86147072.0,180490.14910411835,0.000638812140095979,0.0020751953125,1.9603859186172485,-0.01951502449810505,0.7282261252403259,-0.01960385963320732,8.88332724571228e-05,0.0,-0.05836041271686554,1.2097346782684326,0.6841256405047442,6.867934226989746,1.8493423461914062,6.809574127197266,2.1524498462677,6.804727792739868,4.1739888191223145,,,,,,
8789940000.0,112.73,7.699999809265137,6391222784.0,2407.62859481534,5258.0,0.08056640625,86163456.0,180496.95414042473,0.0006539653986692429,0.0028076171875,1.9452742338180542,-0.01977010816335678,0.671523928642273,-0.019452741369605064,-0.00031736772507429123,0.0,-0.017695078626275063,1.160424828529358,0.7108509572150464,6.85595703125,1.7965927124023438,6.838261604309082,2.1580216884613037,6.805036306381226,4.193863391876221,,,,,,
8789940000.0,90.16,8.199999809265137,6391222784.0,2317.3622314290938,5259.0,0.081787109375,86179840.0,180504.02424788475,0.0013536185724660754,0.0079345703125,1.9565417766571045,-0.019750971347093582,0.6093887090682983,-0.019565418362617493,-0.00018555298447608948,0.0,0.01953474059700966,1.1047775745391846,0.7389312440500184,6.8238749504089355,1.85317862033844,6.843409538269043,2.1622068881988525,7.070107460021973,4.185932874679565,,,,,,
8789940000.0,97.71,8.899999618530273,6391222784.0,2429.675241873325,5260.0,0.086669921875,86196224.0,180510.7675359249,0.0008026762516237795,0.00396728515625,1.9374945163726807,-0.01901053823530674,0.562963604927063,-0.019374946132302284,0.00036440417170524597,0.0,0.0973774790763855,1.0632339715957642,0.7270430589286838,6.809595584869385,1.8191527128219604,6.906973361968994,2.035081386566162,6.743288040161133,4.202785015106201,,,,,,
8789940000.0,82.31,8.0,6391222784.0,2393.626299214831,5261.0,0.0836181640625,86212608.0,180517.6123805046,0.0007683789590373635,0.0035400390625,1.9349515438079834,-0.01916203275322914,0.6796648502349854,-0.019349515438079834,0.00018748408183455467,0.0,0.002191585022956133,1.1635502576828003,0.7189495746618363,6.85898494720459,1.9138628244400024,6.86117696762085,2.1947903633117676,6.844844579696655,4.192230939865112,,,,,,
8789940000.0,61.49,8.0,6391222784.0,2288.4961310899994,5262.0,0.0860595703125,86228992.0,180524.77166724205,0.0009375108638778329,0.006103515625,1.9425275325775146,-0.019443422555923462,0.6232912540435791,-0.019425274804234505,-1.8145889043807983e-05,0.0,-0.0607842393219471,1.118658185005188,0.7386952902625524,6.87387228012085,1.8591152429580688,6.8130879402160645,2.188384532928467,7.159286737442017,4.164946556091309,,,,,,
8789940000.0,90.93,8.699999809265137,6391222784.0,2397.5867064946347,5263.0,0.076904296875,86245376.0,180531.60520529747,0.0008503951830789447,0.0048828125,1.9654849767684937,-0.01929151453077793,0.5054172873497009,-0.019654851406812668,0.0003633350133895874,0.0,0.045273616909980774,1.0042461156845093,0.7546858278329833,6.758433818817139,1.7576680183410645,6.803707599639893,2.0275845527648926,6.833538055419922,4.197839736938477,,,,,,
8789940000.0,93.23,8.600000381469727,6391222784.0,2426.67829409432,5264.0,0.0701904296875,86261760.0,180538.3568212986,0.0014882278628647327,0.0126953125,1.9957784414291382,-0.020282704383134842,0.4351218342781067,-0.019957782700657845,-0.000324922613799572,0.0,0.00018419534899294376,0.9335620999336243,0.7857257109854918,6.669332504272461,1.7667419910430908,6.669516563415527,2.0167765617370605,6.75161600112915,4.186988592147827,,,,,,
8789940000.0,152.79,7.400000095367432,6391222784.0,2444.0375072989145,5265.0,0.062255859375,86278144.0,180545.0604827404,0.001015135901980102,0.00482177734375,2.0253684520721436,-0.019841594621539116,0.5770452618598938,-0.020253682509064674,0.0004120906814932823,0.0,-0.10089714825153351,1.0701913833618164,0.7171744898873715,6.621546745300293,1.719770908355713,6.520649433135986,2.012343645095825,6.7036614418029785,4.194252252578735,,,,,,
8789940000.0,145.38,7.599999904632568,6391222784.0,2412.7969918175295,5266.0,0.062255859375,86294528.0,180551.85094213486,0.001603304990567267,0.01080322265625,2.0369813442230225,-0.019551873207092285,0.4937315285205841,-0.020369812846183777,0.0008179433643817902,0.0,-0.029341645538806915,0.9925976991653442,0.7436888528657901,6.564400672912598,1.6562615633010864,6.535058498382568,1.9606013298034668,6.790459394454956,4.204773664474487,,,,,,
8789940000.0,152.48,7.900000095367432,6391222784.0,2385.8682729598518,5267.0,0.0640869140625,86310912.0,180558.71804380417,0.0011015920899808407,0.0079345703125,2.004434108734131,-0.020100582391023636,0.5522413849830627,-0.020044339820742607,-5.624257028102875e-05,0.0,0.007174386642873287,1.0512573719024658,0.7134078082840438,6.545194625854492,1.6649185419082642,6.552368640899658,1.9637084007263184,6.867101669311523,4.193832159042358,,,,,,
8789940000.0,114.33,8.100000381469727,6391222784.0,2375.524004970386,5268.0,0.0677490234375,86327296.0,180565.6150484085,0.0017396648181602359,0.01666259765625,2.0189802646636963,-0.01930057257413864,0.5434059500694275,-0.02018980123102665,0.0008892350597307086,0.0,-0.030638260766863823,1.045282244682312,0.7310787927060647,6.659806728363037,1.762556791305542,6.629168510437012,2.0156779289245605,6.8970046043396,4.18930983543396,,,,,,
8789940000.0,134.5,8.5,6391222784.0,2418.6810582570447,5269.0,0.0750732421875,86343680.0,180572.38898825645,0.0014387589180842042,0.00848388671875,1.9905287027359009,-0.019723109900951385,0.4917760193347931,-0.01990528590977192,0.00018217694014310837,0.0,-0.0026656133122742176,0.9922807216644287,0.7638938949282167,6.673506736755371,1.7691471576690674,6.670841217041016,2.042119264602661,6.773939847946167,4.18441104888916,,,,,,
8789940000.0,106.79,8.199999809265137,6391222784.0,2442.350275928685,5270.0,0.068359375,86360064.0,180579.09728074074,0.0007633172790519893,0.00372314453125,2.01582670211792,-0.019751641899347305,0.469656378030777,-0.02015826664865017,0.0004066247493028641,0.0,-0.008169922977685928,0.96761155128479,0.773071531672481,6.498818874359131,1.7622328996658325,6.4906487464904785,2.031216859817505,6.708292484283447,4.198364973068237,,,,,,
8789940000.0,107.18,8.899999618530273,6391222784.0,2460.88425616181,5271.0,0.062255859375,86376448.0,180585.75505018234,0.0008537517860531807,0.003662109375,2.0409605503082275,-0.019819796085357666,0.32372361421585083,-0.020409604534506798,0.0005898093804717064,0.0,0.02488812431693077,0.8058987855911255,0.8211028160671217,6.379766464233398,1.7158596515655518,6.404654502868652,1.905367136001587,6.657769441604614,4.18503737449646,,,,,,
8789940000.0,160.55,8.0,6391222784.0,2437.7781560288518,5272.0,0.05615234375,86392832.0,180592.47592425346,0.002070898888632655,0.019775390625,2.069697856903076,-0.02063317783176899,0.4441617727279663,-0.020696979016065598,6.380118429660797e-05,0.0,-0.0742127001285553,0.9371956586837769,0.7763682380078973,6.44968318939209,1.7402489185333252,6.375470161437988,1.9818172454833984,6.720874071121216,4.169357061386108,,,,,,
8789940000.0,173.63,8.199999809265137,6391222784.0,2438.4831602329477,5273.0,0.0555419921875,86409216.0,180599.19485521317,0.0008721496560610831,0.004150390625,2.0771031379699707,-0.020696543157100677,0.4251861572265625,-0.020771032199263573,7.448950782418251e-05,0.0,-0.031855300068855286,0.9224488139152527,0.7769278988012681,6.471459865570068,1.7275773286819458,6.439604759216309,1.9530783891677856,6.718930959701538,4.197326898574829,,,,,,
8789940000.0,149.1,8.0,6391222784.0,2206.293787848725,5274.0,0.050048828125,86425600.0,180606.6208834648,0.0009210199350491166,0.00518798828125,2.0787649154663086,-0.021157220005989075,0.42232298851013184,-0.020787648856639862,-0.0003695734776556492,0.0,-0.01579424738883972,0.9209405779838562,0.7657653581225022,6.37254524230957,1.6631709337234497,6.356751441955566,1.9028563499450684,7.426028251647949,4.183666467666626,,,,,,
8789940000.0,125.16,8.699999809265137,6391222784.0,2393.2963487290585,5275.0,0.069580078125,86441984.0,180613.46667170525,0.0021803027484565973,0.02008056640625,2.0582659244537354,-0.019824514165520668,0.4279177188873291,-0.02058265544474125,0.0007581356912851334,0.0,0.014286219142377377,0.928183913230896,0.7916679817521067,6.519216060638428,1.7980388402938843,6.533501625061035,2.033554792404175,6.845788240432739,4.178634881973267,,,,,,
8789940000.0,124.68,8.5,6391222784.0,2383.222896398757,5276.0,0.0518798828125,86458368.0,180620.34139585495,0.0010346972849220037,0.00518798828125,2.1078643798828125,-0.020882781594991684,0.35820215940475464,-0.021078642457723618,0.00019585993140935898,0.0,-0.02386149764060974,0.8463399410247803,0.8043647496568314,6.246368885040283,1.7236381769180298,6.222507476806641,1.9134690761566162,6.8747241497039795,4.187185764312744,,,,,,
8789940000.0,177.31,7.599999904632568,6391222784.0,2373.4225741490386,5277.0,0.0421142578125,86474752.0,180627.24450707436,0.001563949859701097,0.0093994140625,2.1117517948150635,-0.021250180900096893,0.39605987071990967,-0.021117517724633217,-0.00013266317546367645,0.0,-0.07552826404571533,0.8889212608337402,0.7657691583402885,5.980898857116699,1.5945402383804321,5.905370712280273,1.836712121963501,6.903111219406128,4.1723291873931885,,,,,,
8789940000.0,144.17,8.199999809265137,6391222784.0,2350.644729976524,5278.0,0.0567626953125,86491136.0,180634.21450972557,0.001969241304323077,0.013916015625,2.029787540435791,-0.020950188860297203,0.4366743564605713,-0.020297875627875328,-0.0006523123010993004,0.0,0.00690152682363987,0.9349303841590881,0.7858175589391663,6.191418647766113,1.7533520460128784,6.198319911956787,2.0201668739318848,6.9700026512146,4.185843467712402,,,,,,
8789940000.0,141.45,8.600000381469727,6391222784.0,2400.1972680992562,5279.0,0.06103515625,86507520.0,180641.0406153202,0.001588636776432395,0.0091552734375,2.0572597980499268,-0.019800225272774696,0.3808121085166931,-0.0205726008862257,0.0007723737508058548,0.0,0.02623608149588108,0.8712151646614075,0.8045910491996211,6.2691450119018555,1.7391802072525024,6.295380592346191,1.9708479642868042,6.82610559463501,4.199243783950806,,,,,,
,,,,,,,,,,,,,,,,,,,,,,,,,,0.020971007645130157,0.5586226582527161,0.5210075974464417,0.020971007645130157,0.5586226582527161,0.5210075974464417
,,,,,,,,,,,,,,,,,,,,,,,,,,0.01873203180730343,0.5062217116355896,0.48347824811935425,0.01873203180730343,0.5062217116355896,0.48347824811935425
,,,,,,,,,,,,,,,,,,,,,,,,,,0.018576333299279213,0.4817965626716614,0.464144766330719,0.018576333299279213,0.4817965626716614,0.464144766330719
,,,,,,,,,,,,,,,,,,,,,,,,,,0.018520981073379517,0.4626264274120331,0.44466692209243774,0.018520981073379517,0.4626264274120331,0.44466692209243774
,,,,,,,,,,,,,,,,,,,,,,,,,,0.01848961040377617,0.4458233714103699,0.4293333888053894,0.01848961040377617,0.4458233714103699,0.4293333888053894
,,,,,,,,,,,,,,,,,,,,,,,,,,0.01872093975543976,0.43134310841560364,0.4157603085041046,0.01872093975543976,0.43134310841560364,0.4157603085041046
8789940000.0,159.84,8.100000381469727,6188634112.0,18.540612820823846,5280.0,0.0689697265625,86523904.0,181524.72230148315,0.0006586126983165741,0.00225830078125,2.031806707382202,-0.02057638019323349,0.5817842483520508,-0.02031806856393814,-0.00025830790400505066,0.0,-0.07061978429555893,1.0742045640945435,0.7263536729783641,6.542363166809082,1.7455236911773682,6.471743583679199,2.053487539291382,883.6816861629486,4.185199737548828,,,,,,
8789940000.0,96.32,8.5,6391222784.0,2386.069992868471,5281.0,0.078125,86540288.0,181531.58882260323,0.0009789736941456795,0.00537109375,2.0169641971588135,-0.020162014290690422,0.48930859565734863,-0.020169641822576523,7.62939453125e-06,0.0,0.06645770370960236,0.9879441857337952,0.7736052151390929,6.680078506469727,1.8298321962356567,6.7465362548828125,2.0763440132141113,6.866521120071411,4.195433616638184,,,,,,
8789940000.0,103.0,8.5,6391222784.0,2435.456430621462,5282.0,0.067138671875,86556672.0,181538.31610369682,0.0007816110737621784,0.00323486328125,2.0334665775299072,-0.02033504657447338,0.49553921818733215,-0.020334666594862938,-3.818422555923462e-07,0.0,-0.010653704404830933,0.9944737553596497,0.7636277741013304,6.552638530731201,1.782415509223938,6.541984558105469,2.045478582382202,6.727281093597412,4.178588390350342,,,,,,
8789940000.0,114.71,8.600000381469727,6391222784.0,2425.6784992814332,5283.0,0.0537109375,86573056.0,181545.0705025196,0.0006269640289247036,0.00201416015625,2.0810282230377197,-0.020740194246172905,0.3970721960067749,-0.020810279995203018,7.008819375187159e-05,0.0,-0.0043105618096888065,0.8932738304138184,0.7790984890978823,6.3990373611450195,1.7413314580917358,6.3947272300720215,1.900575876235962,6.754398822784424,4.177342891693115,,,,,,
8789940000.0,144.21,8.300000190734863,6391222784.0,2423.9074983013647,5284.0,0.0640869140625,86589440.0,181551.82983636856,0.00048777012852951884,0.000732421875,2.081003427505493,-0.020464090630412102,0.478906512260437,-0.02081003412604332,0.00034594256430864334,0.0,-0.01313267182558775,0.9804474711418152,0.7620095220562318,6.589462757110596,1.7923634052276611,6.576330184936523,2.0097622871398926,6.759333848953247,4.191366195678711,,,,,,
8789940000.0,148.73,8.0,6391222784.0,2408.1809788419087,5285.0,0.0592041015625,86605824.0,181558.6333117485,0.0007706030155532062,0.00274658203125,2.096919298171997,-0.02024809829890728,0.5187973976135254,-0.020969193428754807,0.0007210923358798027,0.0,-0.05927016958594322,1.0180466175079346,0.7592861310505028,6.34946346282959,1.809419870376587,6.2901930809021,2.074995279312134,6.803475379943848,4.203516483306885,,,,,,
8789940000.0,117.22,8.899999618530273,6391222784.0,2372.915516174864,5286.0,0.0830078125,86622208.0,181565.53789806366,0.0008028713637031615,0.0029296875,2.0709266662597656,-0.020175782963633537,0.44429630041122437,-0.020709265023469925,0.0005334836896508932,0.0,0.06304891407489777,0.9417338967323303,0.7992126797320809,6.713944435119629,1.8536717891693115,6.7769927978515625,2.1016478538513184,6.904586315155029,4.1685028076171875,,,,,,
8789940000.0,112.58,8.0,6391222784.0,2398.293092493362,5287.0,0.069580078125,86638592.0,181572.36942338943,0.0009846629109233618,0.00567626953125,2.0805795192718506,-0.020980503410100937,0.628486156463623,-0.02080579288303852,-0.00017471006140112877,0.0,-0.025789864361286163,1.1267369985580444,0.700685924918399,6.617661476135254,1.8415511846542358,6.59187126159668,2.059486150741577,6.8315253257751465,4.169849157333374,,,,,,
8789940000.0,136.29,8.800000190734863,6391222784.0,2413.686915026826,5288.0,0.074462890625,86654976.0,181579.1573791504,0.0008719076868146658,0.0035400390625,2.0912857055664062,-0.020817171782255173,0.5672808289527893,-0.020912857726216316,9.568221867084503e-05,0.0,0.03434235230088234,1.0623974800109863,0.7407753228613585,6.693531036376953,1.8517707586288452,6.7278733253479,2.086646795272827,6.7879557609558105,4.200620174407959,,,,,,
8789940000.0,120.75,8.600000381469727,6391222784.0,2358.931727252003,5289.0,0.072021484375,86671360.0,181586.1028959751,0.0005919664981774986,0.001708984375,2.1044538021087646,-0.021236050873994827,0.5503920316696167,-0.021044539287686348,-0.00019150879234075546,0.0,0.024187004193663597,1.0520576238632202,0.741745523610339,6.747713088989258,1.8013907670974731,6.7719011306762695,2.0702176094055176,6.94551682472229,4.200362920761108,,,,,,
8789940000.0,83.53,8.600000381469727,6391222784.0,2443.8446398578803,5290.0,0.0616455078125,86687744.0,181592.80708646774,0.0007258899277076125,0.00225830078125,2.1103315353393555,-0.020669439807534218,0.41099852323532104,-0.02110331505537033,0.0004338771104812622,0.0,0.004748908802866936,0.9063608646392822,0.775599076934586,6.516295433044434,1.7114537954330444,6.5210442543029785,1.9133257865905762,6.704190492630005,4.1943464279174805,,,,,,
8789940000.0,170.24,8.0,6391222784.0,2441.1678937370566,5291.0,0.0439453125,86704128.0,181599.51862812042,0.0004384081985335797,0.0010986328125,2.123227834701538,-0.02125074714422226,0.4168676733970642,-0.021232280880212784,-1.8464983440935612e-05,0.0,-0.02214830368757248,0.9142284393310547,0.7595281204095478,6.197055816650391,1.5972567796707153,6.174907684326172,1.8643277883529663,6.711541652679443,4.176495313644409,,,,,,
8789940000.0,129.03,8.300000190734863,6391222784.0,2400.0557666563636,5292.0,0.0567626953125,86720512.0,181606.34513616562,0.0006125753279775381,0.00164794921875,2.114386796951294,-0.02107173390686512,0.36224645376205444,-0.021143866702914238,7.213512435555458e-05,0.0,-0.030045172199606895,0.8547752499580383,0.8076934511876056,6.40846061706543,1.7058488130569458,6.378416061401367,1.9491956233978271,6.826508045196533,4.1974122524261475,,,,,,
8789940000.0,150.31,8.0,6391222784.0,2425.9804409133,5293.0,0.06103515625,86736896.0,181613.0986943245,0.0007406128570437431,0.0030517578125,2.0663528442382812,-0.021133843809366226,0.5570999383926392,-0.020663529634475708,-0.00047031184658408165,0.0,-0.04168841615319252,1.049677848815918,0.7661378831293275,6.401464939117432,1.8521010875701904,6.359776496887207,2.170581340789795,6.753558158874512,4.1658265590667725,,,,,,
8789940000.0,161.56,8.0,6391222784.0,2441.7646679505215,5294.0,0.06103515625,86753280.0,181619.80859565735,0.001574212685227394,0.0078125,2.0726118087768555,-0.021072469651699066,0.5015458464622498,-0.020726114511489868,-0.00034635700285434723,0.0,-0.008840661495923996,0.993812620639801,0.771010242903923,6.368121147155762,1.8051471710205078,6.359281063079834,2.0768096446990967,6.709901332855225,4.180262565612793,,,,,,
8789940000.0,90.89,9.5,6391222784.0,2436.4876279945765,5295.0,0.0714111328125,86769664.0,181626.53302955627,0.0006514525157399476,0.00250244140625,2.075472116470337,-0.020088059827685356,0.33146971464157104,-0.020754721015691757,0.0006666595581918955,0.0,0.08614827692508698,0.8111712336540222,0.8324135155515291,6.5495734214782715,1.854982614517212,6.6357221603393555,1.9814966917037964,6.724433898925781,4.176741123199463,,,,,,
8789940000.0,105.07,8.800000190734863,6391222784.0,2459.171580520393,5296.0,0.0604248046875,86786048.0,181633.1954357624,0.0010129653383046389,0.00506591796875,2.0697662830352783,-0.020021285861730576,0.47385674715042114,-0.020697660744190216,0.0006763767451047897,0.0,0.011305724270641804,0.97079998254776,0.7847105118667763,6.598992347717285,1.881348729133606,6.610297203063965,2.092271327972412,6.6624062061309814,4.166717052459717,,,,,,
8789940000.0,145.0,8.899999618530273,6391222784.0,2468.0727199172975,5297.0,0.057373046875,86802432.0,181639.83381390572,0.0012191018322482705,0.0064697265625,2.088883638381958,-0.0199551060795784,0.35196253657341003,-0.020888838917016983,0.0009337272495031357,0.0,0.025253091007471085,0.8398256897926331,0.8060641308023118,6.559483051300049,1.7575669288635254,6.584735870361328,1.9070401191711426,6.638378143310547,4.176394462585449,,,,,,
8789940000.0,132.8,9.0,6391222784.0,2372.148989212439,5298.0,0.0677490234375,86818816.0,181646.74063134193,0.0006598274339921772,0.002685546875,2.0767154693603516,-0.020527981221675873,0.4210493564605713,-0.020767154172062874,0.00023917155340313911,0.0,0.04860968515276909,0.9167264699935913,0.7943874397974203,6.647535800933838,1.8295055627822876,6.696145534515381,2.0216915607452393,6.906817436218262,4.184046506881714,,,,,,
8789940000.0,148.71,8.5,6391222784.0,2451.7332475362873,5299.0,0.0677490234375,86835200.0,181653.4232506752,0.002007792703807354,0.0137939453125,2.0745930671691895,-0.020792435854673386,0.49163001775741577,-0.020745929330587387,-4.6504661440849304e-05,0.0,-0.0035439617931842804,0.9932828545570374,0.749793857765604,6.844858646392822,1.7809240818023682,6.841314315795898,1.9857470989227295,6.682619333267212,4.185704946517944,,,,,,
8789940000.0,133.16,8.699999809265137,6391222784.0,2388.8998165587686,5300.0,0.0726318359375,86851584.0,181660.28163790703,0.001207750290632248,0.0057373046875,2.0559616088867188,-0.020635250955820084,0.4222097098827362,-0.02055961638689041,-7.563363760709763e-05,0.0,0.017725668847560883,0.9156723022460938,0.7820666403965819,6.930197715759277,1.7583595514297485,6.94792366027832,1.9614555835723877,6.858387231826782,4.168362140655518,,,,,,
8789940000.0,125.05,8.399999618530273,6391222784.0,2347.671504687829,5301.0,0.067138671875,86867968.0,181667.26046776772,0.001035421504639089,0.0047607421875,2.0206475257873535,-0.019552361220121384,0.48373401165008545,-0.020206477493047714,0.000654115341603756,0.0,0.02726302668452263,0.9829204082489014,0.7546172653730491,6.764244079589844,1.778580904006958,6.791507720947266,1.984251618385315,6.978829860687256,4.186310291290283,,,,,,
8789940000.0,100.97,9.0,6391222784.0,2421.031878841792,5302.0,0.0732421875,86884352.0,181674.0278301239,0.0007521689403802156,0.002197265625,2.0577902793884277,-0.020330876111984253,0.4030458927154541,-0.020577900111675262,0.00024702632799744606,0.0,0.05153719708323479,0.8990781903266907,0.7926077747873203,6.933313369750977,1.7898666858673096,6.984850883483887,1.974246859550476,6.767362356185913,4.204063653945923,,,,,,
8789940000.0,153.82,8.399999618530273,6391222784.0,2392.41231660281,5303.0,0.0677490234375,86900736.0,181680.87614798546,0.000889065966475755,0.00299072265625,2.012336254119873,-0.020233243703842163,0.505257785320282,-0.02012336067855358,-0.0001098815118893981,0.0,0.020290683954954147,1.0064438581466675,0.7409071903638363,6.823062896728516,1.7138770818710327,6.843353271484375,1.9772512912750244,6.848317861557007,4.188340425491333,,,,,,
8789940000.0,121.19,8.5,6391222784.0,2350.710263552134,5304.0,0.0640869140625,86917120.0,181687.84595632553,0.0007180921966210008,0.003662109375,1.9920332431793213,-0.01981687732040882,0.43681538105010986,-0.019920332357287407,0.00010345503687858582,0.0,-0.018904585391283035,0.9359967708587646,0.7812933261103641,6.842555999755859,1.788571834564209,6.823651313781738,2.0014421939849854,6.969808340072632,4.201123476028442,,,,,,
8789940000.0,115.8,8.399999618530273,6391222784.0,2426.2130711459213,5305.0,0.0775146484375,86933504.0,181694.59886693954,0.00078582763671875,0.00396728515625,1.9909851551055908,-0.019158482551574707,0.5398252010345459,-0.019909849390387535,0.0007513680029660463,0.0,-0.003549113404005766,1.0358903408050537,0.7470178823087272,6.931252956390381,1.8110852241516113,6.927703857421875,2.0595340728759766,6.752910614013672,4.1895129680633545,,,,,,
8789940000.0,101.69,8.300000190734863,6391222784.0,2408.8026822600673,5306.0,0.074462890625,86949888.0,181701.40058636665,0.0007125598494894803,0.00323486328125,2.0149760246276855,-0.01996089518070221,0.5035837888717651,-0.020149758085608482,0.00018886476755142212,0.0,0.011480632238090038,1.0075839757919312,0.7648493457669829,6.844289302825928,1.8085882663726807,6.855770111083984,2.077821731567383,6.801719427108765,4.19402289390564,,,,,,
8789940000.0,131.26,8.5,6391222784.0,2379.506583669085,5307.0,0.0732421875,86966272.0,181708.28604745865,0.001011907123029232,0.00469970703125,1.9875516891479492,-0.020383767783641815,0.5420616269111633,-0.01987551711499691,-0.0005082497373223305,0.0,0.009527747519314289,1.0373990535736084,0.7412242102274246,6.8028645515441895,1.743872046470642,6.812392234802246,2.0393128395080566,6.885461091995239,4.1670982837677,,,,,,
8789940000.0,89.71,9.0,6391222784.0,2397.588881410904,5308.0,0.0836181640625,86982656.0,181715.1195793152,0.0008883444825187325,0.0072021484375,1.9464681148529053,-0.01901990734040737,0.572421669960022,-0.019464680925011635,0.0004447735846042633,0.0,0.027955051511526108,1.0703130960464478,0.7160817389541061,7.064817905426025,1.7481083869934082,7.092772960662842,2.008695602416992,6.833531856536865,4.190674781799316,,,,,,
8789940000.0,107.57,8.5,6391222784.0,2425.920748815987,5309.0,0.0823974609375,86999040.0,181721.8733036518,0.0005870372988283634,0.00164794921875,1.9455327987670898,-0.019252341240644455,0.603706419467926,-0.019455328583717346,0.00020298827439546585,0.0,-0.02046094462275505,1.09890878200531,0.6755564556161464,7.124962329864502,1.6928359270095825,7.104501247406006,1.9292653799057007,6.7537243366241455,4.1754679679870605,,,,,,
8789940000.0,103.2,7.800000190734863,6391222784.0,2391.725372428271,5310.0,0.0750732421875,87015424.0,181728.72358846664,0.000542090623639524,0.0018310546875,1.9502192735671997,-0.01956138014793396,0.6532325148582458,-0.019502192735671997,-5.9188343584537506e-05,0.0,-0.03644920140504837,1.1427748203277588,0.6852279368620346,6.899028301239014,1.666357398033142,6.862578392028809,2.036864995956421,6.850284814834595,4.206661939620972,,,,,,
8789940000.0,121.28,8.300000190734863,6391222784.0,2329.6915940819144,5311.0,0.0830078125,87031808.0,181735.7562789917,0.0007990428712219,0.00408935546875,1.9533390998840332,-0.019423887133598328,0.4989326596260071,-0.019533390179276466,0.0001095011830329895,0.0,0.025622090324759483,0.9972005486488342,0.7623634150404455,6.918371677398682,1.7218687534332275,6.94399356842041,2.045623540878296,7.032690525054932,4.174329996109009,,,,,,
,,,,,,,,,,,,,,,,,,,,,,,,,,0.01722579076886177,0.5169587135314941,0.48245635628700256,0.01722579076886177,0.5169587135314941,0.48245635628700256
,,,,,,,,,,,,,,,,,,,,,,,,,,0.01678984798491001,0.47468769550323486,0.453763872385025,0.01678984798491001,0.47468769550323486,0.453763872385025
,,,,,,,,,,,,,,,,,,,,,,,,,,0.01555070374161005,0.44653114676475525,0.42878636717796326,0.01555070374161005,0.44653114676475525,0.42878636717796326
,,,,,,,,,,,,,,,,,,,,,,,,,,0.015887675806879997,0.42684200406074524,0.41187793016433716,0.015887675806879997,0.42684200406074524,0.41187793016433716
,,,,,,,,,,,,,,,,,,,,,,,,,,0.01576535403728485,0.4118294417858124,0.39890941977500916,0.01576535403728485,0.4118294417858124,0.39890941977500916
,,,,,,,,,,,,,,,,,,,,,,,,,,0.01597529649734497,0.39965811371803284,0.3860035836696625,0.01597529649734497,0.39965811371803284,0.3860035836696625
8789940000.0,77.21,8.600000381469727,6188634112.0,18.574298362611966,5312.0,0.0775146484375,87048192.0,182617.83535838127,0.0007011768175289035,0.00286865234375,1.983648419380188,-0.019580179825425148,0.5657235383987427,-0.019836481660604477,0.0002563018351793289,0.0,0.028373880311846733,1.0594185590744019,0.7360710555634775,6.830929279327393,1.8163577318191528,6.859302997589111,2.0621681213378906,882.0790793895721,4.178001165390015,,,,,,
8789940000.0,128.24,8.399999618530273,6391222784.0,2401.3047072709696,5313.0,0.0732421875,87064576.0,182624.658315897,0.00038776732981204987,0.00048828125,2.018331289291382,-0.019667882472276688,0.5921210646629333,-0.02018331177532673,0.0005154297687113285,0.0,-0.0006603500805795193,1.0880155563354492,0.7208707251019496,6.822861671447754,1.823906660079956,6.822201251983643,2.059361457824707,6.822957515716553,4.194643259048462,,,,,,
8789940000.0,116.14,8.800000190734863,6391222784.0,2415.4944581871455,5314.0,0.0799560546875,87080960.0,182631.44119215012,0.000603443942964077,0.0010986328125,1.997409701347351,-0.019692953675985336,0.47841677069664,-0.01997409574687481,0.00028114207088947296,0.0,0.05985156446695328,0.9764918088912964,0.7649044980496795,6.973420143127441,1.8002047538757324,7.033271789550781,2.0139403343200684,6.782876253128052,4.185655832290649,,,,,,
8789940000.0,77.68,9.100000381469727,6391222784.0,2439.2045894878283,5315.0,0.0921630859375,87097344.0,182638.15813589096,0.0005656320718117058,0.0018310546875,1.948760747909546,-0.01927001029253006,0.6407854557037354,-0.01948760636150837,0.0002175937406718731,0.0,0.026296071708202362,1.1333258152008057,0.711002440468861,7.155980587005615,1.847632646560669,7.182276248931885,2.1081783771514893,6.716943740844727,4.183064699172974,,,,,,
8789940000.0,90.53,8.0,6391222784.0,2437.1638805874236,5316.0,0.076904296875,87113728.0,182644.8807039261,0.0005112236831337214,0.001953125,1.9749553203582764,-0.019786830991506577,0.6383630037307739,-0.019749553874135017,-3.727758303284645e-05,0.0,-0.09322293102741241,1.1263256072998047,0.7070468093484497,6.995870113372803,1.7702460289001465,6.902647018432617,2.0809648036956787,6.722568035125732,4.197871446609497,,,,,,
8789940000.0,105.01,8.5,6391222784.0,2287.4844135976405,5317.0,0.0811767578125,87130112.0,182652.04315710068,0.0008175355033017695,0.00457763671875,1.973535418510437,-0.01978355273604393,0.5662038326263428,-0.01973535493016243,-4.8199668526649475e-05,0.0,0.040953006595373154,1.060752034187317,0.7187998684553849,6.973111152648926,1.7150675058364868,7.014063835144043,2.000349998474121,7.1624531745910645,4.183337688446045,,,,,,
8789940000.0,104.41,7.900000095367432,6391222784.0,2408.6624438576187,5318.0,0.074462890625,87146496.0,182658.84527254105,0.0008350747521035373,0.00457763671875,1.9527496099472046,-0.019264673814177513,0.6262786984443665,-0.01952749490737915,0.00026282109320163727,0.0,-0.04005005210638046,1.1225166320800781,0.6982007450752867,6.938093185424805,1.7269186973571777,6.898042678833008,2.043307065963745,6.802115440368652,4.1884849071502686,,,,,,
8789940000.0,111.18,7.699999809265137,6391222784.0,2442.479966891207,5319.0,0.0860595703125,87162880.0,182665.55320882797,0.00041368906386196613,0.0013427734375,1.93964684009552,-0.0192276444286108,0.7087050676345825,-0.0193964671343565,0.00016881898045539856,0.0,-0.06005989387631416,1.1892365217208862,0.7126402081416923,7.029905319213867,1.8303070068359375,6.969844818115234,2.218477964401245,6.7079362869262695,4.171634197235107,,,,,,
8789940000.0,77.19,9.0,6391222784.0,2451.5334789019716,5320.0,0.1007080078125,87179264.0,182672.23637270927,0.0005907239974476397,0.0018310546875,1.9370653629302979,-0.019123204052448273,0.5796988010406494,-0.019370654597878456,0.00024745333939790726,0.0,0.0854262262582779,1.0726739168167114,0.750107943094448,7.1134138107299805,1.8904165029525757,7.198840141296387,2.145810604095459,6.68316388130188,4.171202182769775,,,,,,
8789940000.0,107.19,8.600000381469727,6391222784.0,2423.8068721937925,5321.0,0.096435546875,87195648.0,182678.9959871769,0.0012999714817851782,0.00885009765625,1.9300446510314941,-0.019033100455999374,0.58516526222229,-0.019300447776913643,0.00026734592393040657,0.0,0.03470652550458908,1.0846978425979614,0.7426450495788903,7.168282508850098,1.8452646732330322,7.202988624572754,2.1381711959838867,6.75961446762085,4.1857123374938965,,,,,,
8789940000.0,82.1,8.5,6391222784.0,2427.2933818239976,5322.0,0.0921630859375,87212032.0,182685.7458922863,0.0006352001801133156,0.0028076171875,1.9390089511871338,-0.019603310152888298,0.701492428779602,-0.019390089437365532,-0.0002132193185389042,0.0,2.5950837880373e-05,1.1851145029067993,0.7034875669959398,7.246639251708984,1.892079472541809,7.2466654777526855,2.1764004230499268,6.749905109405518,4.192178010940552,,,,,,
8789940000.0,91.01,8.199999809265137,6391222784.0,2412.934323093383,5323.0,0.0897216796875,87228416.0,182692.53596520424,0.0015310579910874367,0.01202392578125,1.9771275520324707,-0.019236568361520767,0.6159717440605164,-0.01977127604186535,0.0005347076803445816,0.0,-0.03455982357263565,1.105669379234314,0.7252162121395642,7.192354202270508,1.787283182144165,7.15779447555542,2.1092581748962402,6.790072917938232,4.169554948806763,,,,,,
8789940000.0,89.19,8.100000381469727,6391222784.0,2410.470921842025,5324.0,0.0872802734375,87244800.0,182699.33297729492,0.0013206477742642164,0.010986328125,1.9595130681991577,-0.01963406428694725,0.6476487517356873,-0.019595129415392876,-3.8934871554374695e-05,0.0,-0.031591616570949554,1.1420164108276367,0.7130120521362071,7.214934349060059,1.8232097625732422,7.183342933654785,2.131770610809326,6.797012090682983,4.20170259475708,,,,,,
8789940000.0,91.39,8.399999618530273,6391222784.0,2420.724686933486,5325.0,0.0897216796875,87261184.0,182706.10119843483,0.0005222654435783625,0.00177001953125,1.9633533954620361,-0.019076278433203697,0.5776406526565552,-0.01963353157043457,0.0005572534864768386,0.0,0.00825623981654644,1.0715581178665161,0.7330991039830403,7.139400482177734,1.7875267267227173,7.147656440734863,2.0741522312164307,6.768221139907837,4.181341648101807,,,,,,
8789940000.0,85.3,8.899999618530273,6391222784.0,2443.1484322810056,5326.0,0.0946044921875,87277568.0,182712.80729937553,0.0006433485541492701,0.00213623046875,1.9942710399627686,-0.020106561481952667,0.4833517074584961,-0.019942710176110268,-0.0001638513058423996,0.0,0.057102032005786896,0.9840885400772095,0.769871202062217,7.238584041595459,1.7980209589004517,7.295686721801758,2.051393747329712,6.706100940704346,4.1750853061676025,,,,,,
8789940000.0,99.62,7.900000095367432,6391222784.0,2393.8139063742015,5327.0,0.08544921875,87293952.0,182719.65160751343,0.000593742763157934,0.0025634765625,1.9707624912261963,-0.01982303149998188,0.6031405329704285,-0.01970762573182583,-0.0001154094934463501,0.0,-0.0521220862865448,1.0921908617019653,0.7256725689848496,7.043063163757324,1.817023754119873,6.990941047668457,2.085278034210205,6.844308137893677,4.202938795089722,,,,,,
8789940000.0,123.93,8.300000190734863,6391222784.0,2403.053829654917,5328.0,0.0616455078125,87310336.0,182726.46959877014,0.0007677565445192158,0.002685546875,2.0056886672973633,-0.019922377541661263,0.5489123463630676,-0.020056884735822678,0.00013450882397592068,0.0,-0.027854563668370247,1.0410165786743164,0.7246369399659134,6.754137992858887,1.7583835124969482,6.726283550262451,1.9838321208953857,6.817991256713867,4.184590101242065,,,,,,
8789940000.0,97.43,8.5,6391222784.0,2408.836878928455,5329.0,0.076904296875,87326720.0,182733.27122163773,0.0009304213454015553,0.0045166015625,1.9471747875213623,-0.01908521167933941,0.5320760011672974,-0.019471749663352966,0.0003865361213684082,0.0,0.061626873910427094,1.0262095928192139,0.746877433385633,6.890316009521484,1.7843533754348755,6.951943397521973,2.039721727371216,6.8016228675842285,4.1907243728637695,,,,,,
8789940000.0,82.99,8.5,6391222784.0,2434.7910457539056,5330.0,0.0848388671875,87343104.0,182740.000341177,0.0005899070529267192,0.00250244140625,1.9629650115966797,-0.018885070458054543,0.5066834688186646,-0.019629649817943573,0.0007445812225341797,0.0,-0.0047501130029559135,1.0053385496139526,0.7874902643888991,6.985356330871582,1.9174505472183228,6.9806060791015625,2.1808362007141113,6.729119539260864,4.178587198257446,,,,,,
8789940000.0,125.04,8.0,6391222784.0,2446.3324344037414,5331.0,0.062255859375,87359488.0,182746.69771385193,0.0008474203641526401,0.005126953125,2.010340929031372,-0.020278580486774445,0.566281795501709,-0.02010340988636017,-0.00017517013475298882,0.0,-0.07249040901660919,1.0558110475540161,0.7335214001007853,6.752711772918701,1.7776029109954834,6.680221080780029,2.0452895164489746,6.697372674942017,4.186744928359985,,,,,,
8789940000.0,84.6,8.399999618530273,6391222784.0,2414.119274349285,5332.0,0.0701904296875,87375872.0,182753.48445391655,0.001436465885490179,0.00830078125,1.9860923290252686,-0.019107146188616753,0.5169349908828735,-0.019860923290252686,0.0007537771016359329,0.0,-0.02652864158153534,1.0148433446884155,0.7676209899936497,6.831487655639648,1.7978469133377075,6.804958820343018,2.105234384536743,6.786740064620972,4.196141958236694,,,,,,
8789940000.0,119.62,9.0,6391222784.0,2346.6825277022995,5333.0,0.064697265625,87392256.0,182760.46622490883,0.001556605682708323,0.00994873046875,2.0356132984161377,-0.02000308968126774,0.39835065603256226,-0.020356131717562675,0.00035304296761751175,0.0,0.03249272331595421,0.8921739459037781,0.78543157008854,6.675808906555176,1.7130651473999023,6.708302021026611,1.9260467290878296,6.981770992279053,4.173704147338867,,,,,,
8789940000.0,129.51,8.800000190734863,6391222784.0,2306.5578616461553,5334.0,0.0653076171875,87408640.0,182767.56945014,0.000644783372990787,0.00384521484375,2.0528523921966553,-0.02033676952123642,0.3927343189716339,-0.02052852138876915,0.0001917518675327301,0.0,0.012261549010872841,0.8870187401771545,0.7985863524137082,6.618979454040527,1.782119631767273,6.6312408447265625,1.9764611721038818,7.103225231170654,4.1970109939575195,,,,,,
8789940000.0,106.92,8.300000190734863,6391222784.0,2299.1092568658223,5335.0,0.062255859375,87425024.0,182774.69568824768,0.0010237818351015449,0.0067138671875,2.034618377685547,-0.019708584994077682,0.5453177094459534,-0.020346183329820633,0.0006376011297106743,0.0,-0.07535990327596664,1.0397446155548096,0.7523483427401637,6.674610137939453,1.810965657234192,6.599249839782715,2.089324951171875,7.126238107681274,4.287017107009888,,,,,,
8789940000.0,133.04,8.300000190734863,6391222784.0,2381.2213601895014,5336.0,0.0579833984375,87441408.0,182781.5761909485,0.0009067704668268561,0.00201416015625,2.04331111907959,-0.02006937563419342,0.39005547761917114,-0.020433111116290092,0.0003637373447418213,0.0,-0.014934033155441284,0.8817991018295288,0.790406022507523,6.511843204498291,1.7042624950408936,6.496909141540527,1.9261068105697632,6.880502700805664,4.17500114440918,,,,,,
8789940000.0,133.83,8.300000190734863,6391222784.0,2410.5312089348045,5337.0,0.0628662109375,87457792.0,182788.37303304672,0.001195657067000866,0.00714111328125,2.035560369491577,-0.019966119900345802,0.5160359740257263,-0.020355602726340294,0.0003894828259944916,0.0,-0.04873853176832199,1.014081597328186,0.7512694149746809,6.597825527191162,1.7354686260223389,6.5490875244140625,2.033332109451294,6.796842098236084,4.199926137924194,,,,,,
8789940000.0,131.33,6.800000190734863,6391222784.0,2456.931480729012,5338.0,0.0543212890625,87474176.0,182795.0415136814,0.0012260451912879944,0.00726318359375,2.04028582572937,-0.02040528506040573,0.5821472406387329,-0.020402856171131134,-2.4295877665281296e-06,0.0,-0.12739607691764832,1.0752750635147095,0.730382649093205,6.360363006591797,1.7115857601165771,6.232967376708984,2.070836305618286,6.668480634689331,4.188225507736206,,,,,,
8789940000.0,114.03,8.600000381469727,6391222784.0,2426.0680574464245,5339.0,0.0701904296875,87490560.0,182801.79482793808,0.0018827237654477358,0.01458740234375,2.068037986755371,-0.019759584218263626,0.5043082237243652,-0.02068037912249565,0.0009207921102643013,0.0,0.04685944318771362,1.005609393119812,0.7558356040368321,6.544270992279053,1.7760286331176758,6.591130256652832,2.0351102352142334,6.753314256668091,4.184794902801514,,,,,,
8789940000.0,133.02,8.100000381469727,6391222784.0,2431.7144381171734,5340.0,0.0640869140625,87506944.0,182808.53246116638,0.0022821647580713034,0.01617431640625,2.0730345249176025,-0.020541947335004807,0.5251508355140686,-0.02073034644126892,0.00018839677795767784,0.0,0.014071648940443993,1.0249943733215332,0.749480621774415,6.531207084655762,1.7869333028793335,6.545278549194336,2.0478622913360596,6.737633228302002,4.1956470012664795,,,,,,
8789940000.0,147.89,8.199999809265137,6391222784.0,2404.4287989923155,5341.0,0.072021484375,87523328.0,182815.34655356407,0.0007282152655534446,0.0048828125,2.052664279937744,-0.02017948590219021,0.5334563851356506,-0.020526643842458725,0.00034715328365564346,0.0,0.027187906205654144,1.0323683023452759,0.7727800569309662,6.7054548263549805,1.8710211515426636,6.732642650604248,2.1657652854919434,6.814092397689819,4.158618450164795,,,,,,
8789940000.0,120.28,8.5,6391222784.0,2397.4863300372995,5342.0,0.0634765625,87539712.0,182822.1803777218,0.0007223450811579823,0.0047607421875,2.0607972145080566,-0.020945796743035316,0.49345171451568604,-0.020607972517609596,-0.00033782515674829483,0.0,0.021665144711732864,0.9924799203872681,0.7582315433952695,6.578559398651123,1.8104736804962158,6.600224494934082,2.018468141555786,6.833824157714844,4.1956071853637695,,,,,,
8789940000.0,101.75,8.800000190734863,6391222784.0,2431.080337097751,5343.0,0.0640869140625,87556096.0,182828.91976833344,0.0008785069803707302,0.004150390625,2.0829365253448486,-0.020206620916724205,0.4189140200614929,-0.02082936465740204,0.000622747465968132,0.0,0.06311480700969696,0.9142307043075562,0.7940014086313459,6.625883102416992,1.8344991207122803,6.688997745513916,2.0142977237701416,6.73939061164856,4.171542644500732,,,,,,
,,,,,,,,,,,,,,,,,,,,,,,,,,0.0183618925511837,0.5754625797271729,0.5386348962783813,0.0183618925511837,0.5754625797271729,0.5386348962783813
,,,,,,,,,,,,,,,,,,,,,,,,,,0.01790553331375122,0.5267148613929749,0.5045897960662842,0.01790553331375122,0.5267148613929749,0.5045897960662842
,,,,,,,,,,,,,,,,,,,,,,,,,,0.017241306602954865,0.4985119104385376,0.4809069335460663,0.017241306602954865,0.4985119104385376,0.4809069335460663
,,,,,,,,,,,,,,,,,,,,,,,,,,0.017359308898448944,0.47781842947006226,0.46184903383255005,0.017359308898448944,0.47781842947006226,0.46184903383255005
,,,,,,,,,,,,,,,,,,,,,,,,,,0.017213622108101845,0.4616154134273529,0.44657593965530396,0.017213622108101845,0.4616154134273529,0.44657593965530396
,,,,,,,,,,,,,,,,,,,,,,,,,,0.01735660247504711,0.4464150369167328,0.43296879529953003,0.01735660247504711,0.4464150369167328,0.43296879529953003
8789940000.0,140.61,8.100000381469727,6188634112.0,18.63400180600483,5344.0,0.0518798828125,87572480.0,183708.1726615429,0.0003950964310206473,0.0008544921875,2.11384916305542,-0.02165716141462326,0.42814236879348755,-0.021138491109013557,-0.0005186689086258411,0.0,-0.021679405122995377,0.9228637218475342,0.7644572387778859,6.640081882476807,1.6967049837112427,6.618402481079102,1.901526927947998,879.2528932094574,4.174638032913208,,,,,,
8789940000.0,170.76,8.0,6391222784.0,2416.9103110181386,5345.0,0.05615234375,87588864.0,183714.95156431198,0.000717322516720742,0.002685546875,2.0976901054382324,-0.020336207002401352,0.4798058867454529,-0.020976901054382324,0.0006406912580132484,0.0,-0.04072286933660507,0.9833710789680481,0.7613136929212391,6.717318058013916,1.775607705116272,6.676595211029053,2.01281476020813,6.778902769088745,4.19957971572876,,,,,,
8789940000.0,108.49,8.699999809265137,6391222784.0,2414.023868948138,5346.0,0.069580078125,87605248.0,183721.7385725975,0.0007399643072858453,0.00250244140625,2.0780935287475586,-0.021217186003923416,0.43329599499702454,-0.020780932158231735,-0.00043625570833683014,0.0,-0.008427204564213753,0.9305053949356079,0.7894075427807596,6.86413049697876,1.778103232383728,6.855703830718994,2.0276718139648438,6.787008285522461,4.200859785079956,,,,,,
8789940000.0,145.06,8.399999618530273,6391222784.0,2341.862558134233,5347.0,0.0653076171875,87621632.0,183728.73471331596,0.0006908847717568278,0.001953125,2.043963670730591,-0.02021597884595394,0.4802195429801941,-0.020439637824892998,0.0002236585132777691,0.0,-0.00021091243252158165,0.980546236038208,0.7668872021420534,6.821985244750977,1.7939924001693726,6.821774482727051,2.0308823585510254,6.996140718460083,4.182373046875,,,,,,
8789940000.0,94.8,8.399999618530273,6391222784.0,2423.453934681283,5348.0,0.068359375,87638016.0,183735.4953122139,0.0005330208223313093,0.0023193359375,2.04372501373291,-0.02024558186531067,0.45947009325027466,-0.020437249913811684,0.00019166851416230202,0.0,-0.01880805380642414,0.9617975950241089,0.7631749003764802,6.815555095672607,1.748535394668579,6.796747207641602,1.9763762950897217,6.76059889793396,4.1838696002960205,,,,,,
8789940000.0,155.51,7.599999904632568,6391222784.0,2362.5602019440526,5349.0,0.0445556640625,87654400.0,183742.43016195297,0.0005189749645069242,0.00274658203125,2.0772552490234375,-0.020662054419517517,0.4807249903678894,-0.020772553980350494,0.00011049862951040268,0.0,-0.056531548500061035,0.9792938828468323,0.7524373476022607,6.495866775512695,1.6950448751449585,6.439334869384766,1.9682040214538574,6.934849739074707,4.171755790710449,,,,,,
8789940000.0,150.45,7.800000190734863,6391222784.0,2421.0104701044856,5350.0,0.0604248046875,87670784.0,183749.19758415222,0.0008049561292864382,0.00244140625,2.066455364227295,-0.02030116878449917,0.49996405839920044,-0.020664552226662636,0.0003633880987763405,0.0,-0.04489398002624512,1.000198245048523,0.7572534440861458,6.557441711425781,1.7405509948730469,6.512547492980957,2.0300629138946533,6.767422199249268,4.184314012527466,,,,,,
8789940000.0,118.78,8.300000190734863,6391222784.0,2443.7234939950336,5351.0,0.0726318359375,87687168.0,183755.90210700035,0.00045997925917617977,0.00140380859375,2.0739550590515137,-0.020549427717924118,0.4984971880912781,-0.02073955163359642,0.0001901211217045784,0.0,-0.005564057268202305,0.9979733824729919,0.7847015818988632,6.645269393920898,1.859078049659729,6.639705181121826,2.150792360305786,6.7045228481292725,4.173901081085205,,,,,,
8789940000.0,141.75,8.100000381469727,6391222784.0,2428.5108473662594,5352.0,0.0567626953125,87703552.0,183762.64862823486,0.0004631093761418015,0.00140380859375,2.081707000732422,-0.020548751577734947,0.4679758548736572,-0.020817069336771965,0.00026831962168216705,0.0,-0.018591318279504776,0.968278706073761,0.7559366964846739,6.388259410858154,1.708299994468689,6.369668006896973,1.9599695205688477,6.746521234512329,4.19072151184082,,,,,,
8789940000.0,139.7,7.900000095367432,6391222784.0,2442.07106175285,5353.0,0.05615234375,87719936.0,183769.35768771172,0.001030381303280592,0.00543212890625,2.0765280723571777,-0.02085162326693535,0.5344372987747192,-0.020765280351042747,-8.634477853775024e-05,0.0,-0.02516758255660534,1.0332179069519043,0.7500320186980398,6.4223432540893555,1.7634450197219849,6.397176742553711,2.0665698051452637,6.709059476852417,4.177483081817627,,,,,,
8789940000.0,129.33,8.699999809265137,6391222784.0,2456.523342976238,5354.0,0.0799560546875,87736320.0,183776.02727627754,0.0008256013970822096,0.0037841796875,2.0571470260620117,-0.021141376346349716,0.5234285593032837,-0.020571470260620117,-0.0005699079483747482,0.0,0.04351535439491272,1.0239019393920898,0.7743300440082539,6.752416133880615,1.9013333320617676,6.795931816101074,2.155369997024536,6.669588565826416,4.174231767654419,,,,,,
8789940000.0,115.94,8.5,6391222784.0,2413.844781573485,5355.0,0.0762939453125,87752704.0,183782.8147881031,0.0014846713747829199,0.01025390625,2.0015127658843994,-0.019987694919109344,0.5551324486732483,-0.020015127956867218,2.7433037757873535e-05,0.0,0.07906477898359299,1.0548169612884521,0.7460944929300575,6.721003532409668,1.8670786619186401,6.800068378448486,2.093346357345581,6.787511825561523,4.170047998428345,,,,,,
8789940000.0,126.31,7.400000095367432,6391222784.0,2385.6048044058207,5356.0,0.0665283203125,87769088.0,183789.68264818192,0.0006367447786033154,0.00244140625,2.0214362144470215,-0.01978214830160141,0.6078700423240662,-0.02021436206996441,0.00043221551459282637,0.0,-0.07345759868621826,1.098345160484314,0.7262075404357675,6.725636005401611,1.8116565942764282,6.6521782875061035,2.099074125289917,6.8678600788116455,4.181711912155151,,,,,,
8789940000.0,97.3,8.600000381469727,6391222784.0,2438.1956595954907,5357.0,0.0714111328125,87785472.0,183796.40237140656,0.002257292391732335,0.0198974609375,2.0264313220977783,-0.02024167776107788,0.491314172744751,-0.020264312624931335,2.2636493667960167e-05,0.0,0.017850322648882866,0.9873196482658386,0.7789846079285706,6.660767555236816,1.8895288705825806,6.67861795425415,2.100131034851074,6.719723224639893,4.172574043273926,,,,,,
8789940000.0,102.9,8.5,6391222784.0,2409.8781044074312,5358.0,0.0628662109375,87801856.0,183803.20105552673,0.0020880780648440123,0.0152587890625,2.042632579803467,-0.019922994077205658,0.4510166347026825,-0.020426325500011444,0.0005033328197896481,0.0,0.012963131070137024,0.9482190012931824,0.780793019428234,6.553766250610352,1.7807193994522095,6.566729545593262,2.0252633094787598,6.798684120178223,4.18979811668396,,,,,,
8789940000.0,145.5,8.0,6391222784.0,2328.566514999207,5359.0,0.0531005859375,87818240.0,183810.23714399338,0.0013264447916299105,0.0101318359375,2.061983585357666,-0.02012612298130989,0.43093886971473694,-0.020619835704565048,0.0004937136545777321,0.0,-0.028300557285547256,0.9304715991020203,0.7713980555114314,6.399453163146973,1.6850790977478027,6.371152877807617,1.9460917711257935,7.036088466644287,4.179012060165405,,,,,,
8789940000.0,152.47,7.800000190734863,6391222784.0,2407.7124443488174,5360.0,0.0616455078125,87834624.0,183817.0419433117,0.001855563255958259,0.01617431640625,2.053116798400879,-0.018939876928925514,0.5252651572227478,-0.020531166344881058,0.0015912875533103943,0.0,-0.03413672745227814,1.0248686075210571,0.7592944436972457,6.543121337890625,1.8217878341674805,6.508984565734863,2.088935136795044,6.804799318313599,4.1967551708221436,,,,,,
8789940000.0,109.72,8.199999809265137,6391222784.0,2436.0770995913267,5361.0,0.064697265625,87851008.0,183823.76751041412,0.0010931524448096752,0.0059814453125,2.055542230606079,-0.01996622234582901,0.4773086905479431,-0.020555421710014343,0.0005892026238143444,0.0,-0.04671657830476761,0.9686785340309143,0.7834862028376368,6.553542613983154,1.8353142738342285,6.506826400756836,2.0817909240722656,6.725567102432251,4.195537090301514,,,,,,
8789940000.0,132.69,7.900000095367432,6391222784.0,2429.6378739304623,5362.0,0.0518798828125,87867392.0,183830.51090216637,0.0029356617014855146,0.01800537109375,2.05764102935791,-0.020124461501836777,0.4215095043182373,-0.020576411858201027,0.0004519482608884573,0.0,-0.04417688399553299,0.9175671935081482,0.7860795731854965,6.384555339813232,1.7207250595092773,6.340378761291504,1.983863115310669,6.743391752243042,4.178031921386719,,,,,,
8789940000.0,121.82,8.199999809265137,6391222784.0,2395.168635376436,5363.0,0.0531005859375,87883776.0,183837.3513391018,0.0011138546979054809,0.00689697265625,2.0638999938964844,-0.02115185186266899,0.4031440317630768,-0.020638998597860336,-0.0005128518678247929,0.0,-0.05734781548380852,0.897845983505249,0.788827454359283,6.263427734375,1.7583216428756714,6.206079483032227,1.9538127183914185,6.840436935424805,4.175768852233887,,,,,,
8789940000.0,155.44,8.5,6391222784.0,2392.270315793226,5364.0,0.067138671875,87900160.0,183844.20006346703,0.0012582993367686868,0.00787353515625,2.0417959690093994,-0.019984440878033638,0.41300901770591736,-0.020417960360646248,0.00043351901695132256,0.0,0.0397823229432106,0.9110260605812073,0.797692109980162,6.338493824005127,1.7806224822998047,6.378276348114014,2.025463819503784,6.848724365234375,4.193091630935669,,,,,,
8789940000.0,165.42,7.800000190734863,6391222784.0,2402.880399144132,5365.0,0.0506591796875,87916544.0,183851.0185468197,0.0021613859571516514,0.01531982421875,2.016594409942627,-0.01998242549598217,0.49251505732536316,-0.020165940746665,0.0001835152506828308,0.0,-0.035113267600536346,0.9918607473373413,0.736993911016425,6.147934436798096,1.6767209768295288,6.112820625305176,1.934049129486084,6.818483352661133,4.185506343841553,,,,,,
8789940000.0,127.33,8.199999809265137,6391222784.0,2423.5878661684023,5366.0,0.07080078125,87932928.0,183857.7787721157,0.0006816297536715865,0.00286865234375,1.9994827508926392,-0.01985950395464897,0.5227214097976685,-0.01999482698738575,0.00013532396405935287,0.0,-0.035812489688396454,1.0200964212417603,0.7643678967225174,6.385804176330566,1.8287274837493896,6.349991321563721,2.1014742851257324,6.760225296020508,4.174432277679443,,,,,,
8789940000.0,106.06,8.199999809265137,6391222784.0,2408.261744159001,5367.0,0.0634765625,87949312.0,183864.58201932907,0.0014033799525350332,0.00958251953125,1.9787962436676025,-0.019310494884848595,0.4884133040904999,-0.01978796161711216,0.00047746486961841583,0.0,0.0455147847533226,0.9854725003242493,0.7796983236879438,6.347919464111328,1.854062795639038,6.393434047698975,2.099595546722412,6.8032472133636475,4.1674182415008545,,,,,,
8789940000.0,125.67,8.5,6391222784.0,2397.433970321132,5368.0,0.067138671875,87965696.0,183871.41599273682,0.001253085327334702,0.00665283203125,1.974000334739685,-0.019893985241651535,0.531273365020752,-0.01974000222980976,-0.00015398673713207245,0.0,0.04142110422253609,1.0296223163604736,0.769676009749994,6.548611640930176,1.893945336341858,6.590032577514648,2.1454005241394043,6.833973407745361,4.176276206970215,,,,,,
8789940000.0,124.5,8.0,6391222784.0,2429.6822001689407,5369.0,0.0732421875,87982080.0,183878.15926146507,0.001257808180525899,0.0084228515625,1.9920917749404907,-0.01928604394197464,0.5694856643676758,-0.019920915365219116,0.0006348714232444763,0.0,0.035140253603458405,1.0664145946502686,0.753065379201424,6.5327558517456055,1.886090636253357,6.567895889282227,2.146026372909546,6.743268728256226,4.184972047805786,,,,,,
8789940000.0,127.56,8.100000381469727,6391222784.0,2435.3389630303022,5370.0,0.057373046875,87998464.0,183884.88686704636,0.0010717292316257954,0.0072021484375,2.012127161026001,-0.020225629210472107,0.479099303483963,-0.020121272653341293,-0.00010436028242111206,0.0,-0.0177781842648983,0.9793475866317749,0.7599623028779219,6.462124347686768,1.7584000825881958,6.4443464279174805,1.998928189277649,6.727605581283569,4.181066513061523,,,,,,
8789940000.0,138.44,8.100000381469727,6391222784.0,2447.047798307885,5371.0,0.06103515625,88014848.0,183891.58228182793,0.0009232769953086972,0.005615234375,2.0381057262420654,-0.020028652623295784,0.5454720854759216,-0.020381057634949684,0.000352401752024889,0.0,-0.01811283268034458,1.0441006422042847,0.7645870133005873,6.543712139129639,1.8493517637252808,6.525599479675293,2.151925563812256,6.695414781570435,4.201080322265625,,,,,,
8789940000.0,123.52,8.600000381469727,6391222784.0,2338.62025037312,5372.0,0.07568359375,88031232.0,183898.58812212944,0.0016245872247964144,0.01220703125,2.0071704387664795,-0.020675085484981537,0.47002315521240234,-0.02007170394062996,-0.000603383406996727,0.0,0.05752875655889511,0.9712053537368774,0.7863826860198041,6.685957431793213,1.8737791776657104,6.743485450744629,2.1013219356536865,7.005840301513672,4.16653037071228,,,,,,
8789940000.0,104.76,8.699999809265137,6391222784.0,2406.7469256568356,5373.0,0.0836181640625,88047616.0,183905.39565134048,0.0017580841667950153,0.0111083984375,1.9755332469940186,-0.01899135485291481,0.5626165270805359,-0.019755331799387932,0.0007639750838279724,0.0,-0.00012968666851520538,1.0586541891098022,0.758532700172053,6.750186920166016,1.914946436882019,6.750057220458984,2.154393196105957,6.8075292110443115,4.198688745498657,,,,,,
8789940000.0,117.39,8.800000190734863,6391222784.0,2435.551983889509,5374.0,0.0836181640625,88064000.0,183912.12266850471,0.0025082288775593042,0.02459716796875,1.9511048793792725,-0.01889941841363907,0.5156121253967285,-0.01951104775071144,0.0006116330623626709,0.0,0.09294454753398895,1.0159937143325806,0.7742757553838581,6.850612163543701,1.9226394891738892,6.943556785583496,2.1384639739990234,6.727017164230347,4.199976444244385,,,,,,
8789940000.0,97.86,8.800000190734863,6391222784.0,2433.0167107601196,5375.0,0.0848388671875,88080384.0,183918.8566954136,0.0012270131846889853,0.00775146484375,1.9492387771606445,-0.01837093010544777,0.5473930835723877,-0.019492389634251595,0.0011214548721909523,0.0,0.07462890446186066,1.045598030090332,0.7428911812712291,6.893924713134766,1.8707859516143799,6.96855354309082,2.062082529067993,6.734026908874512,4.185462951660156,,,,,,
,,,,,,,,,,,,,,,,,,,,,,,,,,0.019024860113859177,0.5221018195152283,0.47908663749694824,0.019024860113859177,0.5221018195152283,0.47908663749694824
,,,,,,,,,,,,,,,,,,,,,,,,,,0.016852324828505516,0.47447025775909424,0.4534098505973816,0.016852324828505516,0.47447025775909424,0.4534098505973816
,,,,,,,,,,,,,,,,,,,,,,,,,,0.016672268509864807,0.4502424895763397,0.4304769039154053,0.016672268509864807,0.4502424895763397,0.4304769039154053
,,,,,,,,,,,,,,,,,,,,,,,,,,0.01654357649385929,0.43171826004981995,0.41433554887771606,0.01654357649385929,0.43171826004981995,0.41433554887771606
,,,,,,,,,,,,,,,,,,,,,,,,,,0.016727788373827934,0.41629502177238464,0.4011213183403015,0.016727788373827934,0.41629502177238464,0.4011213183403015
,,,,,,,,,,,,,,,,,,,,,,,,,,0.016772042959928513,0.4021725356578827,0.3874512314796448,0.016772042959928513,0.4021725356578827,0.3874512314796448
8789940000.0,99.49,7.900000095367432,6188634112.0,18.619283830276323,5376.0,0.0762939453125,88096768.0,184798.80461120605,0.0003096325963269919,0.00091552734375,1.9651967287063599,-0.019625086337327957,0.5689371228218079,-0.01965196803212166,2.6881694793701172e-05,0.0,0.026381338015198708,1.0689594745635986,0.7398011273809955,6.634119987487793,1.8354355096817017,6.660501003265381,2.09559965133667,879.9479157924652,4.17086935043335,,,,,,
8789940000.0,94.22,9.300000190734863,6391222784.0,2421.3596247822406,5377.0,0.07080078125,88113152.0,184805.57105755806,0.0004922745283693075,0.00115966796875,2.016906261444092,-0.020108293741941452,0.37645643949508667,-0.020169060677289963,6.077229045331478e-05,0.0,0.05925068259239197,0.8647743463516235,0.7997357718315967,6.635871410369873,1.7583444118499756,6.695122241973877,1.9324184656143188,6.766446352005005,4.172293424606323,,,,,,
8789940000.0,145.88,7.800000190734863,6391222784.0,2235.174503048002,5378.0,0.062255859375,88129536.0,184812.90113401413,0.0008141963044181466,0.00213623046875,2.017958164215088,-0.019892679527401924,0.5368449687957764,-0.02017958089709282,0.00028690253384411335,0.0,-0.06568136811256409,1.032597541809082,0.7652897313178492,6.643071174621582,1.847585678100586,6.577389717102051,2.1314005851745605,7.330076456069946,4.193513870239258,,,,,,
8789940000.0,136.58,7.800000190734863,6391222784.0,2323.6358691499013,5379.0,0.0592041015625,88145920.0,184819.95215272903,0.0006235020700842142,0.00201416015625,2.0114822387695312,-0.0194656141102314,0.5126304030418396,-0.020114820450544357,0.0006492077372968197,0.0,-0.019519049674272537,1.0116316080093384,0.7434230754325106,6.376087665557861,1.7354334592819214,6.356568336486816,1.997162103652954,7.051018714904785,4.180173635482788,,,,,,
8789940000.0,127.43,8.600000381469727,6391222784.0,2268.1513556317764,5380.0,0.0543212890625,88162304.0,184827.17565655708,0.0011274227872490883,0.00634765625,2.011888027191162,-0.01987568475306034,0.4408246874809265,-0.02011888101696968,0.00024319638032466173,0.0,0.036253444850444794,0.9388629198074341,0.7550091053195968,6.410741806030273,1.6986585855484009,6.446995258331299,1.8968243598937988,7.223503828048706,4.190982818603516,,,,,,
8789940000.0,157.15,7.599999904632568,6391222784.0,2357.370753334228,5381.0,0.052490234375,88178688.0,184834.1257724762,0.0005607145139947534,0.002197265625,2.0200159549713135,-0.020780647173523903,0.5018646717071533,-0.020200159400701523,-0.0005804896354675293,0.0,-0.0796564519405365,0.9972708821296692,0.7398131384324769,6.350261211395264,1.7043862342834473,6.270605087280273,1.955107569694519,6.950115919113159,4.1816020011901855,,,,,,
8789940000.0,150.94,8.100000381469727,6391222784.0,2417.9283268793765,5382.0,0.05615234375,88195072.0,184840.90182113647,0.0008379387436434627,0.00445556640625,2.018162965774536,-0.019640984013676643,0.4470621645450592,-0.020181629806756973,0.0005406439304351807,0.0,-0.01274274941533804,0.9445131421089172,0.752825205295941,6.33655309677124,1.6188651323318481,6.323810577392578,1.899791955947876,6.77604866027832,4.194316148757935,,,,,,
8789940000.0,117.29,8.199999809265137,6391222784.0,2426.4643379234653,5383.0,0.0726318359375,88211456.0,184847.6540324688,0.0008062654524110258,0.00238037109375,2.007751941680908,-0.02013588324189186,0.5495967864990234,-0.020077519118785858,-5.836319178342819e-05,0.0,0.009266323409974575,1.0498443841934204,0.7600498069654003,6.544428825378418,1.815375804901123,6.553694725036621,2.143206834793091,6.752211332321167,4.178427219390869,,,,,,
8789940000.0,113.21,8.5,6391222784.0,2408.437556154663,5384.0,0.07080078125,88227840.0,184854.45678305626,0.0005755258025601506,0.00335693359375,2.019649028778076,-0.01995832473039627,0.5018379092216492,-0.02019648626446724,0.00023816339671611786,0.0,0.05950005352497101,1.0044363737106323,0.7750504253300341,6.630310535430908,1.8704696893692017,6.689810752868652,2.1177752017974854,6.802750587463379,4.190253019332886,,,,,,
8789940000.0,99.91,7.800000190734863,6391222784.0,2431.7368110359794,5385.0,0.0726318359375,88244224.0,184861.19435429573,0.0008354167221114039,0.00341796875,2.0238077640533447,-0.020304033532738686,0.6460089683532715,-0.020238075405359268,-6.595678860321641e-05,0.0,-0.062380678951740265,1.1340173482894897,0.7118516283236737,6.6288018226623535,1.854137659072876,6.5664215087890625,2.1125736236572266,6.7375712394714355,4.181314945220947,,,,,,
8789940000.0,129.35,8.300000190734863,6391222784.0,2401.2257503791516,5386.0,0.062255859375,88260608.0,184868.01753616333,0.0008841768139973283,0.00390625,2.063821792602539,-0.020793845877051353,0.49069035053253174,-0.02063821628689766,-0.0001556258648633957,0.0,0.005024949088692665,0.9874274730682373,0.7482754340162889,6.474534034729004,1.7334312200546265,6.479558944702148,1.9680787324905396,6.823181867599487,4.1837122440338135,,,,,,
8789940000.0,132.57,8.100000381469727,6391222784.0,2403.5182828619795,5387.0,0.047607421875,88276992.0,184874.83420991898,0.0010067184921354055,0.00689697265625,2.059019088745117,-0.019760238006711006,0.4282764494419098,-0.020590191707015038,0.0008299583569169044,0.0,0.013429580256342888,0.9242797493934631,0.751500882516011,6.245845794677734,1.6025902032852173,6.259275436401367,1.8541340827941895,6.816673755645752,4.1989710330963135,,,,,,
8789940000.0,136.65,8.5,6391222784.0,2418.0396113935853,5388.0,0.052490234375,88293376.0,184881.60994672775,0.0009263071697205305,0.00299072265625,2.1007659435272217,-0.020440269261598587,0.37323832511901855,-0.021007660776376724,0.0005673859268426895,0.0,-0.0016884561628103256,0.8616665005683899,0.7839248172716096,6.271473407745361,1.6467362642288208,6.269784927368164,1.853688359260559,6.7757368087768555,4.191254615783691,,,,,,
8789940000.0,183.0,7.800000190734863,6391222784.0,2423.08725867408,5389.0,0.057373046875,88309760.0,184888.3715686798,0.0011592952068895102,0.00604248046875,2.0656256675720215,-0.020476151257753372,0.5615086555480957,-0.02065625600516796,0.0001801028847694397,0.0,-0.06849111616611481,1.0582706928253174,0.7405296713562899,6.485811710357666,1.7892385721206665,6.417320251464844,2.0775563716888428,6.761621952056885,4.198558807373047,,,,,,
8789940000.0,154.85,8.399999618530273,6391222784.0,2346.203090552043,5390.0,0.059814453125,88326144.0,184895.35476636887,0.0008824446704238653,0.00390625,2.0946969985961914,-0.0210077203810215,0.46411529183387756,-0.020946970209479332,-6.074830889701843e-05,0.0,0.03537054732441902,0.9619842171669006,0.7788139424207935,6.308132171630859,1.8004575967788696,6.343502998352051,2.0454509258270264,6.9831976890563965,4.183811187744141,,,,,,
8789940000.0,117.0,8.5,6391222784.0,2457.743680274583,5391.0,0.06591796875,88342528.0,184902.02104330063,0.0008862754912115633,0.00341796875,2.0639076232910156,-0.020513083785772324,0.4660693407058716,-0.020639076828956604,0.00012598931789398193,0.0,0.01569925993680954,0.9655064344406128,0.7580770551317491,6.318221569061279,1.750914454460144,6.333921432495117,1.9629848003387451,6.666276931762695,4.18722939491272,,,,,,
8789940000.0,108.63,8.600000381469727,6391222784.0,2413.1171733221263,5392.0,0.059814453125,88358912.0,184908.81060171127,0.0014632025267928839,0.007080078125,2.0573911666870117,-0.02010606974363327,0.4399385452270508,-0.02057391218841076,0.0004678415134549141,0.0,0.006554623134434223,0.9384722113609314,0.7757048635797288,6.289311408996582,1.728346824645996,6.295866012573242,1.9815802574157715,6.789558410644531,4.1877100467681885,,,,,,
8789940000.0,175.44,8.0,6391222784.0,2438.213480414454,5393.0,0.0628662109375,88375296.0,184915.5302758217,0.0013162255054339767,0.00970458984375,2.030667543411255,-0.020174933597445488,0.5440289974212646,-0.020306674763560295,0.0001317448914051056,0.0,-0.001085120253264904,1.04325532913208,0.7377082879008481,6.360058784484863,1.7234439849853516,6.358973503112793,2.0370330810546875,6.719674110412598,4.181297302246094,,,,,,
8789940000.0,120.94,8.600000381469727,6391222784.0,2381.2564285143767,5394.0,0.0665283203125,88391680.0,184922.4106771946,0.0011722635244950652,0.0081787109375,2.0304651260375977,-0.020155474543571472,0.4795525372028351,-0.02030465193092823,0.00014918064698576927,0.0,0.05019591003656387,0.9804970622062683,0.7683703595903564,6.527751445770264,1.781861662864685,6.57794713973999,2.0372731685638428,6.880401372909546,4.183011054992676,,,,,,
8789940000.0,121.13,7.900000095367432,6391222784.0,2408.7286350242184,5395.0,0.069580078125,88408064.0,184929.2126057148,0.0010370133677497506,0.00604248046875,2.0316169261932373,-0.020222853869199753,0.5952950716018677,-0.020316166803240776,9.331665933132172e-05,0.0,-0.02642049640417099,1.090511441230774,0.7368269825330495,6.485674858093262,1.8809814453125,6.459254264831543,2.125736951828003,6.801928520202637,4.182072162628174,,,,,,
8789940000.0,106.95,8.0,6391222784.0,2395.4161013065154,5396.0,0.0634765625,88424448.0,184936.05233597755,0.0020332741551101208,0.0169677734375,2.0231144428253174,-0.01988046243786812,0.5305936932563782,-0.02023114450275898,0.00035068392753601074,0.0,-0.054247066378593445,1.0267932415008545,0.752481606816465,6.423648834228516,1.8192414045333862,6.369401454925537,2.063854932785034,6.839730262756348,4.173516511917114,,,,,,
8789940000.0,113.16,8.600000381469727,6391222784.0,2412.2010823606206,5397.0,0.0616455078125,88440832.0,184942.84447288513,0.0021876420360058546,0.01934814453125,2.0523571968078613,-0.019603673368692398,0.38222193717956543,-0.020523572340607643,0.0009198971092700958,0.0,0.02167072519659996,0.8757081627845764,0.8097184224299052,6.237356662750244,1.7669082880020142,6.259027481079102,2.007526397705078,6.792136907577515,4.1708290576934814,,,,,,
8789940000.0,147.38,7.900000095367432,6391222784.0,2415.4336678797704,5398.0,0.054931640625,88457216.0,184949.62751984596,0.0022606346756219864,0.01898193359375,2.010542392730713,-0.019769348204135895,0.4947356879711151,-0.020105421543121338,0.0003360724076628685,0.0,-0.01998002454638481,0.994353175163269,0.746777434997369,6.147993087768555,1.7097049951553345,6.1280131340026855,1.9760111570358276,6.7830469608306885,4.170056581497192,,,,,,
8789940000.0,145.47,8.600000381469727,6391222784.0,2445.8550320148915,5399.0,0.069580078125,88473600.0,184956.32619976997,0.00233985623344779,0.0191650390625,1.9740684032440186,-0.018570920452475548,0.49268606305122375,-0.01974068209528923,0.001169765368103981,0.0,0.058915309607982635,0.9943007826805115,0.7646163297904198,6.412590026855469,1.8103175163269043,6.471505165100098,2.0494139194488525,6.6986799240112305,4.180325269699097,,,,,,
8789940000.0,126.47,7.599999904632568,6391222784.0,2396.8130213509116,5400.0,0.0604248046875,88489984.0,184963.1619436741,0.0031987763941287994,0.02496337890625,1.9630155563354492,-0.018567658960819244,0.5795559883117676,-0.019630152732133865,0.0010624919086694717,0.0,-0.05248983949422836,1.07707679271698,0.7348833027958062,6.241704940795898,1.7903950214385986,6.189215660095215,2.091839075088501,6.8357439041137695,4.195163726806641,,,,,,
8789940000.0,98.01,8.5,6391222784.0,2398.623752475781,5401.0,0.0677490234375,88506368.0,184969.99252724648,0.00336209824308753,0.03350830078125,1.9720768928527832,-0.017418047413229942,0.40330642461776733,-0.019720768555998802,0.0023027185816317797,0.0,-0.013995813205838203,0.8965628147125244,0.8181055739574283,6.321308612823486,1.8875846862792969,6.307312965393066,2.1021852493286133,6.830583572387695,4.164484739303589,,,,,,
8789940000.0,135.35,7.800000190734863,6391222784.0,2364.3035860483005,5402.0,0.057373046875,88522752.0,184976.92226338387,0.0021832669153809547,0.01873779296875,1.9659709930419922,-0.019202718511223793,0.5380102396011353,-0.019659709185361862,0.0004569878801703453,0.0,-0.036013856530189514,1.0352647304534912,0.7412341746722726,6.095385551452637,1.7405362129211426,6.0593719482421875,2.0351579189300537,6.929736137390137,4.1852028369903564,,,,,,
8789940000.0,135.15,8.399999618530273,6391222784.0,2394.3728164421914,5403.0,0.068359375,88539136.0,184983.76497387886,0.0027219608891755342,0.0242919921875,1.9652817249298096,-0.01912270300090313,0.463904470205307,-0.019652817398309708,0.0005301162600517273,0.0,0.024702105671167374,0.9631015062332153,0.7954498113444501,6.314491271972656,1.8659778833389282,6.339193820953369,2.1294727325439453,6.842710494995117,4.1990697383880615,,,,,,
8789940000.0,132.25,7.699999809265137,6391222784.0,2416.2685285202906,5404.0,0.06591796875,88555520.0,184990.54567718506,0.0025997089687734842,0.02142333984375,1.9532054662704468,-0.01898888126015663,0.5848022699356079,-0.019532054662704468,0.0005431734025478363,0.0,-0.026912715286016464,1.0829110145568848,0.7520518325084513,6.345614433288574,1.8984066247940063,6.318701267242432,2.1747639179229736,6.78070330619812,4.1974780559539795,,,,,,
8789940000.0,137.6,7.400000095367432,6391222784.0,2389.9635213389683,5405.0,0.05859375,88571904.0,184997.40101194382,0.001387922209687531,0.010009765625,1.983864426612854,-0.019113697111606598,0.5923465490341187,-0.019838646054267883,0.0007249508053064346,0.0,-0.0700671374797821,1.0836842060089111,0.7348886018147203,6.28813362121582,1.8039518594741821,6.218066692352295,2.1046929359436035,6.855334758758545,4.187007665634155,,,,,,
8789940000.0,135.82,8.399999618530273,6391222784.0,2400.1407661145604,5406.0,0.07568359375,88588288.0,185004.22727823257,0.0023906773421913385,0.0208740234375,1.986506700515747,-0.01963653415441513,0.49434125423431396,-0.019865065813064575,0.00022853165864944458,0.0,0.03568359836935997,0.9883477687835693,0.7950548714758443,6.557589530944824,1.9106214046478271,6.593273162841797,2.183187961578369,6.826266288757324,4.189679145812988,,,,,,
8789940000.0,93.56,8.699999809265137,6391222784.0,2351.872865381906,5407.0,0.072021484375,88604672.0,185011.19364118576,0.004782870411872864,0.04473876953125,1.9668971300125122,-0.01742241159081459,0.4988209009170532,-0.019668972119688988,0.0022465605288743973,0.0,0.037170521914958954,0.9965118765830994,0.775169039253154,6.399255752563477,1.8640111684799194,6.436426162719727,2.10162091255188,6.966362953186035,4.202291250228882,,,,,,
,,,,,,,,,,,,,,,,,,,,,,,,,,0.02756950445473194,0.5280086994171143,0.48335108160972595,0.02756950445473194,0.5280086994171143,0.48335108160972595
,,,,,,,,,,,,,,,,,,,,,,,,,,0.02523701824247837,0.47879984974861145,0.4558209776878357,0.02523701824247837,0.47879984974861145,0.4558209776878357
,,,,,,,,,,,,,,,,,,,,,,,,,,0.024005884304642677,0.45364487171173096,0.43433573842048645,0.024005884304642677,0.45364487171173096,0.43433573842048645
,,,,,,,,,,,,,,,,,,,,,,,,,,0.023634321987628937,0.4357653856277466,0.4182555079460144,0.023634321987628937,0.4357653856277466,0.4182555079460144
,,,,,,,,,,,,,,,,,,,,,,,,,,0.0237911194562912,0.41942620277404785,0.4034779965877533,0.0237911194562912,0.41942620277404785,0.4034779965877533
,,,,,,,,,,,,,,,,,,,,,,,,,,0.02367844618856907,0.405072957277298,0.39059922099113464,0.02367844618856907,0.405072957277298,0.39059922099113464
8789940000.0,102.88,8.600000381469727,6188634112.0,18.655781725683088,5408.0,0.0714111328125,88621056.0,185889.4200398922,0.0008317366009578109,0.00372314453125,2.004070520401001,-0.019842566922307014,0.5207553505897522,-0.02004070393741131,0.00019813980907201767,0.0,-0.011481386609375477,1.0215625762939453,0.768813073155477,6.576254844665527,1.8916133642196655,6.564773082733154,2.1246304512023926,878.2263987064362,4.1841747760772705,,,,,,
8789940000.0,112.45,8.199999809265137,6391222784.0,2401.612613231288,5409.0,0.0714111328125,88637440.0,185896.24212265015,0.001059001893736422,0.0050048828125,2.0119988918304443,-0.019916482269763947,0.515510618686676,-0.020119989290833473,0.0002035088837146759,0.0,0.04501085728406906,1.0164463520050049,0.7780478498658544,6.545914649963379,1.9159832000732422,6.590925216674805,2.1575191020965576,6.822082757949829,4.181568145751953,,,,,,
8789940000.0,127.47,7.599999904632568,6391222784.0,2414.5391477181115,5410.0,0.0634765625,88653824.0,185903.0276825428,0.0006383293075487018,0.0020751953125,2.0280702114105225,-0.020226487889885902,0.6336650252342224,-0.02028070017695427,5.420669913291931e-05,0.0,-0.06776630878448486,1.123857021331787,0.71784122941502,6.526782989501953,1.8867014646530151,6.4590163230896,2.1157500743865967,6.785559892654419,4.200002908706665,,,,,,
8789940000.0,125.35,8.699999809265137,6391222784.0,2394.6885437116225,5411.0,0.067138671875,88670208.0,185909.8694908619,0.0009695939952507615,0.00506591796875,2.0320138931274414,-0.021038800477981567,0.5168049335479736,-0.020320139825344086,-0.0007186590228229761,0.0,0.09547211229801178,1.009270191192627,0.7530273280942716,6.610031604766846,1.8405611515045166,6.705503463745117,2.0308725833892822,6.841808319091797,4.190007925033569,,,,,,
8789940000.0,129.2,8.399999618530273,6391222784.0,2375.598652687909,5412.0,0.0616455078125,88686592.0,185916.76627874374,0.0009375145309604704,0.00537109375,2.057668685913086,-0.02039692923426628,0.5163668394088745,-0.020576687529683113,0.00017975829541683197,0.0,-0.02751294896006584,1.0112214088439941,0.7365893115145555,6.618001937866211,1.7517222166061401,6.590489387512207,1.9702874422073364,6.896787881851196,4.187083959579468,,,,,,
8789940000.0,137.23,8.100000381469727,6391222784.0,2419.217745195852,5413.0,0.05126953125,88702976.0,185923.5387158394,0.0008183265454135835,0.00347900390625,2.099215030670166,-0.020974334329366684,0.4538467228412628,-0.020992152392864227,1.7818063497543335e-05,0.0,-0.016024218872189522,0.9515913128852844,0.7480360953191705,6.450204372406006,1.6675325632095337,6.43418025970459,1.8957518339157104,6.77243709564209,4.1912147998809814,,,,,,
8789940000.0,99.39,8.699999809265137,6391222784.0,2393.5158331999337,5414.0,0.067138671875,88719360.0,185930.3838763237,0.0013563103275373578,0.0084228515625,2.05519962310791,-0.02079422026872635,0.40543192625045776,-0.020551996305584908,-0.00024222396314144135,0.0,0.06075145676732063,0.898841381072998,0.7968496025844369,6.52281379699707,1.7640855312347412,6.5835652351379395,1.9942257404327393,6.845160484313965,4.181938171386719,,,,,,
8789940000.0,150.71,7.599999904632568,6391222784.0,2417.2987583811996,5415.0,0.0677490234375,88735744.0,185937.1616897583,0.000815069826785475,0.00347900390625,1.9950417280197144,-0.020131241530179977,0.6090624928474426,-0.019950415939092636,-0.00018082372844219208,0.0,-0.03616069629788399,1.103231430053711,0.7182477239173489,6.583697319030762,1.790549397468567,6.547536849975586,2.078418731689453,6.77781343460083,4.1709067821502686,,,,,,
8789940000.0,153.55,8.0,6391222784.0,2397.513932725219,5416.0,0.0592041015625,88752128.0,185943.99543523788,0.0007534369360655546,0.00421142578125,2.030350685119629,-0.01996535249054432,0.4733867049217224,-0.020303506404161453,0.00033815018832683563,0.0,-0.024031760171055794,0.9747458696365356,0.7662010203376124,6.517716884613037,1.765174388885498,6.493684768676758,2.0159037113189697,6.83374547958374,4.185580492019653,,,,,,
8789940000.0,118.13,8.5,6391222784.0,2391.556735921995,5417.0,0.0537109375,88768512.0,185950.84620308876,0.000884473673067987,0.004150390625,2.0467870235443115,-0.020663123577833176,0.3902153968811035,-0.020467868074774742,-0.00019525422248989344,0.0,0.022664792835712433,0.884435772895813,0.7775525916522414,6.443524360656738,1.6487610340118408,6.466188430786133,1.8752214908599854,6.8507678508758545,4.175358295440674,,,,,,
8789940000.0,142.02,8.0,6391222784.0,2382.1567590330255,5418.0,0.048828125,88784896.0,185957.72400403023,0.0009692824096418917,0.004150390625,2.051802158355713,-0.020184986293315887,0.4220382571220398,-0.020518021658062935,0.0003330353647470474,0.0,-0.046150319278240204,0.9181904196739197,0.7539826144701867,6.358558654785156,1.624475121498108,6.312408447265625,1.8511841297149658,6.877800941467285,4.193637132644653,,,,,,
8789940000.0,140.75,8.300000190734863,6391222784.0,2452.130694993797,5419.0,0.0555419921875,88801280.0,185964.4055402279,0.0008274113642983139,0.00506591796875,2.057927131652832,-0.02077479660511017,0.42102494835853577,-0.020579271018505096,-0.0001955237239599228,0.0,-0.01323335338383913,0.9159473180770874,0.7740002671539996,6.3165764808654785,1.677462100982666,6.303342819213867,1.9267098903656006,6.6815361976623535,4.172759294509888,,,,,,
8789940000.0,163.45,7.800000190734863,6391222784.0,2381.9722955656366,5420.0,0.0482177734375,88817664.0,185971.28387379646,0.0007471957942470908,0.0032958984375,2.044982433319092,-0.02006823569536209,0.42633166909217834,-0.020449824631214142,0.00038158800452947617,0.0,-0.07250232249498367,0.9216190576553345,0.7546309200582993,6.335310459136963,1.628842830657959,6.262808799743652,1.8605514764785767,6.878333568572998,4.198440790176392,,,,,,
8789940000.0,160.44,7.699999809265137,6391222784.0,2369.8849043803475,5421.0,0.0543212890625,88834048.0,185978.19728970528,0.0008427593857049942,0.002197265625,2.02231502532959,-0.01969258487224579,0.5046709179878235,-0.02022314816713333,0.000530565157532692,0.0,-0.049796395003795624,1.0060397386550903,0.7401323455801943,6.397165775299072,1.6805791854858398,6.347369194030762,1.973508596420288,6.913415908813477,4.180265426635742,,,,,,
8789940000.0,148.62,8.5,6391222784.0,2421.6610894738697,5422.0,0.0732421875,88850432.0,185984.96289372444,0.0009203542722389102,0.005126953125,1.9753004312515259,-0.019382838159799576,0.5191834568977356,-0.019753003492951393,0.00037016626447439194,0.0,0.07208214700222015,1.0155260562896729,0.7513572034039544,6.469003677368164,1.7898906469345093,6.541085720062256,2.036587715148926,6.765604019165039,4.192196846008301,,,,,,
8789940000.0,132.14,8.100000381469727,6391222784.0,2441.9657980043958,5423.0,0.05859375,88866816.0,185991.67224240303,0.0006439531571231782,0.00286865234375,1.998403787612915,-0.01983542926609516,0.5000863075256348,-0.019984038546681404,0.00014860834926366806,0.0,0.03167450428009033,1.000610589981079,0.7452238842698224,6.386189937591553,1.757219910621643,6.417863845825195,1.9823733568191528,6.709348678588867,4.175251722335815,,,,,,
8789940000.0,133.86,8.300000190734863,6391222784.0,2407.471202911325,5424.0,0.057373046875,88883200.0,185998.47772359848,0.001323013100773096,0.0072021484375,1.9755767583847046,-0.019669298082590103,0.5015871524810791,-0.019755767658352852,8.646957576274872e-05,0.0,0.02132350765168667,1.0017147064208984,0.7537961429687838,6.450122833251953,1.7791144847869873,6.471446514129639,2.018815040588379,6.805481195449829,4.168598651885986,,,,,,
8789940000.0,99.15,8.600000381469727,6391222784.0,2391.765329280759,5425.0,0.07568359375,88899584.0,186005.3278939724,0.0006468536448664963,0.001708984375,1.927965760231018,-0.019743580371141434,0.4803735315799713,-0.019279656931757927,-0.0004639197140932083,0.0,0.05675474554300308,0.981663703918457,0.7743763037610307,6.599515914916992,1.8731865882873535,6.656270503997803,2.0666663646698,6.850170373916626,4.190805196762085,,,,,,
8789940000.0,136.41,8.600000381469727,6391222784.0,2406.2855211171022,5426.0,0.0640869140625,88915968.0,186012.13672852516,0.0006535863503813744,0.00244140625,1.9610944986343384,-0.019277745857834816,0.4619378447532654,-0.019610945135354996,0.0003331985790282488,0.0,0.05587019771337509,0.9637351632118225,0.780817844153374,6.482660293579102,1.8312416076660156,6.5385308265686035,2.058520793914795,6.808834552764893,4.181782245635986,,,,,,
8789940000.0,126.03,8.5,6391222784.0,2379.796727242051,5427.0,0.0579833984375,88932352.0,186019.02135014534,0.0011038602096959949,0.00567626953125,1.9613510370254517,-0.01923232153058052,0.4499013423919678,-0.019613511860370636,0.00038119289092719555,0.0,0.02700861543416977,0.9486659169197083,0.7761895732605666,6.489332675933838,1.7976833581924438,6.516341209411621,2.0052711963653564,6.884621620178223,4.204169988632202,,,,,,
8789940000.0,121.9,8.199999809265137,6391222784.0,2445.9002131316443,5428.0,0.062255859375,88948736.0,186025.7199063301,0.0012960436288267374,0.008056640625,1.954500436782837,-0.019819404929876328,0.5057793259620667,-0.01954500563442707,-0.0002744002267718315,0.0,-0.026639673858880997,1.005311131477356,0.7740304541033524,6.589096546173096,1.8391985893249512,6.562457084655762,2.11483097076416,6.698556184768677,4.189118385314941,,,,,,
8789940000.0,90.47,8.5,6391222784.0,2436.3844862391093,5429.0,0.0811767578125,88965120.0,186032.44462490082,0.0007922826916910708,0.002685546875,1.9134011268615723,-0.019186215475201607,0.598796010017395,-0.019134007394313812,-5.220319144427776e-05,0.0,-0.01880507543683052,1.0911340713500977,0.7461004970135233,6.652251243591309,1.8645105361938477,6.633446216583252,2.1654460430145264,6.7247185707092285,4.193993330001831,,,,,,
8789940000.0,126.28,7.800000190734863,6391222784.0,2426.5211435922474,5430.0,0.0634765625,88981504.0,186039.19667816162,0.0014585497556254268,0.00970458984375,1.936862587928772,-0.01911342330276966,0.6247194409370422,-0.019368626177310944,0.00025520194321870804,0.0,-0.08027379959821701,1.117445468902588,0.7198478511882564,6.581061363220215,1.8294672966003418,6.500786781311035,2.1111979484558105,6.752053260803223,4.177299976348877,,,,,,
8789940000.0,123.39,8.600000381469727,6391222784.0,2446.5473829024268,5431.0,0.068359375,88997888.0,186045.8934624195,0.0008193409885279834,0.0042724609375,1.9564710855484009,-0.018799375742673874,0.5112943053245544,-0.019564710557460785,0.0007653345819562674,0.0,0.03828994929790497,1.0111198425292969,0.7633811402103826,6.626582145690918,1.7981654405593872,6.664872169494629,2.0786337852478027,6.696784257888794,4.18992018699646,,,,,,
8789940000.0,123.01,8.399999618530273,6391222784.0,2427.1016906135224,5432.0,0.0653076171875,89014272.0,186052.64390063286,0.0014349980046972632,0.00946044921875,1.9712754487991333,-0.01881888508796692,0.48624569177627563,-0.01971275545656681,0.0008938703685998917,0.0,0.0311944168061018,0.9817336201667786,0.7567353132115627,6.55138635635376,1.7569835186004639,6.58258056640625,1.9904619455337524,6.750438213348389,4.191652774810791,,,,,,
8789940000.0,97.75,8.699999809265137,6391222784.0,2405.4874352404563,5433.0,0.0714111328125,89030656.0,186059.45499420166,0.00092765421140939,0.00347900390625,1.9780699014663696,-0.019420571625232697,0.49934566020965576,-0.019780699163675308,0.0003601275384426117,0.0,0.02212653122842312,0.9967969655990601,0.7632361266853739,6.674757957458496,1.7990026473999023,6.6968841552734375,2.0485613346099854,6.81109356880188,4.201542377471924,,,,,,
8789940000.0,121.14,8.399999618530273,6391222784.0,2431.0475700058237,5434.0,0.069580078125,89047040.0,186066.1944756508,0.0008513025823049247,0.005126953125,1.9758751392364502,-0.019480768591165543,0.5252600908279419,-0.01975875161588192,0.0002779853530228138,0.0,-0.014739727601408958,1.0242571830749512,0.7579212173636174,6.705010414123535,1.821786880493164,6.69027042388916,2.081758499145508,6.739481449127197,4.183127403259277,,,,,,
8789940000.0,139.82,8.5,6391222784.0,2443.939983319058,5435.0,0.069580078125,89063424.0,186072.89840459824,0.000854727637488395,0.0064697265625,1.9652602672576904,-0.019328532740473747,0.5127389430999756,-0.019652603194117546,0.00032407371327281,0.0,0.029223255813121796,1.0113003253936768,0.7621860713069931,6.68049430847168,1.816444754600525,6.709717273712158,2.0737738609313965,6.7039289474487305,4.188208103179932,,,,,,
8789940000.0,126.61,7.900000095367432,6391222784.0,2428.0154103834843,5436.0,0.0616455078125,89079808.0,186079.64630246162,0.0008735134033486247,0.0047607421875,1.993753433227539,-0.019866205751895905,0.496140718460083,-0.019937533885240555,7.132673636078835e-05,0.0,-0.02809460647404194,0.9958292245864868,0.7748266635801659,6.556216239929199,1.8412262201309204,6.528121471405029,2.0985829830169678,6.7478978633880615,4.192689657211304,,,,,,
8789940000.0,131.12,8.100000381469727,6391222784.0,2402.019163309395,5437.0,0.059814453125,89096192.0,186086.4672305584,0.0010577901266515255,0.00836181640625,2.0085713863372803,-0.01980626955628395,0.4773794710636139,-0.020085714757442474,0.00027944333851337433,0.0,-0.039416585117578506,0.9738269448280334,0.7714367696669615,6.457067489624023,1.7761859893798828,6.417651176452637,2.03694224357605,6.82092809677124,4.185901641845703,,,,,,
8789940000.0,98.28,8.199999809265137,6391222784.0,2443.1479979810456,5438.0,0.069580078125,89112576.0,186093.1733326912,0.0012233734596520662,0.00799560546875,1.9814808368682861,-0.019246481359004974,0.5363137722015381,-0.019814807921648026,0.0005683246999979019,0.0,-0.01859898492693901,1.0296770334243774,0.7704034785957258,6.5728759765625,1.865997552871704,6.554277420043945,2.1489109992980957,6.706102132797241,4.201344013214111,,,,,,
8789940000.0,115.55,8.199999809265137,6391222784.0,2443.8568941614135,5439.0,0.0616455078125,89128960.0,186099.8774895668,0.0014872212195768952,0.01116943359375,2.011089563369751,-0.019248487427830696,0.4970535635948181,-0.02011089399456978,0.0008624065667390823,0.0,0.01681133359670639,0.9930606484413147,0.7703646373759176,6.4026689529418945,1.8163865804672241,6.419480323791504,2.0723185539245605,6.704156875610352,4.184696674346924,,,,,,
,,,,,,,,,,,,,,,,,,,,,,,,,,0.020153025165200233,0.5272179841995239,0.4859991669654846,0.020153025165200233,0.5272179841995239,0.4859991669654846
,,,,,,,,,,,,,,,,,,,,,,,,,,0.01899636723101139,0.4795665144920349,0.45977139472961426,0.01899636723101139,0.4795665144920349,0.45977139472961426
,,,,,,,,,,,,,,,,,,,,,,,,,,0.019231457263231277,0.4544197618961334,0.43783485889434814,0.019231457263231277,0.4544197618961334,0.43783485889434814
,,,,,,,,,,,,,,,,,,,,,,,,,,0.018935367465019226,0.4336335062980652,0.41862019896507263,0.018935367465019226,0.4336335062980652,0.41862019896507263
,,,,,,,,,,,,,,,,,,,,,,,,,,0.018780095502734184,0.4171382188796997,0.40559548139572144,0.018780095502734184,0.4171382188796997,0.40559548139572144
,,,,,,,,,,,,,,,,,,,,,,,,,,0.019014228135347366,0.40376177430152893,0.3912857174873352,0.019014228135347366,0.40376177430152893,0.3912857174873352
8789940000.0,140.29,8.600000381469727,6188634112.0,18.587716312165455,5440.0,0.0628662109375,89145344.0,186981.3198208809,0.000554964761249721,0.0018310546875,2.0120480060577393,-0.02008425071835518,0.475685179233551,-0.02012048102915287,3.6230310797691345e-05,0.0,-0.004712804686278105,0.9772294759750366,0.7623319741005783,6.505111217498779,1.7903690338134766,6.500398635864258,2.0045244693756104,881.4423313140869,4.188721418380737,,,,,,
8789940000.0,117.03,8.699999809265137,6391222784.0,2457.240199168129,5441.0,0.0677490234375,89161728.0,186987.9874637127,0.0006765977013856173,0.0020751953125,2.0218238830566406,-0.020029300823807716,0.5152665972709656,-0.02021823823451996,0.00018893834203481674,0.0,0.02732635661959648,1.015440821647644,0.7546678518440305,6.6561384201049805,1.8117817640304565,6.683465003967285,2.050111770629883,6.667642831802368,4.186647415161133,,,,,,
8789940000.0,133.33,8.0,6391222784.0,2438.848538722179,5442.0,0.05615234375,89178112.0,186994.70538806915,0.001204879954457283,0.00469970703125,2.0513665676116943,-0.020868411287665367,0.4840487837791443,-0.020513664931058884,-0.00035474542528390884,0.0,-0.06923035532236099,0.9810366034507751,0.759524322876509,6.530308723449707,1.7732007503509521,6.461078643798828,2.0005502700805664,6.717924356460571,4.185572385787964,,,,,,
8789940000.0,113.16,8.699999809265137,6391222784.0,2421.569950991731,5443.0,0.0653076171875,89194496.0,187001.47124671936,0.0009497305145487189,0.0047607421875,2.0445640087127686,-0.020365381613373756,0.4545601010322571,-0.02044563926756382,8.025392889976501e-05,0.0,0.024911444634199142,0.9528845548629761,0.7727128012088662,6.610424995422363,1.7772908210754395,6.635336399078369,1.9987238645553589,6.7658586502075195,4.20182466506958,,,,,,
8789940000.0,129.79,7.800000190734863,6391222784.0,2414.448798995818,5444.0,0.0714111328125,89210880.0,187008.2570605278,0.0006382492138072848,0.0030517578125,1.9976708889007568,-0.020233770832419395,0.7188602089881897,-0.01997671090066433,-0.0002570599317550659,0.0,-0.08476190268993378,1.1978182792663574,0.7067172527357819,6.685043811798096,1.9206295013427734,6.600281715393066,2.2118093967437744,6.785813808441162,4.20466685295105,,,,,,
8789940000.0,127.88,8.199999809265137,6391222784.0,2401.1813656284903,5445.0,0.07080078125,89227264.0,187015.08036851883,0.0007048036204650998,0.00341796875,2.002751350402832,-0.019984159618616104,0.5054685473442078,-0.020027512684464455,4.335399717092514e-05,0.0,0.06421676278114319,1.00497567653656,0.7720651392435564,6.435674667358398,1.8170987367630005,6.49989128112793,2.1049904823303223,6.823307991027832,4.189511299133301,,,,,,
8789940000.0,117.54,7.599999904632568,6391222784.0,2398.415384206768,5446.0,0.06591796875,89243648.0,187021.91154551506,0.0007399603491649032,0.00360107421875,1.9867913722991943,-0.019857250154018402,0.6110026240348816,-0.01986791379749775,1.0663643479347229e-05,0.0,-0.08660712838172913,1.1018357276916504,0.7499191516988413,6.525540828704834,1.8864895105361938,6.438933849334717,2.203315258026123,6.831176996231079,4.197011232376099,,,,,,
8789940000.0,95.72,8.300000190734863,6391222784.0,2443.7183668525713,5447.0,0.074462890625,89260032.0,187028.6160824299,0.0007001231424510479,0.0035400390625,1.9618338346481323,-0.019393621012568474,0.5804808139801025,-0.019618339836597443,0.00022471928969025612,0.0,-0.015282366424798965,1.0768376588821411,0.758503092323813,6.579497814178467,1.898817777633667,6.564215660095215,2.1912636756896973,6.7045369148254395,4.172826051712036,,,,,,
8789940000.0,125.21,7.699999809265137,6391222784.0,2415.408792281487,5448.0,0.0738525390625,89276416.0,187035.39919924736,0.0006346074515022337,0.0023193359375,1.9723827838897705,-0.02013111487030983,0.6584978103637695,-0.01972382515668869,-0.0004072883166372776,0.0,-0.07501058280467987,1.1455610990524292,0.734749326590746,6.5444135665893555,1.9260505437850952,6.46940279006958,2.224282741546631,6.783116817474365,4.1710364818573,,,,,,
8789940000.0,79.33,9.0,6391222784.0,2429.166191758468,5449.0,0.0732421875,89292800.0,187042.14390039444,0.000802724389359355,0.00408935546875,1.9633734226226807,-0.019703306257724762,0.49835821986198425,-0.019633734598755836,-6.95704948157072e-05,0.0,0.12291473150253296,0.9955315589904785,0.7702512878592965,6.437982559204102,1.8246543407440186,6.5608978271484375,2.0769615173339844,6.744701147079468,4.173773765563965,,,,,,
8789940000.0,102.34,8.399999618530273,6391222784.0,2428.826285359714,5450.0,0.067138671875,89309184.0,187048.88954544067,0.0010929170530289412,0.005615234375,2.0171399116516113,-0.019641423597931862,0.44002586603164673,-0.020171398296952248,0.0005299742333590984,0.0,-0.00845296960324049,0.9383834004402161,0.8081861154754615,6.457756042480469,1.8978331089019775,6.449303150177002,2.1425955295562744,6.745645046234131,4.165748357772827,,,,,,
8789940000.0,148.03,8.300000190734863,6391222784.0,2399.858715134776,5451.0,0.0567626953125,89325568.0,187055.71661400795,0.0010330649092793465,0.005615234375,2.0225582122802734,-0.01977105811238289,0.44651421904563904,-0.020225580781698227,0.00045451894402503967,0.0,-0.017103780061006546,0.9437173008918762,0.7725132315891803,6.304104804992676,1.7687201499938965,6.28700065612793,1.9786264896392822,6.827068567276001,4.173275947570801,,,,,,
8789940000.0,179.36,8.199999809265137,6391222784.0,2432.3781422542165,5452.0,0.0640869140625,89341952.0,187062.4524087906,0.0007895516464486718,0.0032958984375,2.0261447429656982,-0.01975369080901146,0.49135351181030273,-0.020261449739336967,0.0005077579990029335,0.0,-0.018682163208723068,0.9917810559272766,0.775818206625464,6.386061191558838,1.8562101125717163,6.367379188537598,2.0946710109710693,6.73579478263855,4.174606084823608,,,,,,
8789940000.0,109.64,8.300000190734863,6391222784.0,2466.3739273865563,5453.0,0.0640869140625,89358336.0,187069.0953593254,0.0010139021323993802,0.003662109375,1.9854170083999634,-0.0201144739985466,0.5062523484230042,-0.019854173064231873,-0.0002603009343147278,0.0,-0.004362060688436031,1.0066254138946533,0.766399407905233,6.516268730163574,1.8483041524887085,6.511906623840332,2.0827200412750244,6.642950534820557,4.1752142906188965,,,,,,
8789940000.0,118.38,8.600000381469727,6391222784.0,2441.0260293077386,5454.0,0.068359375,89374720.0,187075.80729103088,0.001967748161405325,0.0167236328125,2.065188407897949,-0.019758988171815872,0.45104092359542847,-0.020651882514357567,0.0008928906754590571,0.0,-0.008404800668358803,0.9494448900222778,0.7864591790262546,6.48292350769043,1.8339056968688965,6.474518775939941,2.0546092987060547,6.7119317054748535,4.199386835098267,,,,,,
8789940000.0,136.44,8.699999809265137,6391222784.0,2435.264224671987,5455.0,0.062255859375,89391104.0,187082.53510308266,0.0007385492790490389,0.00347900390625,2.057368040084839,-0.019818725064396858,0.39235323667526245,-0.020573675632476807,0.000754951499402523,0.0,0.031297799199819565,0.8845707178115845,0.7906733747806719,6.357538223266602,1.7444453239440918,6.388835906982422,1.9333946704864502,6.727812051773071,4.195512771606445,,,,,,
8789940000.0,146.09,7.300000190734863,6391222784.0,2407.1106118132234,5456.0,0.0518798828125,89407488.0,187089.34160375595,0.0012525632046163082,0.00860595703125,2.06943678855896,-0.020508315414190292,0.5649778246879578,-0.020694367587566376,0.00018605031073093414,0.0,-0.1058281734585762,1.0616782903671265,0.6975867853601723,6.315985679626465,1.6984862089157104,6.21015739440918,1.9306012392044067,6.806500673294067,4.203479766845703,,,,,,
8789940000.0,175.45,6.900000095367432,6391222784.0,2330.0469792179047,5457.0,0.047607421875,89423872.0,187096.37322163582,0.0010076414328068495,0.00439453125,2.071258068084717,-0.020542219281196594,0.518651008605957,-0.020712582394480705,0.00017035938799381256,0.0,-0.11075194180011749,1.0123207569122314,0.7285302858421356,6.121542453765869,1.615320086479187,6.010790824890137,1.94293212890625,7.031617879867554,4.195149898529053,,,,,,
8789940000.0,129.67,8.300000190734863,6391222784.0,2386.1767069670395,5458.0,0.0494384765625,89440256.0,187103.23943567276,0.0017241761088371277,0.0128173828125,2.0640220642089844,-0.020842647179961205,0.4270630478858948,-0.020640220493078232,-0.00020242482423782349,0.0,0.032893091440200806,0.9262049794197083,0.7575576277934728,5.966958045959473,1.6248987913131714,5.999851226806641,1.8810603618621826,6.866214036941528,4.179269075393677,,,,,,
8789940000.0,156.9,8.199999809265137,6391222784.0,2385.1191014057836,5459.0,0.059814453125,89456640.0,187110.10869431496,0.0016265243757516146,0.0126953125,2.0457286834716797,-0.020561767742037773,0.44113004207611084,-0.02045728638768196,-0.00010448525426909328,0.0,0.0226129200309515,0.9404079914093018,0.803250742346652,6.0607171058654785,1.8592473268508911,6.083330154418945,2.120116710662842,6.869258642196655,4.191208839416504,,,,,,
8789940000.0,139.11,7.900000095367432,6391222784.0,2378.689765886269,5460.0,0.0579833984375,89473024.0,187116.996519804,0.0013487115502357483,0.01068115234375,2.0483617782592773,-0.02027496136724949,0.46703553199768066,-0.02048361673951149,0.0002086590975522995,0.0,-0.04277799278497696,0.9681318402290344,0.7957361950412736,6.194665431976318,1.8980740308761597,6.151886940002441,2.1420955657958984,6.8878254890441895,4.18133807182312,,,,,,
8789940000.0,156.6,8.600000381469727,6391222784.0,2394.6482387928513,5461.0,0.05859375,89489408.0,187123.83844327927,0.001398988999426365,0.00970458984375,2.0167574882507324,-0.02023991383612156,0.43429404497146606,-0.020167576149106026,-7.233954966068268e-05,0.0,0.09594278037548065,0.9295993447303772,0.7945798401207603,6.157803535461426,1.826812505722046,6.253746509552002,2.051039934158325,6.841923475265503,4.196786165237427,,,,,,
8789940000.0,114.15,8.800000190734863,6391222784.0,2445.133579105762,5462.0,0.067138671875,89505792.0,187130.5390996933,0.0011311803245916963,0.00775146484375,1.9913945198059082,-0.019673943519592285,0.4512704610824585,-0.019913943484425545,0.00023999810218811035,0.0,0.04319966584444046,0.9490090012550354,0.7934029792599153,6.426325798034668,1.8541871309280396,6.469525337219238,2.0878937244415283,6.700656414031982,4.200604677200317,,,,,,
8789940000.0,130.62,7.699999809265137,6391222784.0,2403.3075504825206,5463.0,0.0604248046875,89522176.0,187137.35637116432,0.0017990039195865393,0.01373291015625,1.9523009061813354,-0.018787620589137077,0.565746009349823,-0.019523009657859802,0.0007353881374001503,0.0,0.0086177047342062,1.0644198656082153,0.7432930748009858,6.3447418212890625,1.8168413639068604,6.353359222412109,2.100846290588379,6.81727147102356,4.190731048583984,,,,,,
8789940000.0,140.69,8.5,6391222784.0,2415.905892014653,5464.0,0.076904296875,89538560.0,187144.13809227943,0.001148731098510325,0.0050048828125,1.919487476348877,-0.019248265773057938,0.5771564245223999,-0.019194873049855232,-5.339086055755615e-05,0.0,0.03729506954550743,1.0726531744003296,0.7275249535312728,6.708425045013428,1.8224157094955444,6.745719909667969,2.0549237728118896,6.781721115112305,4.201336622238159,,,,,,
8789940000.0,115.8,8.0,6391222784.0,2451.262828599064,5465.0,0.0634765625,89554944.0,187150.82199406624,0.001659412169829011,0.01129150390625,1.9856740236282349,-0.02038881555199623,0.5186753273010254,-0.019856741651892662,-0.0005320720374584198,0.0,-0.05323705077171326,1.0174667835235596,0.7554931368292717,6.400487899780273,1.7988511323928833,6.347250461578369,2.057663679122925,6.683901786804199,4.20519495010376,,,,,,
8789940000.0,139.78,8.199999809265137,6391222784.0,2436.2769482307413,5466.0,0.052490234375,89571328.0,187157.54700946808,0.0015331406611949205,0.01019287109375,1.9716756343841553,-0.019639726728200912,0.46325406432151794,-0.01971675455570221,7.702875882387161e-05,0.0,0.040321264415979385,0.9634671807289124,0.7463235105919024,6.280031204223633,1.6856409311294556,6.320352554321289,1.9129202365875244,6.72501540184021,4.180845022201538,,,,,,
8789940000.0,128.18,9.0,6391222784.0,2412.57200902952,5467.0,0.059814453125,89587712.0,187164.33810210228,0.0011995902750641108,0.00604248046875,2.0121846199035645,-0.01967810094356537,0.35154563188552856,-0.020121844485402107,0.0004437444731593132,0.0,0.07249273359775543,0.8393446803092957,0.8071018508788796,6.315979480743408,1.7240958213806152,6.388472557067871,1.9110689163208008,6.79109263420105,4.176762104034424,,,,,,
8789940000.0,126.12,8.699999809265137,6391222784.0,2397.6233459953837,5468.0,0.064697265625,89604096.0,187171.17153573036,0.0010972132440656424,0.00494384765625,2.0254721641540527,-0.01858670823276043,0.39130157232284546,-0.020254720002412796,0.0016680089756846428,0.0,-0.018045498058199883,0.8859132528305054,0.8131610287819513,6.549454212188721,1.8622742891311646,6.531408309936523,2.0495424270629883,6.833433628082275,4.187189817428589,,,,,,
8789940000.0,126.13,8.0,6391222784.0,2394.7319376874298,5469.0,0.0537109375,89620480.0,187178.0132200718,0.002251566620543599,0.0172119140625,2.0090084075927734,-0.019527317956089973,0.5246139764785767,-0.02009008266031742,0.0005627665668725967,0.0,-0.06478892266750336,1.0239092111587524,0.7382725836558386,6.304322242736816,1.7564574480056763,6.2395339012146,2.0014142990112305,6.841684341430664,4.17246150970459,,,,,,
8789940000.0,158.45,7.900000095367432,6391222784.0,2411.010822791425,5470.0,0.050048828125,89636864.0,187184.80871009827,0.0015935441479086876,0.0118408203125,2.032268524169922,-0.019430063664913177,0.43103551864624023,-0.020322686061263084,0.0008926233276724815,0.0,-0.04329356923699379,0.9261881709098816,0.7732197528894296,6.20130729675293,1.6973295211791992,6.158013343811035,1.94489586353302,6.795490026473999,4.191723108291626,,,,,,
8789940000.0,162.04,7.800000190734863,6391222784.0,2441.5165548660057,5471.0,0.0518798828125,89653248.0,187191.51929330826,0.0008745494997128844,0.00518798828125,2.0148191452026367,-0.020543603226542473,0.5012186765670776,-0.02014819346368313,-0.0003954097628593445,0.0,0.013862880878150463,1.0021611452102661,0.7514375288102438,6.304784774780273,1.7368054389953613,6.318647384643555,2.0101096630096436,6.710583209991455,4.192490100860596,,,,,,
,,,,,,,,,,,,,,,,,,,,,,,,,,0.02201479859650135,0.5254874229431152,0.4857501983642578,0.02201479859650135,0.5254874229431152,0.4857501983642578
,,,,,,,,,,,,,,,,,,,,,,,,,,0.02102554403245449,0.4815136194229126,0.45659247040748596,0.02102554403245449,0.4815136194229126,0.45659247040748596
,,,,,,,,,,,,,,,,,,,,,,,,,,0.019207358360290527,0.45765718817710876,0.43478915095329285,0.019207358360290527,0.45765718817710876,0.43478915095329285
,,,,,,,,,,,,,,,,,,,,,,,,,,0.01952238939702511,0.4383484721183777,0.4195912182331085,0.01952238939702511,0.4383484721183777,0.4195912182331085
,,,,,,,,,,,,,,,,,,,,,,,,,,0.020096102729439735,0.42622312903404236,0.40547865629196167,0.020096102729439735,0.42622312903404236,0.40547865629196167
,,,,,,,,,,,,,,,,,,,,,,,,,,0.020098743960261345,0.41109949350357056,0.393002450466156,0.020098743960261345,0.41109949350357056,0.393002450466156
8789940000.0,136.99,8.199999809265137,6188634112.0,18.595067129488207,5472.0,0.0732421875,89669632.0,188072.61318159103,0.0007865533698350191,0.00189208984375,2.020205020904541,-0.020207367837429047,0.5547123551368713,-0.020202048122882843,-5.317851901054382e-06,0.0,0.02226281724870205,1.0530345439910889,0.734784358777782,6.696311950683594,1.8085919618606567,6.718574523925781,2.044762372970581,881.0938882827759,4.2070794105529785,,,,,,
8789940000.0,137.99,7.800000190734863,6391222784.0,2403.8578692121355,5473.0,0.0628662109375,89686016.0,188079.42889237404,0.0008613354293629527,0.0032958984375,2.0211703777313232,-0.019387854263186455,0.5806470513343811,-0.020211704075336456,0.0008238484151661396,0.0,-0.0675603598356247,1.0748227834701538,0.7312953002022922,6.679089069366455,1.7989779710769653,6.611528396606445,2.0734755992889404,6.815710783004761,4.183838844299316,,,,,,
8789940000.0,151.23,8.0,6391222784.0,2403.153412264282,5474.0,0.0555419921875,89702400.0,188086.24660110474,0.0012309912126511335,0.00482177734375,2.0277440547943115,-0.02018260955810547,0.4909968078136444,-0.020277440547943115,9.483215399086475e-05,0.0,0.01986290141940117,0.9901313185691833,0.753049535233475,6.265896797180176,1.752136468887329,6.285759925842285,1.9924511909484863,6.817708730697632,4.185930490493774,,,,,,
8789940000.0,114.54,9.0,6391222784.0,2390.75707684443,5475.0,0.0799560546875,89718784.0,188093.09966039658,0.0009326543076895177,0.003662109375,1.9959075450897217,-0.020433275029063225,0.4556014835834503,-0.01995907351374626,-0.00047419918701052666,0.0,0.1158134788274765,0.9546422958374023,0.794196131287053,6.598993301391602,1.9039489030838013,6.71480655670166,2.104330539703369,6.8530592918396,4.186328172683716,,,,,,
8789940000.0,111.59,7.900000095367432,6391222784.0,2436.715538314346,5476.0,0.074462890625,89735168.0,188099.8234653473,0.0006948653026483953,0.0018310546875,1.993126630783081,-0.019453655928373337,0.6464278697967529,-0.019931266084313393,0.00047760969027876854,0.0,-0.04616442695260048,1.1383676528930664,0.7226156915477293,6.730493068695068,1.8940786123275757,6.684329032897949,2.1614327430725098,6.723804950714111,4.191460609436035,,,,,,
8789940000.0,110.89,7.699999809265137,6391222784.0,2423.520343019612,5477.0,0.0799560546875,89751552.0,188106.583878994,0.0005924645811319351,0.00201416015625,1.9774682521820068,-0.019385691732168198,0.5917000770568848,-0.019774682819843292,0.00038898689672350883,0.0,-0.021196231245994568,1.0849096775054932,0.7490380625899682,6.688302516937256,1.8631495237350464,6.667106628417969,2.1656575202941895,6.760413646697998,4.197229862213135,,,,,,
8789940000.0,82.07,8.300000190734863,6391222784.0,2443.4666419283935,5478.0,0.08544921875,89767936.0,188113.28910660744,0.0008368133567273617,0.00262451171875,1.9392560720443726,-0.019872305914759636,0.6693920493125916,-0.019392559304833412,-0.0004797447472810745,0.0,-0.020426539704203606,1.1603630781173706,0.7239688057951343,6.872344970703125,1.8576198816299438,6.851919174194336,2.208590507507324,6.705227613449097,4.195945739746094,,,,,,
8789940000.0,98.02,8.600000381469727,6391222784.0,2429.291738206471,5479.0,0.086669921875,89784320.0,188120.03345918655,0.001240185578353703,0.00469970703125,1.9495543241500854,-0.019044354557991028,0.5837762951850891,-0.019495543092489243,0.0004511876031756401,0.0,0.03958604484796524,1.068922996520996,0.7413859076608706,6.843478202819824,1.8443540334701538,6.883063793182373,2.101940155029297,6.744352579116821,4.169040203094482,,,,,,
8789940000.0,117.77,8.699999809265137,6391222784.0,2442.594217462492,5480.0,0.07568359375,89800704.0,188126.74108171463,0.0008208566578105092,0.003662109375,1.9779826402664185,-0.01955942064523697,0.5703446269035339,-0.019779827445745468,0.00022040493786334991,0.0,0.0776280015707016,1.0700364112854004,0.7039308754047746,6.838334560394287,1.7636244297027588,6.915962219238281,1.966535210609436,6.707622528076172,4.17564845085144,,,,,,
8789940000.0,102.57,8.600000381469727,6391222784.0,2433.0055986108537,5481.0,0.0701904296875,89817088.0,188133.4751393795,0.0007304750615730882,0.00311279296875,2.012967586517334,-0.019661834463477135,0.576869010925293,-0.020129675045609474,0.0004678424447774887,0.0,-0.005076208151876926,1.0728152990341187,0.7248977707069926,6.884392738342285,1.8130402565002441,6.879316329956055,2.0453994274139404,6.734057664871216,4.1858556270599365,,,,,,
8789940000.0,133.71,8.300000190734863,6391222784.0,2377.386671567239,5482.0,0.072021484375,89833472.0,188140.36674022675,0.0019001314649358392,0.0152587890625,2.0207364559173584,-0.02027016133069992,0.5134311318397522,-0.020207364112138748,-6.279721856117249e-05,0.0,-0.016794808208942413,1.0107399225234985,0.7569614483171079,6.694995880126953,1.7815656661987305,6.678200721740723,2.0502262115478516,6.891600847244263,4.17417573928833,,,,,,
8789940000.0,110.99,8.399999618530273,6391222784.0,2376.7372625955322,5483.0,0.062255859375,89849856.0,188147.26022410393,0.0013295473763719201,0.00872802734375,2.0498299598693848,-0.01976856216788292,0.4379938542842865,-0.020498299971222878,0.0007297410629689693,0.0,0.006905543617904186,0.9391881823539734,0.7830351130478578,6.515516757965088,1.7721443176269531,6.5224223136901855,2.016312599182129,6.893483877182007,4.2032904624938965,,,,,,
8789940000.0,139.16,8.100000381469727,6391222784.0,2391.2253587343807,5484.0,0.0714111328125,89866240.0,188154.1119413376,0.0007488158880732954,0.00341796875,2.0160911083221436,-0.020010724663734436,0.5166351199150085,-0.020160909742116928,0.00015018414705991745,0.0,0.01841704733669758,1.0175414085388184,0.762113141689067,6.50907039642334,1.7985066175460815,6.527487277984619,2.086251974105835,6.851717233657837,4.18020486831665,,,,,,
8789940000.0,131.61,8.5,6391222784.0,2420.569073923094,5485.0,0.0677490234375,89882624.0,188160.8805975914,0.0008476898656226695,0.00433349609375,2.012098789215088,-0.019419273361563683,0.4821414649486542,-0.02012098766863346,0.0007017115131020546,0.0,0.06888298690319061,0.9803176522254944,0.778982803522214,6.55172061920166,1.8338812589645386,6.620604038238525,2.085228681564331,6.768656253814697,4.1823344230651855,,,,,,
8789940000.0,139.44,8.300000190734863,6391222784.0,2461.109526045502,5486.0,0.0830078125,89899008.0,188167.53775763512,0.0013761069858446717,0.01123046875,1.991172432899475,-0.020226648077368736,0.6047065258026123,-0.01991172507405281,-0.0003149230033159256,0.0,-0.014399653300642967,1.0998538732528687,0.7418546035710689,6.946699142456055,1.9063867330551147,6.932300090789795,2.1647257804870605,6.657160043716431,4.196861505508423,,,,,,
8789940000.0,88.1,8.399999618530273,6391222784.0,2480.424967890849,5487.0,0.0848388671875,89915392.0,188174.1430773735,0.000689009262714535,0.00335693359375,1.973586916923523,-0.019542671740055084,0.5673277378082275,-0.01973586715757847,0.0001932010054588318,0.0,0.03243708238005638,1.0582218170166016,0.7579156499804042,6.819889068603516,1.8618743419647217,6.852325916290283,2.1507654190063477,6.6053197383880615,4.20059061050415,,,,,,
8789940000.0,102.81,8.300000190734863,6391222784.0,2418.013576025114,5488.0,0.0701904296875,89931776.0,188180.91888713837,0.0011237617582082748,0.0057373046875,2.049436330795288,-0.01994168572127819,0.5267931818962097,-0.020494364202022552,0.0005526803433895111,0.0,-0.06326615810394287,1.0272325277328491,0.7551575981376539,6.689122200012207,1.8307316303253174,6.625856399536133,2.0759925842285156,6.7758097648620605,4.179748773574829,,,,,,
8789940000.0,115.49,8.300000190734863,6391222784.0,2434.895605571687,5489.0,0.068359375,89948160.0,188187.6477177143,0.0007929370040073991,0.00244140625,2.0647308826446533,-0.020141972228884697,0.46440303325653076,-0.020647307857871056,0.0005053356289863586,0.0,-0.004077055025845766,0.9649608135223389,0.7755335309114002,6.645600318908691,1.8150798082351685,6.641523361206055,2.0367326736450195,6.728830575942993,4.171253442764282,,,,,,
8789940000.0,123.09,8.0,6391222784.0,2430.312219905887,5490.0,0.0689697265625,89964544.0,188194.38923835754,0.001272460212931037,0.00634765625,2.0378880500793457,-0.020033644512295723,0.5884109735488892,-0.020378880202770233,0.0003452356904745102,0.0,-0.07594890892505646,1.0822123289108276,0.7549957555106763,6.763480186462402,1.866775393486023,6.687530994415283,2.186380624771118,6.741520643234253,4.198639869689941,,,,,,
8789940000.0,145.64,8.399999618530273,6391222784.0,2374.3648987141846,5491.0,0.0750732421875,89980928.0,188201.28960990906,0.0011967530008405447,0.0081787109375,2.0316619873046875,-0.020683351904153824,0.5130267143249512,-0.02031661942601204,-0.00036673247814178467,0.0,0.010480346158146858,1.0134789943695068,0.767976987138377,6.829361915588379,1.8363734483718872,6.839841842651367,2.1040151119232178,6.900371551513672,4.18143367767334,,,,,,
8789940000.0,115.57,8.600000381469727,6391222784.0,2422.0354436147477,5492.0,0.0799560546875,89997312.0,188208.05416822433,0.0009980954928323627,0.00628662109375,2.008284091949463,-0.019768785685300827,0.5801829695701599,-0.020082838833332062,0.00031405314803123474,0.0,0.032853998243808746,1.0751378536224365,0.7512604161792089,6.794666767120361,1.888124704360962,6.827521324157715,2.155717611312866,6.7645583152771,4.20181679725647,,,,,,
8789940000.0,96.23,8.699999809265137,6391222784.0,2447.356042444144,5493.0,0.076904296875,90013696.0,188214.7487397194,0.0007748705102130771,0.003662109375,2.0173885822296143,-0.020212456583976746,0.49527281522750854,-0.02017388679087162,-3.857281990349293e-05,0.0,0.05326000973582268,0.9933387041091919,0.7609706439573432,6.752749443054199,1.8175718784332275,6.806009292602539,2.0317554473876953,6.694571495056152,4.1906418800354,,,,,,
8789940000.0,82.35,8.5,6391222784.0,2416.1393973971667,5494.0,0.07080078125,90030080.0,188221.52980542183,0.0005421924870461226,0.00238037109375,2.0365147590637207,-0.019864432513713837,0.5251786708831787,-0.020365146920084953,0.0005007162690162659,0.0,-0.0020535611547529697,1.0256667137145996,0.7444690597863108,6.758766174316406,1.7979000806808472,6.756712913513184,2.0290110111236572,6.7810657024383545,4.177429437637329,,,,,,
8789940000.0,137.12,7.800000190734863,6391222784.0,2390.3554938575708,5495.0,0.0811767578125,90046464.0,188228.384016037,0.0009371313499286771,0.00616455078125,2.0064353942871094,-0.020083893090486526,0.6089719533920288,-0.020064353942871094,-1.9538216292858124e-05,0.0,-0.04842928797006607,1.1033072471618652,0.7419004933612754,6.910601615905762,1.861433982849121,6.8621721267700195,2.1717145442962646,6.854210615158081,4.175835371017456,,,,,,
8789940000.0,95.79,8.199999809265137,6391222784.0,2406.410483177077,5496.0,0.0848388671875,90062848.0,188235.192497015,0.0007604770362377167,0.00384521484375,1.9952527284622192,-0.018929582089185715,0.578784167766571,-0.019952526316046715,0.0010229505132883787,0.0,0.04368889331817627,1.0774606466293335,0.7494181020163848,6.861907958984375,1.857031226158142,6.905596733093262,2.1524171829223633,6.808480978012085,4.173861742019653,,,,,,
8789940000.0,112.58,8.800000190734863,6391222784.0,2429.0118956037236,5497.0,0.0799560546875,90079232.0,188241.93762660027,0.0006287789437919855,0.00201416015625,2.067517042160034,-0.02041364274919033,0.4470368027687073,-0.020675167441368103,0.0002615246921777725,0.0,0.062411144375801086,0.9408117532730103,0.794239635206277,6.7168049812316895,1.873215675354004,6.779216289520264,2.0740630626678467,6.745129585266113,4.199129819869995,,,,,,
8789940000.0,119.82,8.0,6391222784.0,2429.628338846355,5498.0,0.0640869140625,90095616.0,188248.68104481697,0.0008311950950883329,0.00384521484375,2.0552492141723633,-0.020904775708913803,0.546388566493988,-0.020552493631839752,-0.0003522863844409585,0.0,-0.043676599860191345,1.0416829586029053,0.7503042560342107,6.881739616394043,1.8256562948226929,6.8380632400512695,2.0846352577209473,6.743418216705322,4.174492597579956,,,,,,
8789940000.0,117.79,8.300000190734863,6391222784.0,2405.5467996532516,5499.0,0.0677490234375,90112000.0,188255.49197030067,0.0008968315669335425,0.00390625,2.02681565284729,-0.019998053088784218,0.543950617313385,-0.020268157124519348,0.00027010124176740646,0.0,-0.012488986365497112,1.043004035949707,0.7374596347524667,6.8617167472839355,1.7667346000671387,6.8492279052734375,2.0355794429779053,6.810925483703613,4.17569899559021,,,,,,
8789940000.0,111.82,8.800000190734863,6391222784.0,2380.5815652623114,5500.0,0.0885009765625,90128384.0,188262.37432217598,0.0010808672523126006,0.00714111328125,1.9864435195922852,-0.019465291872620583,0.5496523976325989,-0.019864434376358986,0.0003991425037384033,0.0,0.04795195907354355,1.0495526790618896,0.7416646451756571,7.10117244720459,1.8514857292175293,7.149125099182129,2.0649640560150146,6.882351875305176,4.178498029708862,,,,,,
8789940000.0,92.85,8.800000190734863,6391222784.0,2416.361392523949,5501.0,0.091552734375,90144768.0,188269.15476489067,0.0007367294165305793,0.00299072265625,1.9336992502212524,-0.01926148310303688,0.5707107186317444,-0.019336992874741554,7.551070302724838e-05,0.0,0.06070650368928909,1.0666823387145996,0.7435145042838041,7.171758651733398,1.8319544792175293,7.232464790344238,2.106220245361328,6.780442714691162,4.197114944458008,,,,,,
8789940000.0,82.55,8.600000381469727,6391222784.0,2441.935513578093,5502.0,0.10498046875,90161152.0,188275.86419677734,0.0009290033485740423,0.00469970703125,1.9224393367767334,-0.019354265183210373,0.6137087345123291,-0.019224394112825394,-0.00012986920773983002,0.0,0.07500293850898743,1.1067222356796265,0.7244388520992706,7.322412014007568,1.8510315418243408,7.3974151611328125,2.1082866191864014,6.709431886672974,4.1741437911987305,,,,,,
8789940000.0,77.92,8.199999809265137,6391222784.0,2446.984799522336,5503.0,0.0927734375,90177536.0,188282.55978393555,0.0013190857134759426,0.00762939453125,1.902251958847046,-0.018434112891554832,0.6924386024475098,-0.019022518768906593,0.0005884059937670827,0.0,0.00045772921293973923,1.1699692010879517,0.692511934376677,7.281790256500244,1.8176268339157104,7.282248497009277,2.109893798828125,6.695587158203125,4.171588182449341,,,,,,
,,,,,,,,,,,,,,,,,,,,,,,,,,0.01799863390624523,0.57227623462677,0.534313440322876,0.01799863390624523,0.57227623462677,0.534313440322876
,,,,,,,,,,,,,,,,,,,,,,,,,,0.016765061765909195,0.5233238935470581,0.502398669719696,0.016765061765909195,0.5233238935470581,0.502398669719696
,,,,,,,,,,,,,,,,,,,,,,,,,,0.017702041193842888,0.5010087490081787,0.4824213683605194,0.017702041193842888,0.5010087490081787,0.4824213683605194
,,,,,,,,,,,,,,,,,,,,,,,,,,0.01737029291689396,0.4796271026134491,0.4638632535934448,0.01737029291689396,0.4796271026134491,0.4638632535934448
,,,,,,,,,,,,,,,,,,,,,,,,,,0.017106380313634872,0.46131598949432373,0.44625645875930786,0.017106380313634872,0.46131598949432373,0.44625645875930786
,,,,,,,,,,,,,,,,,,,,,,,,,,0.017300255596637726,0.44636034965515137,0.4325942099094391,0.017300255596637726,0.44636034965515137,0.4325942099094391
8789940000.0,81.35,9.100000381469727,6188634112.0,18.60349165312961,5504.0,0.103759765625,90193920.0,189163.25467205048,0.0007803360931575298,0.0037841796875,1.9352929592132568,-0.019271228462457657,0.7152762413024902,-0.019352927803993225,8.169934153556824e-05,0.0,0.018316254019737244,1.1934760808944702,0.7052831973312459,7.319394111633301,1.9566919803619385,7.337710380554199,2.198423385620117,880.6948881149292,4.189704895019531,,,,,,
8789940000.0,79.3,8.300000190734863,6391222784.0,2437.288266896447,5505.0,0.1025390625,90210304.0,189169.97689700127,0.0008087937021628022,0.00286865234375,1.9297220706939697,-0.01994202844798565,0.6112669706344604,-0.019297219812870026,-0.0006448086351156235,0.0,0.043521858751773834,1.10627281665802,0.7316942765122898,7.298352241516113,1.8763248920440674,7.341873645782471,2.1357340812683105,6.722224950790405,4.169278383255005,,,,,,
8789940000.0,72.92,8.899999618530273,6391222784.0,2415.4119335403766,5506.0,0.106201171875,90226688.0,189176.76000499725,0.001064050244167447,0.004638671875,1.9257969856262207,-0.019699152559041977,0.6386058330535889,-0.01925797015428543,-0.000441182404756546,0.0,-0.01004832424223423,1.1294755935668945,0.7210862031256903,7.485809803009033,1.8732590675354004,7.475761413574219,2.1386609077453613,6.7831079959869385,4.187751531600952,,,,,,
8789940000.0,89.2,8.699999809265137,6391222784.0,2424.847392097704,5507.0,0.098876953125,90243072.0,189183.51671886444,0.0017223730683326721,0.01318359375,1.9476524591445923,-0.020450711250305176,0.5497516393661499,-0.019476525485515594,-0.0009741866961121559,0.0,0.03884299471974373,1.0474857091903687,0.7349698473957988,7.3773369789123535,1.7934107780456543,7.41618013381958,2.034700393676758,6.7567138671875,4.187505722045898,,,,,,
8789940000.0,101.27,8.5,6391222784.0,2428.059420069562,5508.0,0.0823974609375,90259456.0,189190.2644944191,0.0009753110934980214,0.00445556640625,1.893009901046753,-0.01897464133799076,0.5554602146148682,-0.01893009804189205,-4.454189911484718e-05,0.0,-0.025673292577266693,1.0499454736709595,0.7164296238237616,7.269223213195801,1.697494626045227,7.243549823760986,1.9716806411743164,6.747775554656982,4.18542218208313,,,,,,
8789940000.0,85.53,8.199999809265137,6391222784.0,2416.333184221843,5509.0,0.0762939453125,90275840.0,189197.04501628876,0.0009809660259634256,0.00396728515625,1.8955563306808472,-0.019228264689445496,0.6095187067985535,-0.01895556040108204,-0.00027270056307315826,0.0,-0.03789406269788742,1.1051356792449951,0.6948355912736592,7.1323957443237305,1.6854304075241089,7.094501972198486,2.000546932220459,6.780521869659424,4.172695159912109,,,,,,
8789940000.0,114.79,8.199999809265137,6391222784.0,2384.9057063502796,5510.0,0.0726318359375,90292224.0,189203.91488957405,0.0008829364669509232,0.00311279296875,1.8945441246032715,-0.019052153453230858,0.4994376599788666,-0.018945440649986267,-0.00010671466588973999,0.0,-0.023779623210430145,1.0003526210784912,0.7544042280542468,6.922090530395508,1.7320845127105713,6.898310661315918,2.018564462661743,6.869873285293579,4.193516492843628,,,,,,
8789940000.0,106.78,8.5,6391222784.0,2433.953166233431,5511.0,0.0634765625,90308608.0,189210.64632558823,0.0013029767433181405,0.00701904296875,1.9328417778015137,-0.01925000175833702,0.4128761887550354,-0.019328415393829346,7.841549813747406e-05,0.0,-0.012139692902565002,0.9082996845245361,0.7775092115775453,6.785069465637207,1.704874873161316,6.772929668426514,1.9256314039230347,6.731436014175415,4.1891419887542725,,,,,,
8789940000.0,123.7,8.699999809265137,6391222784.0,2432.7544394300953,5512.0,0.059814453125,90324992.0,189217.38107848167,0.0014868994476273656,0.01055908203125,1.988527536392212,-0.019542858004570007,0.37120190262794495,-0.01988527551293373,0.00034241750836372375,0.0,-0.013774747960269451,0.8634126782417297,0.7891797014038523,6.739821434020996,1.6513779163360596,6.726046562194824,1.8804521560668945,6.734752893447876,4.168652057647705,,,,,,
8789940000.0,146.91,8.199999809265137,6391222784.0,2438.6993278372515,5513.0,0.0494384765625,90341376.0,189224.09941387177,0.001259722514078021,0.0040283203125,2.0409646034240723,-0.020671777427196503,0.3705243468284607,-0.02040964551270008,-0.00026213377714157104,0.0,-0.03588654100894928,0.8643996119499207,0.7729712672530229,6.589308261871338,1.619318962097168,6.5534210205078125,1.814153790473938,6.718335390090942,4.201590061187744,,,,,,
8789940000.0,127.16,8.699999809265137,6391222784.0,2458.5440148200673,5514.0,0.0634765625,90357760.0,189230.76352071762,0.001015081419609487,0.003662109375,2.0347704887390137,-0.020299576222896576,0.4019670784473419,-0.020347703248262405,4.812795668840408e-05,0.0,-0.024149687960743904,0.8967105150222778,0.7838747443165073,6.810512065887451,1.697312831878662,6.786362648010254,1.9288557767868042,6.664106845855713,4.187408447265625,,,,,,
8789940000.0,102.91,9.0,6391222784.0,2428.0212439343613,5515.0,0.0634765625,90374144.0,189237.51140236855,0.0007582093821838498,0.00274658203125,2.016132354736328,-0.02014521136879921,0.3994261920452118,-0.020161325111985207,1.6114208847284317e-05,0.0,-0.012793464586138725,0.894980788230896,0.7871516012752646,6.773406028747559,1.7122952938079834,6.760612487792969,1.939896821975708,6.747881650924683,4.172023773193359,,,,,,
8789940000.0,146.89,8.699999809265137,6391222784.0,2449.13835563057,5516.0,0.064697265625,90390528.0,189244.20110201836,0.0010601868852972984,0.00341796875,2.0427515506744385,-0.019658982753753662,0.3958738446235657,-0.020427515730261803,0.0007685339078307152,0.0,0.03692349046468735,0.8917827606201172,0.7940953238634684,6.739394187927246,1.7770322561264038,6.776317596435547,1.9652870893478394,6.689699649810791,4.17578387260437,,,,,,
8789940000.0,141.44,8.300000190734863,6391222784.0,2441.4179309088386,5517.0,0.068359375,90406912.0,189250.91195631027,0.0005501072155311704,0.0023193359375,2.0145013332366943,-0.02001204527914524,0.5002381801605225,-0.020145012065768242,0.00013296492397785187,0.0,-0.017283376306295395,0.9978688359260559,0.7637405880373133,6.876067161560059,1.8045884370803833,6.858783721923828,2.052952527999878,6.7108542919158936,4.171043634414673,,,,,,
8789940000.0,121.94,8.300000190734863,6391222784.0,2402.467090145503,5518.0,0.0579833984375,90423296.0,189257.73161268234,0.0011837254278361797,0.0068359375,2.0614843368530273,-0.020603720098733902,0.4212360084056854,-0.02061484195291996,1.112394966185093e-05,0.0,-0.029718006029725075,0.916938066482544,0.7872770205015636,6.5508551597595215,1.763877511024475,6.521137237548828,1.988075613975525,6.8196563720703125,4.173674583435059,,,,,,
8789940000.0,162.73,8.0,6391222784.0,2429.9947632365443,5519.0,0.0518798828125,90439680.0,189264.4740140438,0.0013211469631642103,0.00933837890625,2.0654051303863525,-0.020611852407455444,0.40572771430015564,-0.02065405249595642,4.2197760194540024e-05,0.0,-0.04098229110240936,0.8982301354408264,0.7817729035122372,6.468996524810791,1.680058479309082,6.428013801574707,1.9227949380874634,6.742401361465454,4.178544521331787,,,,,,
8789940000.0,126.83,8.300000190734863,6391222784.0,2452.1294699962973,5520.0,0.05126953125,90456064.0,189271.15555357933,0.0015418778639286757,0.00927734375,2.0614278316497803,-0.020816128700971603,0.4233078360557556,-0.020614275708794594,-0.00020185206085443497,0.0,-0.046727683395147324,0.9222858548164368,0.7535027890805446,6.389425277709961,1.6683629751205444,6.342697620391846,1.8576312065124512,6.681539535522461,4.17466926574707,,,,,,
8789940000.0,139.92,7.699999809265137,6391222784.0,2461.3043348978185,5521.0,0.0555419921875,90472448.0,189277.812186718,0.0009750357712619007,0.00396728515625,2.0499978065490723,-0.019693121314048767,0.525108277797699,-0.020499978214502335,0.0008068569004535675,0.0,-0.10445299744606018,1.020747423171997,0.7489880326033861,6.34694766998291,1.7293576002120972,6.242494583129883,2.0373752117156982,6.656633138656616,4.162558317184448,,,,,,
8789940000.0,176.69,7.699999809265137,6391222784.0,2441.5764964496143,5522.0,0.0482177734375,90488832.0,189284.52260518074,0.0008230901439674199,0.00390625,2.064488172531128,-0.020566806197166443,0.428233802318573,-0.02064487896859646,7.807044312357903e-05,0.0,-0.03558272123336792,0.925637423992157,0.7734842075186986,6.28596305847168,1.6585826873779297,6.250380516052246,1.9448751211166382,6.710418462753296,4.172381162643433,,,,,,
8789940000.0,117.32,8.300000190734863,6391222784.0,2442.232402785474,5523.0,0.069580078125,90505216.0,189291.23122143745,0.001071267994120717,0.00506591796875,2.0464792251586914,-0.020472895354032516,0.41471731662750244,-0.020464790984988213,-8.102506399154663e-06,0.0,0.017645595595240593,0.910061240196228,0.8068995888506456,6.56884765625,1.806235909461975,6.586493492126465,2.070995807647705,6.708616256713867,4.183707237243652,,,,,,
8789940000.0,138.96,8.5,6391222784.0,2429.6480963109657,5524.0,0.0689697265625,90521600.0,189297.9745848179,0.0010762535966932774,0.00469970703125,2.037630319595337,-0.020960159599781036,0.4961126446723938,-0.020376302301883698,-0.0005838572978973389,0.0,0.05651335418224335,0.9941421151161194,0.7752023278844392,6.50824499130249,1.8617355823516846,6.56475830078125,2.0967788696289062,6.743363380432129,4.185772180557251,,,,,,
8789940000.0,151.34,8.100000381469727,6391222784.0,2432.1775554100595,5525.0,0.06103515625,90537984.0,189304.7109351158,0.0012629039119929075,0.0064697265625,2.0045323371887207,-0.01942223682999611,0.5256133079528809,-0.02004532516002655,0.0006230920553207397,0.0,0.007210697513073683,1.024958848953247,0.763448488643559,6.51192569732666,1.8537968397140503,6.519136428833008,2.107382297515869,6.7363502979278564,4.170999526977539,,,,,,
8789940000.0,108.56,8.600000381469727,6391222784.0,2361.387418313826,5526.0,0.0714111328125,90554368.0,189311.64922904968,0.0007805068744346499,0.00372314453125,2.0435328483581543,-0.020168254151940346,0.4414423108100891,-0.020435325801372528,0.0002670732792466879,0.0,-0.003305133432149887,0.9372949004173279,0.7971565742447848,6.596363544464111,1.8583323955535889,6.5930585861206055,2.08111310005188,6.938293933868408,4.192348003387451,,,,,,
8789940000.0,104.19,8.300000190734863,6391222784.0,2443.4593438088323,5527.0,0.0604248046875,90570752.0,189318.3544766903,0.0009097871370613575,0.00433349609375,2.0451841354370117,-0.01987369731068611,0.4391838610172272,-0.02045184187591076,0.0005781450308859348,0.0,-0.0039595747366547585,0.9385159015655518,0.7864875697992628,6.34575080871582,1.810546636581421,6.341791152954102,2.0310933589935303,6.705247640609741,4.168558835983276,,,,,,
8789940000.0,145.0,8.100000381469727,6391222784.0,2448.620594645198,5528.0,0.0653076171875,90587136.0,189325.04559087753,0.0011409843573346734,0.00555419921875,2.031381130218506,-0.020531537011265755,0.5719730257987976,-0.02031380869448185,-0.00021772831678390503,0.0,-0.016990667209029198,1.0693684816360474,0.7459311407966438,6.568465232849121,1.8714991807937622,6.551474571228027,2.1215426921844482,6.691114187240601,4.188966751098633,,,,,,
8789940000.0,140.28,7.599999904632568,6391222784.0,2454.3051556693827,5529.0,0.0653076171875,90603520.0,189331.7212073803,0.0007752050296403468,0.00390625,1.992087960243225,-0.019241411238908768,0.5474105477333069,-0.01992087997496128,0.0006794631481170654,0.0,-0.0213947556912899,1.042788028717041,0.7409362271172204,6.417776584625244,1.7603724002838135,6.396381855010986,2.048767566680908,6.675616502761841,4.197547912597656,,,,,,
8789940000.0,128.9,7.800000190734863,6391222784.0,2424.6094631125075,5530.0,0.0677490234375,90619904.0,189338.47858428955,0.0006463367026299238,0.0037841796875,2.0037269592285156,-0.01892853155732155,0.5468063354492188,-0.020037271082401276,0.001108737662434578,0.0,-0.050539396703243256,1.0479180812835693,0.7614214106902668,6.553400039672852,1.8114166259765625,6.502861022949219,2.1454176902770996,6.7573769092559814,4.180877208709717,,,,,,
8789940000.0,111.57,8.399999618530273,6391222784.0,2421.5415356206995,5531.0,0.0689697265625,90636288.0,189345.24452233315,0.000883338216226548,0.00469970703125,2.0204415321350098,-0.01975174993276596,0.49151870608329773,-0.020204413682222366,0.0004526562988758087,0.0,-0.010148007422685623,0.9925169348716736,0.7655150571690308,6.5294389724731445,1.7586721181869507,6.519290924072266,2.049652338027954,6.76593804359436,4.187375068664551,,,,,,
8789940000.0,118.0,8.199999809265137,6391222784.0,2429.1240309852824,5532.0,0.06103515625,90652672.0,189351.98934054375,0.0011145621538162231,0.0048828125,2.056669235229492,-0.020198756828904152,0.44651132822036743,-0.02056669443845749,0.00036793574690818787,0.0,-0.02627064287662506,0.9457989931106567,0.776705755496962,6.253488540649414,1.7358330488204956,6.227217674255371,2.0015196800231934,6.744818210601807,4.170479774475098,,,,,,
8789940000.0,146.99,8.300000190734863,6391222784.0,2454.2718471768426,5533.0,0.0537109375,90669056.0,189358.66504764557,0.0008241665200330317,0.0045166015625,2.047912359237671,-0.020298179239034653,0.4904381334781647,-0.020479124039411545,0.00018094852566719055,0.0,0.01420319452881813,0.9921842813491821,0.7476018457961011,6.344995975494385,1.7396966218948364,6.359199523925781,1.974920630455017,6.675707101821899,4.167476654052734,,,,,,
8789940000.0,133.42,8.300000190734863,6391222784.0,2429.9463871669564,5534.0,0.0640869140625,90685440.0,189365.4075832367,0.0009437468252144754,0.00592041015625,2.053114414215088,-0.020872266963124275,0.453268826007843,-0.020531142130494118,-0.0003411257639527321,0.0,0.009293995797634125,0.9472556114196777,0.7858740907359946,6.409090995788574,1.8241790533065796,6.4183855056762695,2.047069787979126,6.742535591125488,4.173398733139038,,,,,,
8789940000.0,145.09,8.899999618530273,6391222784.0,2446.815686045236,5535.0,0.0665283203125,90701824.0,189372.10363316536,0.002091621281579137,0.01763916015625,1.9991220235824585,-0.020433442667126656,0.42050686478614807,-0.01999122090637684,-0.0004422217607498169,0.0,0.08164887130260468,0.9210463166236877,0.7954333285344993,6.481416702270508,1.8471332788467407,6.563066482543945,2.0364060401916504,6.696049928665161,4.174065589904785,,,,,,
,,,,,,,,,,,,,,,,,,,,,,,,,,0.020070014521479607,0.5216951966285706,0.4830092489719391,0.020070014521479607,0.5216951966285706,0.4830092489719391
,,,,,,,,,,,,,,,,,,,,,,,,,,0.01889960654079914,0.47645020484924316,0.454425573348999,0.01889960654079914,0.47645020484924316,0.454425573348999
,,,,,,,,,,,,,,,,,,,,,,,,,,0.01773194968700409,0.45089054107666016,0.4345383048057556,0.01773194968700409,0.45089054107666016,0.4345383048057556
,,,,,,,,,,,,,,,,,,,,,,,,,,0.017644906416535378,0.4335995614528656,0.4165882170200348,0.017644906416535378,0.4335995614528656,0.4165882170200348
,,,,,,,,,,,,,,,,,,,,,,,,,,0.01786649227142334,0.41970449686050415,0.4045822322368622,0.01786649227142334,0.41970449686050415,0.4045822322368622
,,,,,,,,,,,,,,,,,,,,,,,,,,0.018110325559973717,0.4048551619052887,0.39014676213264465,0.018110325559973717,0.4048551619052887,0.39014676213264465
8789940000.0,141.6,8.199999809265137,6188634112.0,18.620263369882675,5536.0,0.07080078125,90718208.0,190252.00525832176,0.001826599007472396,0.010498046875,1.9728200435638428,-0.019738636910915375,0.5744413137435913,-0.019728200510144234,-1.0436400771141052e-05,0.0,-0.004112578928470612,1.0713601112365723,0.7424876214384037,6.737186908721924,1.8672937154769897,6.73307466506958,2.1112351417541504,879.9016251564026,4.193176031112671,,,,,,
8789940000.0,100.75,8.300000190734863,6391222784.0,2418.883256455532,5537.0,0.079345703125,90734592.0,190258.77863192558,0.00048098957631736994,0.00244140625,1.9446932077407837,-0.019084185361862183,0.6651656627655029,-0.019446931779384613,0.0003627459518611431,0.0,-0.01967930793762207,1.15421724319458,0.6984608057105539,6.966947555541992,1.8697589635849,6.947268486022949,2.1019184589385986,6.773373603820801,4.196186304092407,,,,,,
8789940000.0,123.94,8.5,6391222784.0,2433.5178104972106,5538.0,0.0762939453125,90750976.0,190265.511272192,0.0007684433367103338,0.00372314453125,1.9870185852050781,-0.020091505721211433,0.5407925248146057,-0.01987018808722496,-0.00022131577134132385,0.0,0.0393664576113224,1.0342333316802979,0.7599130408688132,6.742112159729004,1.8531639575958252,6.7814788818359375,2.11073637008667,6.732640266418457,4.185407638549805,,,,,,
8789940000.0,89.4,8.699999809265137,6391222784.0,2429.3924767166127,5539.0,0.0775146484375,90767360.0,190272.25534510612,0.0007987669087015092,0.00213623046875,1.999218463897705,-0.019704533740878105,0.4769996404647827,-0.01999218575656414,0.0002876501530408859,0.0,0.012974540702998638,0.97077876329422,0.7954682164559964,6.73073148727417,1.9177817106246948,6.743705749511719,2.1465437412261963,6.744072914123535,4.202289342880249,,,,,,
8789940000.0,106.39,8.800000190734863,6391222784.0,2439.937447935237,5540.0,0.0732421875,90783744.0,190278.97027134895,0.0029174089431762695,0.02557373046875,2.008072853088379,-0.019428163766860962,0.47219330072402954,-0.020080726593732834,0.0006525665521621704,0.0,0.022643456235527992,0.9739837050437927,0.7975954382366323,6.788177967071533,1.915415644645691,6.810821533203125,2.1649184226989746,6.714926242828369,4.179847955703735,,,,,,
8789940000.0,123.97,8.100000381469727,6391222784.0,2408.5296503578315,5541.0,0.0732421875,90800128.0,190285.77276182175,0.001379811204969883,0.0091552734375,2.0001444816589355,-0.01947539672255516,0.56416255235672,-0.020001443102955818,0.0005260491743683815,0.0,-0.007284937426447868,1.064072608947754,0.7488383727588466,6.878633975982666,1.8604466915130615,6.871349334716797,2.123218297958374,6.802490472793579,4.199672222137451,,,,,,
8789940000.0,111.03,8.899999618530273,6391222784.0,2407.810726135653,5542.0,0.08056640625,90816512.0,190292.57728338242,0.0007962948875501752,0.00604248046875,2.015883684158325,-0.019598258659243584,0.4370522201061249,-0.020158836618065834,0.0005605798214673996,0.0,0.040522247552871704,0.9336403012275696,0.7930556198597492,6.98648738861084,1.853811502456665,7.027009963989258,2.0523552894592285,6.804521560668945,4.1949462890625,,,,,,
8789940000.0,93.41,8.5,6391222784.0,2423.0630795610286,5543.0,0.078125,90832896.0,190299.33897280693,0.002481181640177965,0.01800537109375,1.9934370517730713,-0.019148128107190132,0.5982576608657837,-0.01993437111377716,0.0007862416096031666,0.0,-0.05998288840055466,1.0962146520614624,0.7427542690526697,7.075251579284668,1.8431600332260132,7.0152692794799805,2.1613330841064453,6.7616894245147705,4.197328805923462,,,,,,
8789940000.0,103.25,8.5,6391222784.0,2416.6097729610888,5544.0,0.078125,90849280.0,190306.11871862411,0.0007288557826541364,0.0032958984375,1.9870041608810425,-0.01923196390271187,0.5330948233604431,-0.019870039075613022,0.0006380770355463028,0.0,0.011801835149526596,1.0277762413024902,0.7355246187644735,6.917535305023193,1.747136116027832,6.929337024688721,1.9985079765319824,6.779745817184448,4.200882196426392,,,,,,
8789940000.0,98.19,8.399999618530273,6391222784.0,2437.602790097426,5545.0,0.07080078125,90865664.0,190312.84007620811,0.0007570186862722039,0.0029296875,1.964671015739441,-0.019151721149683,0.5392414927482605,-0.01964670792222023,0.0004949849098920822,0.0,-0.01898069679737091,1.0376200675964355,0.7437090043469863,6.999255180358887,1.801695466041565,6.980274677276611,2.0496115684509277,6.721357583999634,4.16270637512207,,,,,,
8789940000.0,101.31,8.0,6391222784.0,2405.3145793905114,5546.0,0.0714111328125,90882048.0,190319.65165925026,0.0009555704891681671,0.00701904296875,1.983445167541504,-0.020033909007906914,0.6187505722045898,-0.019834451377391815,-0.00019945576786994934,0.0,-0.03526918962597847,1.1104217767715454,0.6976445740411374,6.925455570220947,1.751852035522461,6.890186309814453,2.0194311141967773,6.811583042144775,4.199724912643433,,,,,,
8789940000.0,86.15,8.899999618530273,6391222784.0,2411.4649022507083,5547.0,0.0872802734375,90898432.0,190326.44586968422,0.0007571044261567295,0.00341796875,1.9507864713668823,-0.01941022090613842,0.46443474292755127,-0.019507862627506256,9.7641721367836e-05,0.0,0.062183402478694916,0.9638076424598694,0.7723634659387617,7.15675163269043,1.7689744234085083,7.218935012817383,2.020083427429199,6.794210433959961,4.181471347808838,,,,,,
8789940000.0,116.92,8.399999618530273,6391222784.0,2401.4161451735604,5548.0,0.08544921875,90914816.0,190333.26851058006,0.001655575237236917,0.0126953125,1.9903035163879395,-0.01891898550093174,0.5826411247253418,-0.0199030339717865,0.0009840454440563917,0.0,-0.008227258920669556,1.0782074928283691,0.7392784207043224,7.010800838470459,1.8364081382751465,7.002573490142822,2.111609935760498,6.822640895843506,4.202305555343628,,,,,,
8789940000.0,97.34,8.5,6391222784.0,2392.13499346631,5549.0,0.076904296875,90931200.0,190340.1176223755,0.0009743160335347056,0.00482177734375,1.9971917867660522,-0.02048957161605358,0.4895264208316803,-0.01997191645205021,-0.0005176523700356483,0.0,0.005776289850473404,0.9892916679382324,0.7706540371941177,6.926007270812988,1.8118376731872559,6.931783676147461,2.0657546520233154,6.849111795425415,4.189739227294922,,,,,,
8789940000.0,90.64,8.5,6391222784.0,2444.195370092481,5550.0,0.081787109375,90947584.0,190346.82085084915,0.0013685562880709767,0.0076904296875,2.026764392852783,-0.019956495612859726,0.4441128075122833,-0.02026764489710331,0.00031114742159843445,0.0,-0.004940176382660866,0.9421578645706177,0.7873774328863486,6.922780990600586,1.8018971681594849,6.917840003967285,2.0432374477386475,6.70322847366333,4.170253753662109,,,,,,
8789940000.0,113.51,8.100000381469727,6391222784.0,2423.8714189910575,5551.0,0.069580078125,90963968.0,190353.58028531075,0.001702388166449964,0.01141357421875,2.0071516036987305,-0.019936393946409225,0.5645003318786621,-0.020071513950824738,0.00013512000441551208,0.0,-0.04078572243452072,1.060001254081726,0.7445892683192672,6.853785991668701,1.7964885234832764,6.813000202178955,2.0974278450012207,6.759434461593628,4.171038627624512,,,,,,
8789940000.0,128.04,8.100000381469727,6391222784.0,2429.1631004911633,5552.0,0.079345703125,90980352.0,190360.3249950409,0.0014150617644190788,0.0067138671875,2.025362253189087,-0.020365210250020027,0.5136165618896484,-0.02025362104177475,-0.00011158734560012817,0.0,-0.016093745827674866,1.013279676437378,0.779176030957342,6.925876617431641,1.8938214778900146,6.909782886505127,2.156285524368286,6.744709730148315,4.173303127288818,,,,,,
8789940000.0,112.97,8.5,6391222784.0,2459.6094737490885,5553.0,0.0726318359375,90996736.0,190366.9862151146,0.0011146764736622572,0.00616455078125,2.0700223445892334,-0.020376812666654587,0.45496195554733276,-0.020700223743915558,0.00032341410405933857,0.0,-0.005304532125592232,0.9523884057998657,0.782096980719605,6.86181116104126,1.8141217231750488,6.856506824493408,2.04024600982666,6.661220073699951,4.176396369934082,,,,,,
8789940000.0,111.76,8.600000381469727,6391222784.0,2433.926700846738,5554.0,0.0604248046875,91013120.0,190373.71772432327,0.0015343480044975877,0.01275634765625,2.116135358810425,-0.02050202339887619,0.36975207924842834,-0.021161355078220367,0.0006593279540538788,0.0,-0.03545083478093147,0.8590194582939148,0.7926805886361868,6.6545867919921875,1.6973602771759033,6.61913537979126,1.886613368988037,6.731509208679199,4.178663492202759,,,,,,
8789940000.0,132.55,8.199999809265137,6391222784.0,2429.7584004091304,5555.0,0.0421142578125,91029504.0,190380.46078157425,0.0023744190111756325,0.0211181640625,2.142183303833008,-0.02144109085202217,0.3759059011936188,-0.021421832963824272,-1.9259750843048096e-05,0.0,-0.08166008442640305,0.8652130961418152,0.7691657089587003,6.40357780456543,1.5979596376419067,6.321917533874512,1.800830602645874,6.7430572509765625,4.19245982170105,,,,,,
8789940000.0,194.3,7.400000095367432,6391222784.0,2420.8114125640786,5556.0,0.0384521484375,91045888.0,190387.22876024246,0.001054408960044384,0.005615234375,2.1224842071533203,-0.021750152111053467,0.4466785788536072,-0.021224841475486755,-0.000525306910276413,0.0,-0.07246667146682739,0.9449973106384277,0.7195564214764683,6.320425987243652,1.5407028198242188,6.247959136962891,1.7844637632369995,6.767978668212891,4.173609256744385,,,,,,
8789940000.0,154.36,8.399999618530273,6391222784.0,2445.173513317313,5557.0,0.0653076171875,91062272.0,190393.92930722237,0.001398216700181365,0.01043701171875,2.0602023601531982,-0.01985299587249756,0.4682384431362152,-0.020602025091648102,0.0007490329444408417,0.0,0.022200116887688637,0.9655306935310364,0.7527489527489915,6.621736526489258,1.6802843809127808,6.643936634063721,1.9417661428451538,6.700546979904175,4.177248239517212,,,,,,
8789940000.0,166.99,8.300000190734863,6391222784.0,2438.4460400285748,5558.0,0.0634765625,91078656.0,190400.64834046364,0.000895062112249434,0.00421142578125,2.0204405784606934,-0.019880743697285652,0.4459574818611145,-0.02020440809428692,0.0003236643970012665,0.0,0.030374975875020027,0.9435563683509827,0.7705970817257977,6.595769882202148,1.6987113952636719,6.6261444091796875,1.9700095653533936,6.719033241271973,4.184889316558838,,,,,,
8789940000.0,87.17,8.399999618530273,6391222784.0,2457.0245097927045,5559.0,0.07080078125,91095040.0,190407.31656861305,0.0008178963325917721,0.00238037109375,2.034062385559082,-0.019541090354323387,0.4427397549152374,-0.02034062333405018,0.0007995320484042168,0.0,-0.024882586672902107,0.9395813345909119,0.7897490127982945,6.6408610343933105,1.8102576732635498,6.615978717803955,2.0491106510162354,6.6682281494140625,4.179429292678833,,,,,,
8789940000.0,118.53,8.800000190734863,6391222784.0,2458.739913248612,5560.0,0.057373046875,91111424.0,190413.98014450073,0.002607630332931876,0.0234375,2.054603099822998,-0.02038370445370674,0.37048497796058655,-0.02054603211581707,0.0001623264979571104,0.0,0.03533171862363815,0.8594070076942444,0.8081111756828078,6.4054036140441895,1.7669812440872192,6.44073486328125,1.9618850946426392,6.663575887680054,4.168314218521118,,,,,,
8789940000.0,135.9,8.100000381469727,6391222784.0,2406.5530720608795,5561.0,0.0634765625,91127808.0,190420.7882220745,0.001088533317670226,0.0072021484375,2.072789192199707,-0.020541245117783546,0.4241977632045746,-0.020727891474962234,0.00018664496019482613,0.0,-0.05052550882101059,0.9219751358032227,0.8074195913546431,6.368843078613281,1.848730206489563,6.318317413330078,2.1009366512298584,6.808077573776245,4.200576543807983,,,,,,
8789940000.0,178.32,8.300000190734863,6391222784.0,2443.70107376801,5562.0,0.05615234375,91144192.0,190427.49280643463,0.0010844026692211628,0.008056640625,2.0660810470581055,-0.020833706483244896,0.39772236347198486,-0.02066081203520298,-0.00017289631068706512,0.0,0.020311426371335983,0.8929693102836609,0.7906837230580521,6.48021936416626,1.7484389543533325,6.50053071975708,1.951798677444458,6.704584360122681,4.161356210708618,,,,,,
8789940000.0,108.14,9.399999618530273,6391222784.0,2445.2925406658414,5563.0,0.0665283203125,91160576.0,190434.19302725792,0.0010502057848498225,0.0078125,2.067922830581665,-0.02014879882335663,0.3258731961250305,-0.020679228007793427,0.0005304291844367981,0.0,0.05658436566591263,0.8042701482772827,0.8327247109425832,6.604323387145996,1.8143830299377441,6.660908222198486,1.9664649963378906,6.700220823287964,4.191600322723389,,,,,,
8789940000.0,147.27,8.5,6391222784.0,2435.355879045953,5564.0,0.067138671875,91176960.0,190440.92058610916,0.0022645965218544006,0.017822265625,2.009000539779663,-0.019321899861097336,0.567736804485321,-0.020090002566576004,0.0007681027054786682,0.0,0.02644110843539238,1.0601708889007568,0.7298486210691032,6.609436988830566,1.778242826461792,6.635878562927246,2.0397298336029053,6.727558851242065,4.175920724868774,,,,,,
8789940000.0,88.74,7.900000095367432,6391222784.0,2440.617090721788,5565.0,0.0775146484375,91193344.0,190447.63364243507,0.0014995785895735025,0.01287841796875,2.0055439472198486,-0.020165815949440002,0.6128379106521606,-0.020055437460541725,-0.00011037662625312805,0.0,-0.07149277627468109,1.107746958732605,0.758910160534904,6.894378662109375,1.9545303583145142,6.822885513305664,2.2560625076293945,6.713056325912476,4.194451570510864,,,,,,
8789940000.0,124.88,8.199999809265137,6391222784.0,2449.687423136996,5566.0,0.07080078125,91209728.0,190454.32184267044,0.001991301542147994,0.017822265625,2.0048677921295166,-0.018417079001665115,0.5157160758972168,-0.020048676058650017,0.0016315989196300507,0.0,-0.020278431475162506,1.0152888298034668,0.7654676693931188,6.642873764038086,1.8272672891616821,6.622595310211182,2.096467971801758,6.688200235366821,4.177505254745483,,,,,,
8789940000.0,95.11,8.5,6391222784.0,2408.786386411537,5567.0,0.0634765625,91226112.0,190461.12360811234,0.0017414746107533574,0.01458740234375,2.0290143489837646,-0.020052388310432434,0.43265461921691895,-0.02029014378786087,0.0002377559430897236,0.0,0.051454514265060425,0.9282792806625366,0.786260433774808,6.475224494934082,1.7554129362106323,6.526679515838623,2.007873296737671,6.801765441894531,4.198242902755737,,,,,,
,,,,,,,,,,,,,,,,,,,,,,,,,,0.020105618983507156,0.5216447114944458,0.48247814178466797,0.020105618983507156,0.5216447114944458,0.48247814178466797
,,,,,,,,,,,,,,,,,,,,,,,,,,0.020072221755981445,0.4747028946876526,0.4530463218688965,0.020072221755981445,0.4747028946876526,0.4530463218688965
,,,,,,,,,,,,,,,,,,,,,,,,,,0.01941024884581566,0.4485360383987427,0.42998066544532776,0.01941024884581566,0.4485360383987427,0.42998066544532776
,,,,,,,,,,,,,,,,,,,,,,,,,,0.018869170919060707,0.4315997064113617,0.41282910108566284,0.018869170919060707,0.4315997064113617,0.41282910108566284
,,,,,,,,,,,,,,,,,,,,,,,,,,0.018745550885796547,0.41384291648864746,0.39776307344436646,0.018745550885796547,0.41384291648864746,0.39776307344436646
,,,,,,,,,,,,,,,,,,,,,,,,,,0.018838543444871902,0.4009632468223572,0.3863026201725006,0.018838543444871902,0.4009632468223572,0.3863026201725006
8789940000.0,148.69,8.300000190734863,6188634112.0,18.647737758952648,5568.0,0.0701904296875,91242496.0,191339.72884225845,0.001119242049753666,0.00457763671875,2.0328316688537598,-0.02017005905508995,0.4959634840488434,-0.02032831683754921,0.00015825778245925903,0.0,-0.025321710854768753,0.9966634511947632,0.7651601802743127,6.856039047241211,1.8366574048995972,6.83071756362915,2.0566604137420654,878.6052341461182,4.199249267578125,,,,,,
8789940000.0,97.32,8.699999809265137,6391222784.0,2421.4061237798974,5569.0,0.0750732421875,91258880.0,191346.49515867233,0.001238819444552064,0.00732421875,1.987404465675354,-0.02006557211279869,0.5545612573623657,-0.01987404190003872,-0.00019153160974383354,0.0,0.016613177955150604,1.0510809421539307,0.7436592115717748,6.949069499969482,1.8350861072540283,6.965682029724121,2.075997829437256,6.7663164138793945,4.1733338832855225,,,,,,
8789940000.0,128.01,8.199999809265137,6391222784.0,2420.854479222573,5570.0,0.0726318359375,91275264.0,191353.26301693916,0.0014584795571863651,0.00750732421875,2.006613254547119,-0.02078898437321186,0.5218866467475891,-0.02006613276898861,-0.0007228534668684006,0.0,-0.05687218904495239,1.0205250978469849,0.7697106977502639,6.757566452026367,1.8668133020401,6.7006940841674805,2.1266047954559326,6.767858266830444,4.170059680938721,,,,,,
8789940000.0,106.24,8.199999809265137,6391222784.0,2403.567882212525,5571.0,0.0628662109375,91291648.0,191360.07955002785,0.001327220699749887,0.00439453125,2.003538131713867,-0.019690129905939102,0.576252281665802,-0.020035380497574806,0.00034525245428085327,0.0,-0.023361291736364365,1.0717110633850098,0.7333081189303781,6.518632888793945,1.831032633781433,6.4952712059021,2.075261116027832,6.816533088684082,4.168164968490601,,,,,,
8789940000.0,82.46,8.5,6391222784.0,2423.4788907985567,5572.0,0.07568359375,91308032.0,191366.84007930756,0.0007365643396042287,0.00299072265625,1.9936188459396362,-0.019860897213220596,0.4462587237358093,-0.01993619091808796,7.529370486736298e-05,0.0,-0.030058201402425766,0.9438342452049255,0.7930440623255282,6.650327682495117,1.8435478210449219,6.620269775390625,2.074707269668579,6.760529279708862,4.204162120819092,,,,,,
8789940000.0,156.94,8.699999809265137,6391222784.0,2407.8202594740405,5573.0,0.068359375,91324416.0,191373.64457392693,0.0013518596533685923,0.00982666015625,2.000967264175415,-0.01974232867360115,0.4103422164916992,-0.02000967040657997,0.00026734545826911926,0.0,0.03557781130075455,0.903925895690918,0.7952156493800877,6.551576614379883,1.7549444437026978,6.587154865264893,1.9974899291992188,6.804494619369507,4.203341007232666,,,,,,
8789940000.0,136.81,8.300000190734863,6391222784.0,2434.9122566025885,5574.0,0.0677490234375,91340800.0,191380.37335848808,0.0007184281712397933,0.0030517578125,2.008965492248535,-0.020184608176350594,0.43072861433029175,-0.020089654251933098,-9.495392441749573e-05,0.0,-0.006417795084416866,0.9252992272377014,0.7861956324567713,6.697384357452393,1.7702100276947021,6.690966606140137,2.0011236667633057,6.728784561157227,4.175660610198975,,,,,,
8789940000.0,106.5,8.5,6391222784.0,2434.144130625273,5575.0,0.078125,91357184.0,191387.1042664051,0.0012347996234893799,0.00518798828125,1.9965391159057617,-0.019481204450130463,0.5558677315711975,-0.019965389743447304,0.0004841852933168411,0.0,-0.0533452145755291,1.0530660152435303,0.755242960906355,6.816160678863525,1.8681858777999878,6.762815475463867,2.128570795059204,6.730907917022705,4.182972431182861,,,,,,
8789940000.0,134.42,7.699999809265137,6391222784.0,2432.994486563091,5576.0,0.0531005859375,91373568.0,191393.83835482597,0.0016689199255779386,0.0111083984375,2.051724672317505,-0.02020319364964962,0.4895169734954834,-0.020517246797680855,0.00031405314803123474,0.0,-0.07070055603981018,0.9901188015937805,0.7678160033037963,6.497089862823486,1.7957957983016968,6.426389217376709,2.0548083782196045,6.73408842086792,4.184689283370972,,,,,,
8789940000.0,133.64,7.900000095367432,6391222784.0,2453.3334452907297,5577.0,0.0543212890625,91389952.0,191400.51661539078,0.000789754674769938,0.00531005859375,2.058741331100464,-0.020778968930244446,0.51765376329422,-0.020587416365742683,-0.00019155442714691162,0.0,-0.04091509059071541,1.0172494649887085,0.7243939570085285,6.386804580688477,1.6997684240341187,6.345889091491699,1.9376832246780396,6.678260564804077,4.197377681732178,,,,,,
8789940000.0,152.98,8.300000190734863,6391222784.0,2445.156112629046,5578.0,0.057373046875,91406336.0,191407.2172100544,0.0007879543118178844,0.00244140625,2.049034595489502,-0.019986379891633987,0.4235125482082367,-0.020490344613790512,0.0005039595998823643,0.0,0.0076010990887880325,0.921739399433136,0.7865779924326939,6.356154918670654,1.7464154958724976,6.36375617980957,1.9952105283737183,6.700594663619995,4.192608118057251,,,,,,
8789940000.0,161.46,8.0,6391222784.0,2428.486044969034,5579.0,0.0592041015625,91422720.0,191413.96380019188,0.0008350377902388573,0.001953125,2.0645503997802734,-0.020636385306715965,0.4730364680290222,-0.02064550295472145,9.117182344198227e-06,0.0,-0.04548677057027817,0.9732964038848877,0.7761022937000461,6.438135147094727,1.7811371088027954,6.392648696899414,2.056933879852295,6.7465901374816895,4.188328504562378,,,,,,
8789940000.0,123.99,7.699999809265137,6391222784.0,2381.441853979076,5580.0,0.0579833984375,91439104.0,191420.84366583824,0.0008325204835273325,0.00286865234375,2.060978651046753,-0.02054007537662983,0.5197299718856812,-0.02060978300869465,6.970588583499193e-05,0.0,-0.051176246255636215,1.0160249471664429,0.7646011896744545,6.404067039489746,1.812685489654541,6.352890968322754,2.0941243171691895,6.879865646362305,4.186887741088867,,,,,,
8789940000.0,140.75,7.800000190734863,6391222784.0,2446.8858204308262,5581.0,0.062255859375,91455488.0,191427.53952383995,0.0004889882984571159,0.00115966796875,2.0833489894866943,-0.020178072154521942,0.47771769762039185,-0.020833488553762436,0.000655418261885643,0.0,-0.029277648776769638,0.9767904877662659,0.7718806865508914,6.473366737365723,1.7766178846359253,6.444089412689209,2.0451278686523438,6.695858001708984,4.175695419311523,,,,,,
8789940000.0,109.17,7.900000095367432,6391222784.0,2443.8889645161476,5582.0,0.057373046875,91471872.0,191434.2435927391,0.0007871389971114695,0.0037841796875,2.0898494720458984,-0.020691419020295143,0.5596472024917603,-0.020898494869470596,0.00020707305520772934,0.0,-0.02264213189482689,1.0586971044540405,0.7271690354892651,6.396173000335693,1.7446370124816895,6.373530864715576,2.026865005493164,6.704068899154663,4.19094443321228,,,,,,
8789940000.0,149.2,7.699999809265137,6391222784.0,2458.231803007994,5583.0,0.0689697265625,91488256.0,191440.90854597092,0.0007454678998328745,0.00372314453125,2.031965732574463,-0.019889377057552338,0.6740153431892395,-0.020319661125540733,0.00043028034269809723,0.0,-0.06828577816486359,1.1588616371154785,0.7095919214959678,6.471386432647705,1.8433396816253662,6.403100967407227,2.1504404544830322,6.664953231811523,4.191433906555176,,,,,,
8789940000.0,135.74,8.199999809265137,6391222784.0,2446.5214268241543,5584.0,0.07568359375,91504640.0,191447.60540127754,0.0012217513285577297,0.00933837890625,2.0100250244140625,-0.02004857547581196,0.6338575482368469,-0.020100250840187073,5.167466588318348e-05,0.0,0.07727876305580139,1.1269147396087646,0.7313173474560375,6.694331169128418,1.8939018249511719,6.771610260009766,2.1740591526031494,6.696855306625366,4.189186096191406,,,,,,
8789940000.0,100.64,8.199999809265137,6391222784.0,2446.7574906260024,5585.0,0.0701904296875,91521024.0,191454.30161046982,0.0010613491758704185,0.0062255859375,1.99625825881958,-0.01973172090947628,0.5559830665588379,-0.019962582737207413,0.00023085856810212135,0.0,0.02592655085027218,1.0488831996917725,0.7551953599074227,6.467662334442139,1.8787227869033813,6.493588924407959,2.1199090480804443,6.696209192276001,4.1819493770599365,,,,,,
8789940000.0,120.53,8.699999809265137,6391222784.0,2430.7877006299436,5586.0,0.0689697265625,91537408.0,191461.0418124199,0.0009139288449659944,0.0059814453125,2.0362563133239746,-0.020118867978453636,0.5207131505012512,-0.02036256156861782,0.00024369359016418457,0.0,0.06544312834739685,1.019394040107727,0.7712313159532407,6.58554744720459,1.8984638452529907,6.6509904861450195,2.131296396255493,6.740201950073242,4.202227830886841,,,,,,
8789940000.0,144.68,7.699999809265137,6391222784.0,2451.529368418154,5587.0,0.0592041015625,91553792.0,191467.72498750687,0.0009631136199459434,0.00677490234375,2.0689661502838135,-0.02043011039495468,0.5946763753890991,-0.020689664408564568,0.00025955354794859886,0.0,-0.027286101132631302,1.0908266305923462,0.7044484477338342,6.365458011627197,1.7368303537368774,6.33817195892334,2.0064985752105713,6.683175086975098,4.167370319366455,,,,,,
8789940000.0,116.25,8.100000381469727,6391222784.0,2431.7175358813765,5588.0,0.0604248046875,91570176.0,191474.4626121521,0.001268913270905614,0.00921630859375,2.057915687561035,-0.02008025348186493,0.5444301962852478,-0.020579155534505844,0.0004989001899957657,0.0,-0.013406306505203247,1.041257381439209,0.741414744356747,6.4316205978393555,1.784484624862671,6.418214797973633,2.047652006149292,6.737624645233154,4.170961856842041,,,,,,
8789940000.0,136.03,7.699999809265137,6391222784.0,2441.2489789181695,5589.0,0.05615234375,91586560.0,191481.1739308834,0.001583206350915134,0.0115966796875,2.069652557373047,-0.020520377904176712,0.5247329473495483,-0.020696526393294334,0.0001761473249644041,0.0,-0.04753193259239197,1.0254000425338745,0.7469015900107865,6.289831161499023,1.7094860076904297,6.2422990798950195,2.0382065773010254,6.711318731307983,4.161891937255859,,,,,,
8789940000.0,118.02,8.300000190734863,6391222784.0,2437.546761331602,5590.0,0.0628662109375,91602944.0,191487.89544296265,0.0010247641475871205,0.00579833984375,2.05422043800354,-0.019577674567699432,0.4973718523979187,-0.02054220251739025,0.0009645279496908188,0.0,0.008250130340456963,0.9991632699966431,0.7564655937564759,6.311018466949463,1.785710096359253,6.319268703460693,2.0246803760528564,6.721512079238892,4.19333815574646,,,,,,
8789940000.0,127.84,8.100000381469727,6391222784.0,2439.924366597451,5591.0,0.0628662109375,91619328.0,191494.61040520668,0.0013776794075965881,0.010009765625,2.0792579650878906,-0.019806478172540665,0.4654211401939392,-0.020792579278349876,0.0009861057624220848,0.0,0.03492278978228569,0.9625494480133057,0.7915022608120078,6.31189489364624,1.8241816759109497,6.346817493438721,2.10800838470459,6.7149622440338135,4.184204816818237,,,,,,
8789940000.0,139.99,8.199999809265137,6391222784.0,2445.7841732784373,5592.0,0.062255859375,91635712.0,191501.30927920341,0.0014936323277652264,0.01153564453125,2.088944911956787,-0.020724957808852196,0.4878743886947632,-0.02088944986462593,0.00016449391841888428,0.0,-0.004419283010065556,0.9857357144355774,0.780990704826668,6.492192268371582,1.8859342336654663,6.4877729415893555,2.1063427925109863,6.698873996734619,4.18932843208313,,,,,,
8789940000.0,147.34,7.800000190734863,6391222784.0,2386.862622540817,5593.0,0.0537109375,91652096.0,191508.1735200882,0.000994402915239334,0.00433349609375,2.0805814266204834,-0.020481063053011894,0.4980050027370453,-0.020805813372135162,0.0003247484564781189,0.0,-0.01476476900279522,0.9952992796897888,0.7643568454476003,6.503228187561035,1.7983834743499756,6.488463401794434,2.050341844558716,6.864240884780884,4.181762218475342,,,,,,
8789940000.0,95.94,8.199999809265137,6391222784.0,2361.877140759601,5594.0,0.0701904296875,91668480.0,191515.11037540436,0.0012645195238292217,0.009033203125,2.0578603744506836,-0.0199471116065979,0.6286913156509399,-0.020578602328896523,0.0006314879283308983,0.0,0.02455262467265129,1.1209378242492676,0.7390185610801135,6.672658920288086,1.9156283140182495,6.697211265563965,2.1942036151885986,6.936855316162109,4.171276807785034,,,,,,
8789940000.0,122.05,8.5,6391222784.0,2352.831502462463,5595.0,0.0750732421875,91684864.0,191522.07389998436,0.0016817155992612243,0.013671875,2.06695818901062,-0.020169224590063095,0.5130333304405212,-0.02066958136856556,0.0005003535188734531,0.0,0.03312758356332779,1.0124928951263428,0.7645663572366086,6.628360748291016,1.8733302354812622,6.6614885330200195,2.0866894721984863,6.963524580001831,4.167176008224487,,,,,,
8789940000.0,118.4,8.0,6391222784.0,2367.3187890479667,5596.0,0.07080078125,91701248.0,191528.99480986595,0.0008962262654677033,0.00341796875,2.056307792663574,-0.019927242770791054,0.6366752982139587,-0.020563077181577682,0.0006358325481414795,0.0,-0.014785807579755783,1.1267739534378052,0.7317301068945822,6.616466522216797,1.8945083618164062,6.601680278778076,2.1754579544067383,6.920909881591797,4.202503204345703,,,,,,
8789940000.0,94.39,8.800000190734863,6391222784.0,2408.321329986657,5597.0,0.0775146484375,91717632.0,191535.7978887558,0.0007892641006037593,0.00390625,2.039853096008301,-0.020496506243944168,0.4774983525276184,-0.02039852924644947,-9.79788601398468e-05,0.0,0.09847326576709747,0.976167619228363,0.7825542662083265,6.60965633392334,1.868774652481079,6.7081298828125,2.0933849811553955,6.803078889846802,4.186599016189575,,,,,,
8789940000.0,115.78,8.100000381469727,6391222784.0,2444.4562013217096,5598.0,0.0689697265625,91734016.0,191542.50040197372,0.0010604700073599815,0.0064697265625,2.0211329460144043,-0.020075276494026184,0.6171735525131226,-0.02021132968366146,0.00013605388812720776,0.0,-0.02666645124554634,1.1073458194732666,0.7391799467400335,6.693127632141113,1.8928321599960327,6.66646146774292,2.1682677268981934,6.702513217926025,4.186310529708862,,,,,,
8789940000.0,106.23,8.5,6391222784.0,2433.8870469471767,5599.0,0.0799560546875,91750400.0,191549.23202085495,0.0014873688342049718,0.00946044921875,2.025784730911255,-0.01926063373684883,0.5788934230804443,-0.020257847383618355,0.0009972155094146729,0.0,0.011908689513802528,1.0793137550354004,0.7450203412256288,6.844874858856201,1.867646336555481,6.856783866882324,2.137446403503418,6.731618881225586,4.174400568008423,,,,,,
,,,,,,,,,,,,,,,,,,,,,,,,,,0.017902329564094543,0.5571721792221069,0.5203628540039062,0.017902329564094543,0.5571721792221069,0.5203628540039062
,,,,,,,,,,,,,,,,,,,,,,,,,,0.01864447258412838,0.514397144317627,0.4909136891365051,0.01864447258412838,0.514397144317627,0.4909136891365051
,,,,,,,,,,,,,,,,,,,,,,,,,,0.017575493082404137,0.4874888062477112,0.46794089674949646,0.017575493082404137,0.4874888062477112,0.46794089674949646
,,,,,,,,,,,,,,,,,,,,,,,,,,0.01734035834670067,0.4669483006000519,0.45121288299560547,0.01734035834670067,0.4669483006000519,0.45121288299560547
,,,,,,,,,,,,,,,,,,,,,,,,,,0.017610568553209305,0.4511776268482208,0.435212641954422,0.017610568553209305,0.4511776268482208,0.435212641954422
,,,,,,,,,,,,,,,,,,,,,,,,,,0.018064603209495544,0.4355759918689728,0.42023980617523193,0.018064603209495544,0.4355759918689728,0.42023980617523193
8789940000.0,80.63,8.5,6188634112.0,18.621177613052023,5600.0,0.0823974609375,91766784.0,192429.0904455185,0.0013096437323838472,0.00714111328125,2.020521879196167,-0.019864851608872414,0.5699285864830017,-0.020205218344926834,0.0003403676673769951,0.0,0.0863528773188591,1.0647735595703125,0.754586394058028,6.640645980834961,1.888542652130127,6.726999282836914,2.149354934692383,879.8584246635437,4.185073375701904,,,,,,
8789940000.0,92.22,8.800000190734863,6391222784.0,2423.7578018296267,5601.0,0.0775146484375,91783168.0,192435.85019683838,0.000756234279833734,0.0029296875,1.9943822622299194,-0.019713789224624634,0.4751453995704651,-0.019943824037909508,0.0002300376072525978,0.0,0.10757750272750854,0.9753916263580322,0.7883259812299641,6.7336530685424805,1.905946135520935,6.841230392456055,2.1200459003448486,6.759751319885254,4.1690545082092285,,,,,,
8789940000.0,111.43,7.800000190734863,6391222784.0,2421.218773579933,5602.0,0.08544921875,91799552.0,192442.61703681946,0.0005148061318323016,0.001953125,1.9705090522766113,-0.019765950739383698,0.6702587604522705,-0.019705090671777725,-6.086158100515604e-05,0.0,-0.065158911049366,1.15227210521698,0.7426224082330148,6.953195571899414,1.9540714025497437,6.888036727905273,2.2712745666503906,6.766839981079102,4.17063045501709,,,,,,
8789940000.0,110.35,8.100000381469727,6391222784.0,2429.67627272942,5603.0,0.0701904296875,91815936.0,192449.3603219986,0.0009941465687006712,0.0035400390625,1.9867242574691772,-0.020318977534770966,0.5506874918937683,-0.019867243245244026,-0.0004517333582043648,0.0,-0.02860291674733162,1.0504791736602783,0.7367196937740963,6.803349494934082,1.8091728687286377,6.774746894836426,2.0472846031188965,6.743285179138184,4.190625429153442,,,,,,
8789940000.0,114.35,8.100000381469727,6391222784.0,2431.3633232772295,5604.0,0.0762939453125,91832320.0,192456.09892821312,0.0010331340599805117,0.00390625,2.0320043563842773,-0.019878381863236427,0.5378237962722778,-0.020320044830441475,0.00044166482985019684,0.0,-0.006114564836025238,1.0343589782714844,0.773843954557483,6.739505290985107,1.900619387626648,6.733390808105469,2.1750400066375732,6.738606214523315,4.160792350769043,,,,,,
8789940000.0,135.33,8.100000381469727,6391222784.0,2428.7149499959055,5605.0,0.0616455078125,91848704.0,192462.84488248825,0.0014029571320861578,0.010986328125,2.071855306625366,-0.020449291914701462,0.509101390838623,-0.02071855589747429,0.00026926537975668907,0.0,-0.006198911927640438,1.0132914781570435,0.755316398520847,6.473885536193848,1.7973194122314453,6.467686653137207,2.0484800338745117,6.745954275131226,4.174022912979126,,,,,,
8789940000.0,114.02,8.0,6391222784.0,2428.245084727388,5606.0,0.064697265625,91865088.0,192469.5921421051,0.002635257551446557,0.02008056640625,2.085937976837158,-0.020207630470395088,0.5509970188140869,-0.020859379321336746,0.0006517494330182672,0.0,-0.02898378297686577,1.0489418506622314,0.7574977419843021,6.6515045166015625,1.8672966957092285,6.622520446777344,2.1300666332244873,6.747259616851807,4.179356336593628,,,,,,
8789940000.0,108.4,8.699999809265137,6391222784.0,2410.6424900863676,5607.0,0.0714111328125,91881472.0,192476.3886704445,0.0017543882131576538,0.01422119140625,2.0787246227264404,-0.019690779969096184,0.4441365599632263,-0.02078724279999733,0.001096472144126892,0.0,0.04400837421417236,0.9413162469863892,0.7943307579410174,6.526607513427734,1.8409069776535034,6.570615768432617,2.075634717941284,6.796528339385986,4.205070734024048,,,,,,
8789940000.0,141.55,8.199999809265137,6391222784.0,2394.877485889213,5608.0,0.050048828125,91897856.0,192483.22993898392,0.0011848409194499254,0.0087890625,2.1259050369262695,-0.021124547347426414,0.48560699820518494,-0.02125905081629753,0.00013450346887111664,0.0,-0.033664118498563766,0.9864575266838074,0.7451426825905367,6.317262649536133,1.7762396335601807,6.283597946166992,1.9540221691131592,6.841268539428711,4.18272852897644,,,,,,
8789940000.0,138.33,7.599999904632568,6391222784.0,2410.4682161806577,5609.0,0.05615234375,91914240.0,192490.026958704,0.0011389959836378694,0.007080078125,2.049004077911377,-0.020808959379792213,0.5312392115592957,-0.020490039139986038,-0.00031892210245132446,0.0,-0.06862936913967133,1.028829574584961,0.7486470057213257,6.3045196533203125,1.7420812845230103,6.235889911651611,2.0521130561828613,6.797019720077515,4.173130750656128,,,,,,
8789940000.0,120.19,8.300000190734863,6391222784.0,2430.4757072067937,5610.0,0.069580078125,91930624.0,192496.7680258751,0.0011223078472539783,0.00714111328125,2.0211191177368164,-0.019161943346261978,0.5072027444839478,-0.02021118998527527,0.0010492485016584396,0.0,0.03226851671934128,1.0062081813812256,0.7599949640665996,6.457718372344971,1.7918001413345337,6.489986896514893,2.0538928508758545,6.741067171096802,4.181711435317993,,,,,,
8789940000.0,117.15,7.900000095367432,6391222784.0,2377.0354467387115,5611.0,0.064697265625,91947008.0,192503.6606450081,0.0008803823729977012,0.00457763671875,2.03421950340271,-0.020672135055065155,0.5857509970664978,-0.02034219540655613,-0.0003299419768154621,0.0,0.007451697718352079,1.0831278562545776,0.7389212467969319,6.387734413146973,1.8097485303878784,6.395185947418213,2.1197948455810547,6.8926191329956055,4.170291185379028,,,,,,
8789940000.0,130.83,8.300000190734863,6391222784.0,2415.3283109211984,5612.0,0.0762939453125,91963392.0,192510.44398784637,0.0008547934121452272,0.00439453125,2.0077147483825684,-0.01983366161584854,0.5216675996780396,-0.02007714845240116,0.00024348776787519455,0.0,0.031182311475276947,1.0220773220062256,0.7800255133384547,6.600475311279297,1.9234744310379028,6.631657600402832,2.179201126098633,6.7833428382873535,4.166564226150513,,,,,,
8789940000.0,125.04,8.300000190734863,6391222784.0,2396.0098439377507,5613.0,0.072021484375,91979776.0,192517.28202319145,0.0009667976992204785,0.00531005859375,2.0305769443511963,-0.020209170877933502,0.5141055583953857,-0.02030576765537262,9.659724310040474e-05,0.0,0.054149411618709564,1.0134512186050415,0.7657956965741118,6.586655616760254,1.8677281141281128,6.640805244445801,2.0941383838653564,6.838035345077515,4.178663015365601,,,,,,
8789940000.0,106.89,7.699999809265137,6391222784.0,2417.6561143664185,5614.0,0.0750732421875,91996160.0,192524.05883479118,0.0009330470347777009,0.004638671875,2.0131075382232666,-0.020148292183876038,0.656354546546936,-0.020131075754761696,-1.721736043691635e-05,0.0,-0.039814241230487823,1.1474164724349976,0.7496194771930289,6.608009338378906,2.002331018447876,6.568195343017578,2.2930877208709717,6.776811599731445,4.164959192276001,,,,,,
8789940000.0,89.68,8.300000190734863,6391222784.0,2408.6321355963664,5615.0,0.0762939453125,92012544.0,192530.86103582382,0.0011440289672464132,0.0068359375,2.060495376586914,-0.020367542281746864,0.48692959547042847,-0.020604951307177544,0.0002374071627855301,0.0,-0.002199014415964484,0.985744059085846,0.7933389560786267,6.6401591300964355,1.9288444519042969,6.637960433959961,2.168379068374634,6.80220103263855,4.189021348953247,,,,,,
8789940000.0,95.4,8.5,6391222784.0,2411.8119860317397,5616.0,0.0592041015625,92028928.0,192537.6542685032,0.0011890147579833865,0.00946044921875,2.096632242202759,-0.02079106867313385,0.45662084221839905,-0.020966321229934692,0.0001752600073814392,0.0,-0.002961312886327505,0.9487618207931519,0.7714034904143493,6.368161201477051,1.76914381980896,6.365200042724609,1.9843698740005493,6.793232679367065,4.179462194442749,,,,,,
8789940000.0,148.73,7.900000095367432,6391222784.0,2430.1711846552334,5617.0,0.0555419921875,92045312.0,192544.3961803913,0.001637928420677781,0.01220703125,2.0994770526885986,-0.020369889214634895,0.46307989954948425,-0.020994769409298897,0.0006248801946640015,0.0,-0.01955273374915123,0.9636276364326477,0.7715901654785492,6.451345443725586,1.7770553827285767,6.431792736053467,2.016284942626953,6.741911888122559,4.179953575134277,,,,,,
8789940000.0,157.91,8.300000190734863,6391222784.0,2436.5147538261053,5618.0,0.050048828125,92061696.0,192551.1205394268,0.0009328854503110051,0.0040283203125,2.1182217597961426,-0.02099412865936756,0.4289800226688385,-0.021182218566536903,0.00018808990716934204,0.0,0.013909092172980309,0.9255234003067017,0.7628643903569976,6.455960750579834,1.6562473773956299,6.469869613647461,1.9005918502807617,6.724359035491943,4.192567348480225,,,,,,
8789940000.0,161.36,8.300000190734863,6391222784.0,2442.61809336211,5619.0,0.068359375,92078080.0,192557.82809638977,0.001629033824428916,0.01214599609375,2.098144054412842,-0.020189767703413963,0.4754391312599182,-0.0209814365953207,0.0007916688919067383,0.0,-0.014167848974466324,0.9767619371414185,0.789875320811094,6.511884689331055,1.8514392375946045,6.497716903686523,2.1308376789093018,6.707556962966919,4.1778833866119385,,,,,,
8789940000.0,112.85,8.100000381469727,6391222784.0,2390.031265617097,5620.0,0.0750732421875,92094464.0,192564.6832368374,0.001019979827105999,0.0078125,2.032898187637329,-0.01970628648996353,0.5453587770462036,-0.020328981801867485,0.0006226948462426662,0.0,-0.002822455018758774,1.0448343753814697,0.7741380194993163,6.758203029632568,1.9038175344467163,6.755380630493164,2.198498487472534,6.855140447616577,4.184962749481201,,,,,,
8789940000.0,117.82,8.300000190734863,6391222784.0,2432.7950038110066,5621.0,0.0750732421875,92110848.0,192571.41787743568,0.0019343867897987366,0.01800537109375,2.0699756145477295,-0.020204758271574974,0.6054809093475342,-0.0206997562199831,0.0004949942231178284,0.0,0.017438434064388275,1.1008964776992798,0.7477440544402947,6.813961505889893,1.9335602521896362,6.831399917602539,2.191925287246704,6.734640598297119,4.17327618598938,,,,,,
8789940000.0,133.39,7.900000095367432,6391222784.0,2422.4416796249952,5622.0,0.059814453125,92127232.0,192578.18130135536,0.0016133785247802734,0.01324462890625,2.0972023010253906,-0.02016628533601761,0.5194635391235352,-0.02097202092409134,0.0008057337254285812,0.0,-0.01271072868257761,1.0192952156066895,0.757071294815815,6.652242660522461,1.8290600776672363,6.639532089233398,2.0680487155914307,6.763423919677734,4.1838154792785645,,,,,,
8789940000.0,97.9,8.199999809265137,6391222784.0,2437.3857794268956,5623.0,0.0732421875,92143616.0,192584.90325737,0.002069884678348899,0.0174560546875,2.0978870391845703,-0.020669590681791306,0.548042356967926,-0.02097887173295021,0.00030928198248147964,0.0,-0.03734266012907028,1.0452216863632202,0.7782658001878711,6.645477294921875,1.963496208190918,6.608134746551514,2.2196884155273438,6.721956014633179,4.183722734451294,,,,,,
8789940000.0,95.62,7.900000095367432,6391222784.0,2421.3356507674516,5624.0,0.07080078125,92160000.0,192591.66977071762,0.0019073388539254665,0.0120849609375,2.1021323204040527,-0.02054845169186592,0.6607866287231445,-0.021021323278546333,0.0004728680942207575,0.0,-0.07792232930660248,1.1472049951553345,0.7271759624938696,6.554671287536621,1.8866856098175049,6.476748466491699,2.196340322494507,6.766513347625732,4.203308582305908,,,,,,
8789940000.0,112.21,8.699999809265137,6391222784.0,2445.5627444291313,5625.0,0.0689697265625,92176384.0,192598.36925125122,0.0016029844991862774,0.01116943359375,2.1120212078094482,-0.020922232419252396,0.48158878087997437,-0.021120211109519005,0.0001979786902666092,0.0,0.03529825061559677,0.9782043099403381,0.777484132785388,6.610918998718262,1.8505656719207764,6.646217346191406,2.073715925216675,6.6994805335998535,4.182283163070679,,,,,,
8789940000.0,150.61,7.5,6391222784.0,2453.434435785399,5626.0,0.0567626953125,92192768.0,192605.0472369194,0.0011956850066781044,0.008544921875,2.097141742706299,-0.020741380751132965,0.5334492325782776,-0.02097141556441784,0.00023003295063972473,0.0,-0.030964374542236328,1.0307323932647705,0.7400661996230993,6.39139986038208,1.7213679552078247,6.3604350090026855,2.021688461303711,6.677985668182373,4.172959089279175,,,,,,
8789940000.0,126.79,8.600000381469727,6391222784.0,2445.7439579841334,5627.0,0.067138671875,92209152.0,192611.74622106552,0.0012319206725805998,0.007568359375,2.1007912158966064,-0.02092801406979561,0.5221602916717529,-0.02100791037082672,7.98981636762619e-05,0.0,0.057287365198135376,1.0195732116699219,0.7483838237660494,6.413447380065918,1.8399512767791748,6.470734596252441,2.0325868129730225,6.698984146118164,4.1888768672943115,,,,,,
8789940000.0,111.6,8.399999618530273,6391222784.0,2429.484634435612,5628.0,0.07080078125,92225536.0,192618.4900381565,0.001000529620796442,0.0052490234375,2.0753345489501953,-0.02030876651406288,0.5948063731193542,-0.020753348246216774,0.0004445752128958702,0.0,-0.030671698972582817,1.0910882949829102,0.7424488314595683,6.613560676574707,1.8566005229949951,6.582888603210449,2.149949312210083,6.743817090988159,4.161544322967529,,,,,,
8789940000.0,117.24,8.100000381469727,6391222784.0,2408.9116083607114,5629.0,0.0616455078125,92241920.0,192625.29145002365,0.0006462240125983953,0.0029296875,2.100929021835327,-0.020438512787222862,0.5188658237457275,-0.0210092905908823,0.0005707805976271629,0.0,0.0067926086485385895,1.0189098119735718,0.7469258743950631,6.542989730834961,1.7531925439834595,6.5497822761535645,2.025404214859009,6.801411867141724,4.168713331222534,,,,,,
8789940000.0,149.12,7.699999809265137,6391222784.0,2442.171995039425,5630.0,0.0640869140625,92258304.0,192632.0002322197,0.001264030928723514,0.00811767578125,2.086517572402954,-0.020563678815960884,0.5205862522125244,-0.020865174010396004,0.00030149519443511963,0.0,-0.0024614883586764336,1.0216081142425537,0.7664562032181436,6.517671585083008,1.811488151550293,6.515210151672363,2.113976001739502,6.708782196044922,4.185465335845947,,,,,,
8789940000.0,138.01,8.0,6391222784.0,2421.3751526892675,5631.0,0.064697265625,92274688.0,192638.76663517952,0.0018960046581923962,0.0135498046875,2.0521295070648193,-0.020094705745577812,0.6502673625946045,-0.020521298050880432,0.00042659277096390724,0.0,0.010524861514568329,1.141842007637024,0.722092834462105,6.489097595214844,1.881029486656189,6.499622344970703,2.1659884452819824,6.766402959823608,4.17724084854126,,,,,,
,,,,,,,,,,,,,,,,,,,,,,,,,,0.022831019014120102,0.5587860345840454,0.5158913731575012,0.022831019014120102,0.5587860345840454,0.5158913731575012
,,,,,,,,,,,,,,,,,,,,,,,,,,0.022963659837841988,0.5142452716827393,0.4862600564956665,0.022963659837841988,0.5142452716827393,0.4862600564956665
,,,,,,,,,,,,,,,,,,,,,,,,,,0.021819330751895905,0.4879523813724518,0.4648209512233734,0.021819330751895905,0.4879523813724518,0.4648209512233734
,,,,,,,,,,,,,,,,,,,,,,,,,,0.021030567586421967,0.4686926603317261,0.4474572241306305,0.021030567586421967,0.4686926603317261,0.4474572241306305
,,,,,,,,,,,,,,,,,,,,,,,,,,0.021066812798380852,0.4543980360031128,0.43446412682533264,0.021066812798380852,0.4543980360031128,0.43446412682533264
,,,,,,,,,,,,,,,,,,,,,,,,,,0.021105214953422546,0.44068312644958496,0.4188869297504425,0.021105214953422546,0.44068312644958496,0.4188869297504425
8789940000.0,99.41,8.5,6188634112.0,18.609779320629055,5632.0,0.076904296875,92291072.0,193519.1639637947,0.0004858432512264699,0.00091552734375,2.0585007667541504,-0.020943887531757355,0.5972484350204468,-0.020585009828209877,-0.0003588777035474777,0.0,0.07197673618793488,1.0930826663970947,0.7436165346619703,6.775445461273193,1.9484734535217285,6.847421646118164,2.1587769985198975,880.3973286151886,4.202446937561035,,,,,,
8789940000.0,124.53,8.300000190734863,6391222784.0,2431.354204762271,5633.0,0.07568359375,92307456.0,193525.9025952816,0.000477147608762607,0.0013427734375,2.0622870922088623,-0.020537201315164566,0.6358405351638794,-0.020622873678803444,8.56686383485794e-05,0.0,0.059010159224271774,1.1323034763336182,0.7188276520841681,6.792423725128174,1.9154433012008667,6.851433753967285,2.135387420654297,6.7386314868927,4.1914896965026855,,,,,,
8789940000.0,95.99,9.100000381469727,6391222784.0,2430.1996310326267,5634.0,0.091552734375,92323840.0,193532.64442825317,0.000497779343277216,0.001708984375,2.0349478721618652,-0.020071066915988922,0.5211100578308105,-0.020349478349089622,0.00027840863913297653,0.0,0.07529257982969284,1.016547441482544,0.7757194408221479,7.0514421463012695,1.90669584274292,7.126734733581543,2.1465041637420654,6.741832971572876,4.18887186050415,,,,,,
8789940000.0,114.05,8.199999809265137,6391222784.0,2428.0305090433694,5635.0,0.08056640625,92340224.0,193539.3922841549,0.0006329934694804251,0.00323486328125,2.0620412826538086,-0.020349998027086258,0.6093748807907104,-0.02062041312456131,0.0002704150974750519,0.0,0.0018096084240823984,1.1038525104522705,0.7336618350668315,6.960794448852539,1.8765603303909302,6.962603569030762,2.13891863822937,6.74785590171814,4.190665006637573,,,,,,
8789940000.0,92.23,8.699999809265137,6391222784.0,2424.6705450635263,5636.0,0.0811767578125,92356608.0,193546.14949083328,0.0004711165966000408,0.0008544921875,2.0246665477752686,-0.02016552723944187,0.4943697452545166,-0.020246664062142372,8.113938383758068e-05,0.0,0.04699220508337021,0.9946609139442444,0.7705762093885838,6.988254547119141,1.8670750856399536,7.0352463722229,2.0766143798828125,6.757206678390503,4.168087005615234,,,,,,
8789940000.0,101.21,8.300000190734863,6391222784.0,2428.849892858699,5637.0,0.0750732421875,92372992.0,193552.8950703144,0.0005852914764545858,0.00201416015625,2.0609092712402344,-0.02069791406393051,0.5549145340919495,-0.020609091967344284,-8.88211652636528e-05,0.0,-0.0010352672543376684,1.054769515991211,0.7384930688302214,6.864482879638672,1.7939103841781616,6.863447189331055,2.062603235244751,6.745579481124878,4.186540126800537,,,,,,
8789940000.0,88.33,8.600000381469727,6391222784.0,2421.6815709756856,5638.0,0.089111328125,92389376.0,193559.6606171131,0.0004228431498631835,0.001708984375,2.027724504470825,-0.020284026861190796,0.6152247190475464,-0.020277243107557297,-6.78282231092453e-06,0.0,-0.015736738219857216,1.1086968183517456,0.724173944480929,7.130084991455078,1.8331915140151978,7.114348411560059,2.1110353469848633,6.765546798706055,4.203568935394287,,,,,,
8789940000.0,88.84,8.399999618530273,6391222784.0,2442.7051792355683,5639.0,0.067138671875,92405760.0,193566.36793494225,0.000592390657402575,0.00408935546875,2.052844285964966,-0.020416665822267532,0.4420832693576813,-0.020528441295027733,0.00011177454143762589,0.0,-0.008046584203839302,0.9356225728988647,0.7738834357602644,6.898286819458008,1.7383980751037598,6.890240669250488,1.9675909280776978,6.70731782913208,4.199902296066284,,,,,,
8789940000.0,147.23,7.599999904632568,6391222784.0,2452.372043373913,5640.0,0.059814453125,92422144.0,193573.04881358147,0.0019349438371136785,0.01800537109375,2.0658113956451416,-0.020623140037059784,0.5751840472221375,-0.020658114925026894,3.497488796710968e-05,0.0,-0.1276957392692566,1.0702413320541382,0.7242642227923448,6.708419322967529,1.7058922052383423,6.580723762512207,2.0381462574005127,6.680878639221191,4.1878838539123535,,,,,,
8789940000.0,139.16,7.900000095367432,6391222784.0,2422.9057989476355,5641.0,0.0640869140625,92438528.0,193579.8109419346,0.0017977600218728185,0.01702880859375,2.060379981994629,-0.020392058417201042,0.5590085983276367,-0.02060380019247532,0.00021174130961298943,0.0,-0.0486132875084877,1.0618804693222046,0.7301922157529008,6.521739959716797,1.71062433719635,6.473126411437988,2.044316530227661,6.7621283531188965,4.195081949234009,,,,,,
8789940000.0,121.43,8.5,6391222784.0,2424.593123784607,5642.0,0.0604248046875,92454912.0,193586.5683643818,0.0007801007013767958,0.00506591796875,2.089625358581543,-0.020821772515773773,0.39404022693634033,-0.02089625410735607,7.44799617677927e-05,0.0,0.0263674333691597,0.8867262005805969,0.7981851528651799,6.463652610778809,1.7415335178375244,6.490019798278809,1.9738438129425049,6.75742244720459,4.196094036102295,,,,,,
8789940000.0,97.49,8.699999809265137,6391222784.0,2446.6638436299313,5643.0,0.0732421875,92471296.0,193593.26482987404,0.0007458042819052935,0.00152587890625,2.069981098175049,-0.020988576114177704,0.4891166687011719,-0.02069981023669243,-0.0002887663431465626,0.0,0.07262957096099854,0.9870054721832275,0.7853088034942968,6.588968276977539,1.8986884355545044,6.661598205566406,2.1301612854003906,6.696465492248535,4.168821096420288,,,,,,
8789940000.0,115.92,8.399999618530273,6391222784.0,2448.326424537263,5644.0,0.0848388671875,92487680.0,193599.95674800873,0.0006147840758785605,0.001708984375,2.0046939849853516,-0.020139086991548538,0.660062849521637,-0.020046936348080635,-9.215064346790314e-05,0.0,-0.00010230857878923416,1.1529202461242676,0.7299655895632136,6.755359649658203,1.9313017129898071,6.755257606506348,2.218655586242676,6.691918134689331,4.18068790435791,,,,,,
8789940000.0,112.44,7.599999904632568,6391222784.0,2437.3343423236615,5645.0,0.069580078125,92504064.0,193606.67884588242,0.0009124642820097506,0.0032958984375,2.0032858848571777,-0.019842345267534256,0.6263609528541565,-0.020032860338687897,0.00019051600247621536,0.0,-0.03565996140241623,1.119490146636963,0.7463127317447622,6.644308090209961,1.9378267526626587,6.60864782333374,2.2226486206054688,6.722097873687744,4.201342344284058,,,,,,
8789940000.0,106.11,9.0,6391222784.0,2420.10133216112,5646.0,0.07568359375,92520448.0,193613.44881033897,0.0009147055679932237,0.00396728515625,2.00655198097229,-0.019489731639623642,0.5145531296730042,-0.020065519958734512,0.000575789250433445,0.0,0.06252254545688629,1.013615608215332,0.7559041114059104,6.715233325958252,1.8563520908355713,6.7777557373046875,2.0516011714935303,6.7699644565582275,4.165236473083496,,,,,,
8789940000.0,106.13,8.5,6391222784.0,2382.4112895537196,5647.0,0.0811767578125,92536832.0,193620.32587647438,0.0006562629714608192,0.00274658203125,1.985750675201416,-0.019733645021915436,0.5401269197463989,-0.019857505336403847,0.00012385915033519268,0.0,0.01996137760579586,1.04099440574646,0.7479575303010986,6.887174606323242,1.810958981513977,6.907135963439941,2.0735349655151367,6.877066135406494,4.1995038986206055,,,,,,
8789940000.0,91.63,9.100000381469727,6391222784.0,2405.5002341285044,5648.0,0.0775146484375,92553216.0,193627.13693380356,0.000718954426702112,0.00177001953125,2.0197670459747314,-0.020454520359635353,0.4419805407524109,-0.020197669044137,-0.0002568545751273632,0.0,0.04430775344371796,0.9413056969642639,0.7769080240463753,6.885786056518555,1.7865822315216064,6.930094242095947,1.992916226387024,6.8110573291778564,4.192327976226807,,,,,,
8789940000.0,110.36,8.300000190734863,6391222784.0,2470.5915481756974,5649.0,0.062255859375,92569600.0,193633.76854395866,0.0009277093922719359,0.00225830078125,2.022252321243286,-0.019484782591462135,0.4885216951370239,-0.02022252045571804,0.0007377378642559052,0.0,-0.05376380681991577,0.987398087978363,0.7629694071005465,6.673033714294434,1.7876821756362915,6.619270324707031,2.0281033515930176,6.631610155105591,4.181875467300415,,,,,,
8789940000.0,128.16,8.0,6391222784.0,2485.711993203161,5650.0,0.0640869140625,92585984.0,193640.35981440544,0.0011511030606925488,0.006591796875,2.0075690746307373,-0.019735729321837425,0.4700146019458771,-0.020075690001249313,0.00033995695412158966,0.0,-0.058744240552186966,0.9677798748016357,0.7816457597030313,6.5518035888671875,1.7906053066253662,6.493059158325195,2.0710742473602295,6.591270446777344,4.190940856933594,,,,,,
8789940000.0,140.92,8.699999809265137,6391222784.0,2487.1165958063466,5651.0,0.0689697265625,92602368.0,193646.94736242294,0.0006653870223090053,0.0030517578125,1.9889404773712158,-0.020172525197267532,0.4629685878753662,-0.019889403134584427,-0.00028312171343714,0.0,0.01904967613518238,0.963188648223877,0.7690561245973567,6.619675636291504,1.7665461301803589,6.638725280761719,2.004279375076294,6.587548017501831,4.188444137573242,,,,,,
8789940000.0,126.43,8.399999618530273,6391222784.0,2464.9175830309077,5652.0,0.0634765625,92618752.0,193653.5942378044,0.001104883849620819,0.0062255859375,2.0270371437072754,-0.019179724156856537,0.5208697319030762,-0.020270369946956635,0.0010906485840678215,0.0,-0.00885406881570816,1.0213708877563477,0.7469931441713329,6.621088981628418,1.7632895708084106,6.612235069274902,2.030566692352295,6.646875381469727,4.172997713088989,,,,,,
8789940000.0,123.9,8.399999618530273,6391222784.0,2428.1245367421466,5653.0,0.0799560546875,92635136.0,193660.34183239937,0.0031965291127562523,0.02813720703125,2.0110573768615723,-0.019367003813385963,0.5136070251464844,-0.02011057361960411,0.0007435772567987442,0.0,-0.009296366944909096,1.0132153034210205,0.781242954724576,6.812973499298096,1.88712477684021,6.803677558898926,2.1663103103637695,6.747594594955444,4.183868408203125,,,,,,
8789940000.0,100.27,8.5,6391222784.0,2437.752385686297,5654.0,0.078125,92651520.0,193667.06277751923,0.0027335486374795437,0.02056884765625,2.0152323246002197,-0.018354572355747223,0.45302027463912964,-0.020152324810624123,0.0017977487295866013,0.0,-0.016087085008621216,0.9499794244766235,0.7966893338150649,6.71700382232666,1.8815243244171143,6.700916290283203,2.106851577758789,6.720945119857788,4.18096137046814,,,,,,
8789940000.0,111.55,8.800000190734863,6391222784.0,2452.15169514127,5655.0,0.0579833984375,92667904.0,193673.74425649643,0.0006826341850683093,0.003662109375,2.039494514465332,-0.019985133782029152,0.39430758357048035,-0.0203949436545372,0.00040980952326208353,0.0,0.039587728679180145,0.887708842754364,0.7853956600480569,6.459223747253418,1.7226299047470093,6.4988112449646,1.916245460510254,6.681478977203369,4.189024448394775,,,,,,
8789940000.0,160.44,8.199999809265137,6391222784.0,2443.7868463949494,5656.0,0.05615234375,92684288.0,193680.4486055374,0.0006480613956227899,0.0023193359375,2.0250282287597656,-0.019938388839364052,0.45485615730285645,-0.02025027945637703,0.00031189736910164356,0.0,-0.05187401920557022,0.9521838426589966,0.7554511939871238,6.486094951629639,1.6798797845840454,6.434221267700195,1.9254764318466187,6.704349040985107,4.187072992324829,,,,,,
8789940000.0,112.42,7.900000095367432,6391222784.0,2445.222236562037,5657.0,0.068359375,92700672.0,193687.1490190029,0.0013464378425851464,0.00836181640625,1.994480848312378,-0.019245192408561707,0.5209758281707764,-0.01994480937719345,0.0006996113806962967,0.0,-0.0062247347086668015,1.0191054344177246,0.7516146419443855,6.589227676391602,1.7651959657669067,6.583003044128418,2.0448262691497803,6.700413465499878,4.168303966522217,,,,,,
8789940000.0,116.1,9.0,6391222784.0,2433.5596068524774,5658.0,0.0726318359375,92717056.0,193693.88154363632,0.0008606332121416926,0.00299072265625,1.9816080331802368,-0.020004797726869583,0.48365387320518494,-0.0198160819709301,-0.00018871878273785114,0.0,0.07388436794281006,0.9823732376098633,0.7551578091210955,6.8288421630859375,1.7563724517822266,6.902726173400879,1.9853323698043823,6.732524633407593,4.183964014053345,,,,,,
8789940000.0,92.74,8.300000190734863,6391222784.0,2434.086191534997,5659.0,0.0848388671875,92733440.0,193700.61261177063,0.0007109876023605466,0.00274658203125,1.965071201324463,-0.019730515778064728,0.69454026222229,-0.019650712609291077,-7.980503141880035e-05,0.0,-0.020575372502207756,1.1809966564178467,0.6641930671194027,7.046358108520508,1.807394027709961,7.025782585144043,2.0379974842071533,6.731068134307861,4.187999486923218,,,,,,
8789940000.0,103.04,8.699999809265137,6391222784.0,2435.2206437975783,5660.0,0.076904296875,92749824.0,193707.34054422379,0.0007016202434897423,0.0032958984375,1.9420733451843262,-0.019786471500992775,0.5701303482055664,-0.01942073181271553,-0.0003657415509223938,0.0,0.06698711961507797,1.0651143789291382,0.7046440035932506,6.906832695007324,1.697442650794983,6.973819732666016,1.9598509073257446,6.727932453155518,4.185584306716919,,,,,,
8789940000.0,112.56,7.900000095367432,6391222784.0,2366.89846407028,5661.0,0.0830078125,92766208.0,193714.26268315315,0.001049957238137722,0.0074462890625,1.9473985433578491,-0.018828842788934708,0.5405197739601135,-0.019473984837532043,0.000645143911242485,0.0,-0.01297854632139206,1.0394418239593506,0.7519940704398,6.879617691040039,1.7486004829406738,6.866639137268066,2.0872254371643066,6.922138929367065,4.16723108291626,,,,,,
8789940000.0,84.87,8.600000381469727,6391222784.0,2389.2801423788164,5662.0,0.0921630859375,92782592.0,193721.1199786663,0.0008350252173841,0.00445556640625,1.935219407081604,-0.01919415593147278,0.6133255362510681,-0.019352193921804428,0.00015803705900907516,0.0,0.037545040249824524,1.105210542678833,0.7324473640307229,7.057447910308838,1.8424872159957886,7.094993591308594,2.136686086654663,6.857295513153076,4.168742895126343,,,,,,
8789940000.0,91.91,8.300000190734863,6391222784.0,2382.41095917386,5663.0,0.0762939453125,92798976.0,193727.9970457554,0.000809430843219161,0.00347900390625,1.9337403774261475,-0.019492903724312782,0.5394937992095947,-0.019337404519319534,-0.0001554945483803749,0.0,0.01642634905874729,1.0345362424850464,0.7373759619451254,6.858785629272461,1.786798357963562,6.875211715698242,2.018730640411377,6.8770670890808105,4.176616191864014,,,,,,
,,,,,,,,,,,,,,,,,,,,,,,,,,0.017145443707704544,0.5541365742683411,0.5140106081962585,0.017145443707704544,0.5541365742683411,0.5140106081962585
,,,,,,,,,,,,,,,,,,,,,,,,,,0.01526267547160387,0.5064871907234192,0.48400554060935974,0.01526267547160387,0.5064871907234192,0.48400554060935974
,,,,,,,,,,,,,,,,,,,,,,,,,,0.015014789998531342,0.4820209741592407,0.4617215692996979,0.015014789998531342,0.4820209741592407,0.4617215692996979
,,,,,,,,,,,,,,,,,,,,,,,,,,0.015080544166266918,0.4623025059700012,0.442747563123703,0.015080544166266918,0.4623025059700012,0.442747563123703
,,,,,,,,,,,,,,,,,,,,,,,,,,0.015533192083239555,0.4457559585571289,0.42827102541923523,0.015533192083239555,0.4457559585571289,0.42827102541923523
,,,,,,,,,,,,,,,,,,,,,,,,,,0.01598609797656536,0.4321323037147522,0.4148011803627014,0.01598609797656536,0.4321323037147522,0.4148011803627014
8789940000.0,117.79,8.0,6188634112.0,18.592480053040354,5664.0,0.0738525390625,92815360.0,194609.21353507042,0.0007524364627897739,0.001953125,1.9781739711761475,-0.019405029714107513,0.643589198589325,-0.01978174038231373,0.00037671206519007683,0.0,-0.03920425847172737,1.133557915687561,0.7106772925631948,6.891048908233643,1.8236464262008667,6.851844787597656,2.1074271202087402,881.216489315033,4.179639577865601,,,,,,
8789940000.0,112.83,7.900000095367432,6391222784.0,2424.4198207002296,5665.0,0.0848388671875,92831744.0,194615.97144055367,0.0012169512920081615,0.00506591796875,1.997992992401123,-0.020128175616264343,0.6080803871154785,-0.01997992768883705,-0.0001482442021369934,0.0,0.0039654141291975975,1.1035130023956299,0.7460259675816768,6.864899158477783,1.8834996223449707,6.8688645362854,2.1896908283233643,6.75790548324585,4.197520017623901,,,,,,
8789940000.0,84.64,8.699999809265137,6391222784.0,2402.1669422258374,5666.0,0.0823974609375,92848128.0,194622.79194903374,0.0009615145972929895,0.00341796875,2.0241971015930176,-0.02050510048866272,0.5112220644950867,-0.02024197019636631,-0.0002631247043609619,0.0,0.020116250962018967,1.0105630159378052,0.7543790347362964,6.958046913146973,1.84196937084198,6.978163242340088,2.0390639305114746,6.8205084800720215,4.188697576522827,,,,,,
8789940000.0,110.07,8.800000190734863,6391222784.0,2400.4396532316355,5667.0,0.0701904296875,92864512.0,194629.61736536026,0.0007673660875298083,0.00225830078125,2.0623726844787598,-0.020330950617790222,0.41015106439590454,-0.02062372677028179,0.00029277894645929337,0.0,0.016801031306385994,0.9030883312225342,0.7849861230976789,6.757809638977051,1.7609856128692627,6.77461051940918,1.947586178779602,6.825416326522827,4.202561140060425,,,,,,
8789940000.0,147.83,8.5,6391222784.0,2399.3047806441946,5668.0,0.0518798828125,92880896.0,194636.44601011276,0.0009873423259705305,0.0042724609375,2.0870232582092285,-0.02094569429755211,0.36135461926460266,-0.020870231091976166,-7.546273991465569e-05,0.0,0.014391102828085423,0.8505944609642029,0.7890557527515519,6.487146377563477,1.6557762622833252,6.501537322998047,1.8519896268844604,6.828644752502441,4.19162130355835,,,,,,
8789940000.0,123.29,8.399999618530273,6391222784.0,2400.622375731563,5669.0,0.05859375,92897280.0,194643.2709069252,0.0010394498240202665,0.00592041015625,2.0595152378082275,-0.020024694502353668,0.4305269420146942,-0.02059515193104744,0.0005704527720808983,0.0,-0.02509656548500061,0.9277485013008118,0.7906363202665081,6.652547836303711,1.7823673486709595,6.627450942993164,2.0275866985321045,6.824896812438965,4.175605058670044,,,,,,
8789940000.0,128.66,8.5,6391222784.0,2416.9638649544218,5670.0,0.0592041015625,92913664.0,194650.04965949059,0.0010543004609644413,0.0042724609375,2.056610584259033,-0.02056129463016987,0.44301342964172363,-0.020566105842590332,4.8105139285326e-06,0.0,-0.0066625759936869144,0.9417652487754822,0.7696891185164211,6.635679244995117,1.748754620552063,6.629015922546387,1.9623892307281494,6.778752565383911,4.170389890670776,,,,,,
8789940000.0,163.6,7.599999904632568,6391222784.0,2421.6435951320786,5671.0,0.0653076171875,92930048.0,194656.81531238556,0.0005193998804315925,0.001953125,2.0134634971618652,-0.02018081769347191,0.556715190410614,-0.020134635269641876,-4.618242383003235e-05,0.0,-0.07089237868785858,1.053548812866211,0.7461540544149661,6.882262706756592,1.7865992784500122,6.811369895935059,2.091073751449585,6.765652894973755,4.181564092636108,,,,,,
8789940000.0,135.61,9.100000381469727,6391222784.0,2410.2401169494447,5672.0,0.0848388671875,92946432.0,194663.61297535896,0.0007224606815725565,0.0023193359375,1.9679440259933472,-0.0195024311542511,0.4439278841018677,-0.019679440185427666,0.0001770108938217163,0.0,0.15438047051429749,0.935901403427124,0.774202139631995,7.144490718841553,1.8178794384002686,7.298871040344238,1.9695638418197632,6.797662973403931,4.182546615600586,,,,,,
8789940000.0,111.76,8.699999809265137,6391222784.0,2394.962953627978,5673.0,0.0872802734375,92962816.0,194670.45399975777,0.0013593939365819097,0.00775146484375,1.9452323913574219,-0.019382305443286896,0.5220540761947632,-0.019452324137091637,7.001683115959167e-05,0.0,0.10181231796741486,1.0238958597183228,0.7303693551902581,7.237902641296387,1.8007253408432007,7.339715003967285,1.9718363285064697,6.841024398803711,4.172992706298828,,,,,,
8789940000.0,93.24,8.800000190734863,6391222784.0,2383.2941439152305,5674.0,0.0860595703125,92979200.0,194677.32851839066,0.0008950966876000166,0.0047607421875,1.9335856437683105,-0.01923447474837303,0.5724780559539795,-0.019335856661200523,0.00010138191282749176,0.0,0.07213348895311356,1.0716747045516968,0.7065291052180107,7.267200469970703,1.7964625358581543,7.339334487915039,1.978248119354248,6.874518632888794,4.172148942947388,,,,,,
8789940000.0,82.34,8.600000381469727,6391222784.0,2361.386444590188,5675.0,0.081787109375,92995584.0,194684.26681518555,0.0009296869393438101,0.00543212890625,1.9722514152526855,-0.019367216154932976,0.4777444303035736,-0.01972251571714878,0.0003552976995706558,0.0,0.052200138568878174,0.9738184809684753,0.7627672080890738,7.225482940673828,1.7902640104293823,7.277683258056641,1.999359130859375,6.938296794891357,4.185085773468018,,,,,,
8789940000.0,107.63,9.0,6391222784.0,2386.0859828047724,5676.0,0.0860595703125,93011968.0,194691.13329029083,0.001624746946617961,0.0098876953125,1.97209632396698,-0.019775740802288055,0.4643268883228302,-0.019720962271094322,-5.4778531193733215e-05,0.0,0.04824254661798477,0.9616227149963379,0.7737020831444404,7.160223960876465,1.793408751487732,7.208466529846191,2.0214574337005615,6.8664751052856445,4.182994604110718,,,,,,
8789940000.0,96.64,8.300000190734863,6391222784.0,2394.089617184176,5677.0,0.089111328125,93028352.0,194697.9768102169,0.001731009455397725,0.013427734375,1.9869885444641113,-0.01938895881175995,0.7065285444259644,-0.019869886338710785,0.00048092566430568695,0.0,-0.07531097531318665,1.181807279586792,0.6759594819970465,7.450949192047119,1.7873215675354004,7.375638484954834,2.076094150543213,6.843519926071167,4.183868646621704,,,,,,
8789940000.0,104.04,8.199999809265137,6391222784.0,2437.5557534291424,5678.0,0.0726318359375,93044736.0,194704.6982975006,0.0009564447682350874,0.0050048828125,2.013410806655884,-0.01944221928715706,0.54151850938797,-0.020134108141064644,0.0006918869912624359,0.0,-0.061045482754707336,1.0387632846832275,0.7268700694927916,7.135154724121094,1.6852340698242188,7.074109077453613,1.987613558769226,6.721487283706665,4.180428743362427,,,,,,
8789940000.0,110.88,8.0,6391222784.0,2408.059123768173,5679.0,0.067138671875,93061120.0,194711.50211715698,0.0013419443275779486,0.01019287109375,2.0401458740234375,-0.02045392245054245,0.5460000038146973,-0.02040145918726921,-5.246885120868683e-05,0.0,-0.07555468380451202,1.0425708293914795,0.7389119634682562,6.955654621124268,1.7317661046981812,6.880100250244141,2.0403859615325928,6.80381965637207,4.203774452209473,,,,,,
8789940000.0,104.8,7.599999904632568,6391222784.0,2351.7906868448104,5680.0,0.0732421875,93077504.0,194718.46872353554,0.002702792640775442,0.0257568359375,2.03914475440979,-0.019295675680041313,0.5809952616691589,-0.020391445606946945,0.0010957696940749884,0.0,-0.07383809983730316,1.0807793140411377,0.7339390316914292,7.008514404296875,1.7383813858032227,6.934676647186279,2.095302104949951,6.966606378555298,4.182560443878174,,,,,,
8789940000.0,145.21,8.199999809265137,6391222784.0,2396.100405321322,5681.0,0.0592041015625,93093888.0,194725.30650043488,0.0019475867738947272,0.014892578125,2.0612692832946777,-0.019852038472890854,0.4832182824611664,-0.020612692460417747,0.0007606539875268936,0.0,-0.030648276209831238,0.9810372591018677,0.7360566256475873,6.754276275634766,1.6674853563308716,6.723628044128418,1.9095453023910522,6.8377768993377686,4.1896233558654785,,,,,,
8789940000.0,118.57,8.0,6391222784.0,2407.035235278102,5682.0,0.07080078125,93110272.0,194732.11321425438,0.0017878314247354865,0.014404296875,2.061711311340332,-0.019409574568271637,0.5399391055107117,-0.020617112517356873,0.0012075453996658325,0.0,-0.004945103079080582,1.0404776334762573,0.7385753764723242,6.821608543395996,1.7398873567581177,6.8166632652282715,2.0349771976470947,6.806713819503784,4.167665958404541,,,,,,
8789940000.0,121.64,8.800000190734863,6391222784.0,2371.807086952794,5683.0,0.0811767578125,93126656.0,194739.02102732658,0.0017387659754604101,0.01385498046875,2.000077724456787,-0.020071694627404213,0.5452251434326172,-0.020000776275992393,-7.091998122632504e-05,0.0,0.045146580785512924,1.0386483669281006,0.7380051389031013,7.029028415679932,1.7598730325698853,7.074174880981445,2.0291874408721924,6.90781307220459,4.180204391479492,,,,,,
8789940000.0,106.33,8.399999618530273,6391222784.0,2377.399090921608,5684.0,0.0750732421875,93143040.0,194745.91259217262,0.0015576562145724893,0.01263427734375,2.03065824508667,-0.019903548061847687,0.554237961769104,-0.020306581631302834,0.000403035432100296,0.0,-0.035469651222229004,1.0502912998199463,0.7378470540292776,6.900579452514648,1.7641100883483887,6.865109443664551,2.051314353942871,6.891564846038818,4.185245990753174,,,,,,
8789940000.0,108.97,8.600000381469727,6391222784.0,2425.1161771126085,5685.0,0.0762939453125,93159424.0,194752.66855716705,0.0019722203724086285,0.01580810546875,2.0150275230407715,-0.020122241228818893,0.5066792964935303,-0.020150277763605118,2.803560346364975e-05,0.0,0.011275175958871841,1.008376121520996,0.7505198771760603,7.061529636383057,1.7792868614196777,7.0728044509887695,2.0188515186309814,6.755964994430542,4.184444427490234,,,,,,
8789940000.0,108.28,8.300000190734863,6391222784.0,2450.06394159391,5686.0,0.081787109375,93175808.0,194759.35572957993,0.001344440970569849,0.00714111328125,2.0090365409851074,-0.020147036761045456,0.516528308391571,-0.020090363919734955,-5.6673306971788406e-05,0.0,0.007040141616016626,1.017061471939087,0.7561354443213357,7.118501663208008,1.7918018102645874,7.125542640686035,2.059553861618042,6.6871724128723145,4.17756199836731,,,,,,
8789940000.0,109.15,8.399999618530273,6391222784.0,2386.1207802979925,5687.0,0.0836181640625,93192192.0,194766.2221045494,0.0013027000240981579,0.0062255859375,2.009078025817871,-0.019757654517889023,0.5124557614326477,-0.020090781152248383,0.00033312663435935974,0.0,-0.00976314302533865,1.0106314420700073,0.7650911347829116,7.068759918212891,1.7793118953704834,7.058996677398682,2.085177421569824,6.866374969482422,4.188400506973267,,,,,,
8789940000.0,101.9,8.399999618530273,6391222784.0,2394.617030533098,5688.0,0.0738525390625,93208576.0,194773.06411719322,0.0017837993800640106,0.01220703125,1.9923198223114014,-0.019896425306797028,0.541657567024231,-0.019923197105526924,2.677878364920616e-05,0.0,0.015170508064329624,1.0388426780700684,0.7480734795734347,6.934379577636719,1.814950704574585,6.949550628662109,2.0697269439697266,6.842012643814087,4.185154676437378,,,,,,
8789940000.0,111.29,8.100000381469727,6391222784.0,2404.7184047357355,5689.0,0.0823974609375,93224960.0,194779.87738895416,0.000669855740852654,0.0040283203125,1.9348238706588745,-0.0189240500330925,0.6016928553581238,-0.01934823952615261,0.00042418763041496277,0.0,-0.053680192679166794,1.0939910411834717,0.7480294046483114,6.977365493774414,1.8504124879837036,6.923685073852539,2.1794097423553467,6.813271760940552,4.18723464012146,,,,,,
8789940000.0,113.08,8.100000381469727,6391222784.0,2383.8562559809334,5690.0,0.07568359375,93241344.0,194786.75028657913,0.0014368147822096944,0.01226806640625,1.9542542695999146,-0.01890849508345127,0.6279315948486328,-0.019542541354894638,0.0006340444087982178,0.0,-0.06182774901390076,1.1199215650558472,0.7143978369959236,7.043766498565674,1.7912650108337402,6.98193883895874,2.095592498779297,6.872897624969482,4.183998107910156,,,,,,
8789940000.0,97.85,8.0,6391222784.0,2345.621523302999,5691.0,0.0732421875,93257728.0,194793.7352156639,0.001179727609269321,0.00799560546875,1.950534462928772,-0.01909210905432701,0.6620237231254578,-0.019505342468619347,0.00041323527693748474,0.0,-0.026401806622743607,1.149166226387024,0.6999223210799577,6.8774895668029785,1.7407339811325073,6.85108757019043,2.097808837890625,6.984929084777832,4.183285474777222,,,,,,
8789940000.0,89.91,8.899999618530273,6391222784.0,2376.2734049238406,5692.0,0.081787109375,93274112.0,194800.63004517555,0.0006078379228711128,0.00274658203125,2.005359649658203,-0.020013077184557915,0.3916561007499695,-0.020053597167134285,4.052184522151947e-05,0.0,0.05560325086116791,0.8842042088508606,0.803983729412193,6.9488139152526855,1.7861061096191406,7.004417419433594,1.9971306324005127,6.894829511642456,4.196285247802734,,,,,,
8789940000.0,104.53,8.600000381469727,6391222784.0,2382.333900574867,5693.0,0.076904296875,93290496.0,194807.50733470917,0.0010235049994662404,0.0068359375,2.0066978931427,-0.01888895593583584,0.48642855882644653,-0.02006697840988636,0.0011780252680182457,0.0,0.02759048156440258,0.9882279634475708,0.7625662793293089,6.936324119567871,1.7980222702026367,6.963913917541504,2.0280818939208984,6.877289533615112,4.186232566833496,,,,,,
8789940000.0,160.93,7.5,6391222784.0,2403.364790046021,5694.0,0.064697265625,93306880.0,194814.32444381714,0.0015596433077007532,0.0130615234375,2.0021026134490967,-0.019616490229964256,0.6096007823944092,-0.020021023228764534,0.000404533464461565,0.0,-0.08301176130771637,1.1000990867614746,0.7151064404099589,6.930263519287109,1.75358247756958,6.847251892089844,2.0610592365264893,6.817109107971191,4.182143449783325,,,,,,
8789940000.0,93.12,9.199999809265137,6391222784.0,2412.4808758355234,5695.0,0.0921630859375,93323264.0,194821.11579298973,0.0019979262724518776,0.01409912109375,1.976293683052063,-0.020194968208670616,0.4393026530742645,-0.019762936979532242,-0.0004320340231060982,0.0,0.09064400941133499,0.9366474747657776,0.77562983345112,7.110650062561035,1.7630082368850708,7.201294422149658,1.9773962497711182,6.791349172592163,4.176012754440308,,,,,,
,,,,,,,,,,,,,,,,,,,,,,,,,,0.022087063640356064,0.5481434464454651,0.5135831236839294,0.022087063640356064,0.5481434464454651,0.5135831236839294
,,,,,,,,,,,,,,,,,,,,,,,,,,0.02072260156273842,0.5073325634002686,0.4839702546596527,0.02072260156273842,0.5073325634002686,0.4839702546596527
,,,,,,,,,,,,,,,,,,,,,,,,,,0.01988931931555271,0.4819868206977844,0.4632284343242645,0.01988931931555271,0.4819868206977844,0.4632284343242645
,,,,,,,,,,,,,,,,,,,,,,,,,,0.01961272954940796,0.4624304473400116,0.44856345653533936,0.01961272954940796,0.4624304473400116,0.44856345653533936
,,,,,,,,,,,,,,,,,,,,,,,,,,0.020122654736042023,0.44724082946777344,0.4314626455307007,0.020122654736042023,0.44724082946777344,0.4314626455307007
,,,,,,,,,,,,,,,,,,,,,,,,,,0.02018335647881031,0.43165844678878784,0.4181358516216278,0.02018335647881031,0.43165844678878784,0.4181358516216278
8789940000.0,87.85,8.699999809265137,6188634112.0,18.59065227822114,5696.0,0.091552734375,93339648.0,195702.4189207554,0.0014865974662825465,0.0067138671875,1.9838693141937256,-0.02040060982108116,0.5130100250244141,-0.019838692620396614,-0.0005619139410555363,0.0,0.007099084556102753,1.0146092176437378,0.776657980410885,7.052323341369629,1.8851159811019897,7.059422492980957,2.1469085216522217,881.3031277656555,4.173981428146362,,,,,,
8789940000.0,105.62,8.100000381469727,6391222784.0,2411.906624107001,5697.0,0.079345703125,93356032.0,195709.21188688278,0.0011278180172666907,0.005126953125,1.9296391010284424,-0.01921950839459896,0.6358418464660645,-0.019296390935778618,7.688254117965698e-05,0.0,-0.0031645651906728745,1.1246814727783203,0.7141648577485495,6.969795227050781,1.8282088041305542,6.966630935668945,2.1036431789398193,6.79296612739563,4.18131685256958,,,,,,
8789940000.0,78.83,9.0,6391222784.0,2396.91208738276,5698.0,0.0921630859375,93372416.0,195716.04734826088,0.0007163492846302688,0.00286865234375,1.874431848526001,-0.0179897453635931,0.5381534099578857,-0.018744317814707756,0.0007545707048848271,0.0,0.07245951890945435,1.0348032712936401,0.7294428919285834,7.248795986175537,1.8126027584075928,7.321255683898926,1.9894276857376099,6.835461378097534,4.182096481323242,,,,,,
8789940000.0,104.22,8.0,6391222784.0,2394.985823959813,5699.0,0.076904296875,93388800.0,195722.888307333,0.0012014384847134352,0.0086669921875,1.9266153573989868,-0.01953592523932457,0.6601067781448364,-0.01926615461707115,-0.00026977399829775095,0.0,-0.048973679542541504,1.148421049118042,0.7054406085681535,6.924448013305664,1.8064993619918823,6.875473976135254,2.115994930267334,6.840959072113037,4.199954509735107,,,,,,
8789940000.0,122.42,8.800000190734863,6391222784.0,2394.60401342452,5700.0,0.067138671875,93405184.0,195729.7303571701,0.001635732245631516,0.010986328125,1.9898581504821777,-0.019429974257946014,0.4610055685043335,-0.019898580387234688,0.0004686061292886734,0.0,0.02123914286494255,0.9628497362136841,0.7390448030382071,6.8936638832092285,1.6984013319015503,6.914902687072754,1.884844422340393,6.842049837112427,4.187775611877441,,,,,,
8789940000.0,105.11,8.699999809265137,6391222784.0,2393.934323974031,5701.0,0.0848388671875,93421568.0,195736.57432103157,0.001011663000099361,0.0079345703125,1.9966791868209839,-0.019259080290794373,0.5255676507949829,-0.019966794177889824,0.0007077138870954514,0.0,0.0066874949261546135,1.0243687629699707,0.7565222728307444,7.0533552169799805,1.795819640159607,7.060042381286621,2.0759966373443604,6.843963861465454,4.191243886947632,,,,,,
8789940000.0,115.3,8.5,6391222784.0,2429.069249926548,5702.0,0.074462890625,93437952.0,195743.31929135323,0.0007102213567122817,0.00225830078125,2.0166938304901123,-0.02054664120078087,0.4447008967399597,-0.02016693726181984,-0.00037970137782394886,0.0,0.04167703539133072,0.9414615035057068,0.7650974449408997,7.127462387084961,1.7216579914093018,7.169139862060547,1.9424912929534912,6.744970321655273,4.194956302642822,,,,,,
8789940000.0,125.2,8.0,6391222784.0,2402.5760319889073,5703.0,0.0921630859375,93454336.0,195750.1386384964,0.0009595213341526687,0.0059814453125,1.9793956279754639,-0.019409120082855225,0.5968601703643799,-0.019793955609202385,0.0003848374471999705,0.0,-0.06293611228466034,1.0911551713943481,0.7351765689442256,7.170825004577637,1.787189245223999,7.107888698577881,2.1203536987304688,6.819347143173218,4.189515113830566,,,,,,
8789940000.0,89.1,8.399999618530273,6391222784.0,2353.232662789328,5704.0,0.0726318359375,93470720.0,195757.1009759903,0.0013456628657877445,0.009521484375,1.994749903678894,-0.01995127648115158,0.5340207815170288,-0.01994749903678894,-3.7811696529388428e-06,0.0,-0.0473395437002182,1.0299996137619019,0.7460436959370048,6.923069000244141,1.7577152252197266,6.875729560852051,2.043890953063965,6.962337493896484,4.165741920471191,,,,,,
8789940000.0,103.51,7.800000190734863,6391222784.0,2451.779258410332,5705.0,0.068359375,93487104.0,195763.7834699154,0.0008353592711500823,0.003173828125,1.9691818952560425,-0.019923405721783638,0.652729868888855,-0.019691819325089455,-0.00023158499971032143,0.0,-0.10486195236444473,1.1406210660934448,0.6999852069223735,6.794835090637207,1.758905053138733,6.689972877502441,2.082428455352783,6.6824939250946045,4.175601959228516,,,,,,
8789940000.0,91.47,8.800000190734863,6391222784.0,2439.0246899181693,5706.0,0.0775146484375,93503488.0,195770.50090909004,0.001858683885075152,0.0133056640625,1.9459792375564575,-0.019145028665661812,0.457305371761322,-0.019459793344140053,0.00031475862488150597,0.0,0.08350623399019241,0.9531132578849792,0.7592721719996083,6.835722923278809,1.7269163131713867,6.919229507446289,1.942590594291687,6.7174391746521,4.1847453117370605,,,,,,
8789940000.0,115.16,8.600000381469727,6391222784.0,2422.814908435444,5707.0,0.084228515625,93519872.0,195777.26329112053,0.001153849414549768,0.00537109375,1.9631928205490112,-0.019998693838715553,0.423304945230484,-0.01963192969560623,-0.0003667590208351612,0.0,-0.014170246198773384,0.9182055592536926,0.8151100625884803,6.926291465759277,1.8555421829223633,6.912120819091797,2.1354198455810547,6.7623820304870605,4.191681146621704,,,,,,
8789940000.0,129.87,8.100000381469727,6391222784.0,2416.758332771517,5708.0,0.0653076171875,93536256.0,195784.04262018204,0.0007569581503048539,0.00201416015625,2.042544364929199,-0.02062922716140747,0.5364655256271362,-0.02042544260621071,-0.00020378455519676208,0.0,-0.059489116072654724,1.0300084352493286,0.7429656178599223,6.732179641723633,1.7697736024856567,6.672690391540527,2.0316309928894043,6.779329061508179,4.179528474807739,,,,,,
8789940000.0,95.01,8.899999618530273,6391222784.0,2466.6954714184562,5709.0,0.0799560546875,93552640.0,195790.68470478058,0.0013416475849226117,0.01092529296875,2.0520386695861816,-0.02049548551440239,0.43016839027404785,-0.020520389080047607,2.4901586584746838e-05,0.0,0.00786183774471283,0.9284400939941406,0.8048646703870944,6.8501129150390625,1.8755470514297485,6.857974529266357,2.101773500442505,6.64208459854126,4.174067974090576,,,,,,
8789940000.0,132.08,8.5,6391222784.0,2437.26587815266,5710.0,0.0634765625,93569024.0,195797.40699148178,0.0009367337916046381,0.006591796875,2.0319440364837646,-0.02011009491980076,0.43918848037719727,-0.020319443196058273,0.00020934408530592918,0.0,0.026563502848148346,0.937300443649292,0.7872479719157608,6.76389217376709,1.8179662227630615,6.790455341339111,2.0320863723754883,6.722286701202393,4.17484450340271,,,,,,
8789940000.0,129.91,8.100000381469727,6391222784.0,2443.0998785017837,5711.0,0.079345703125,93585408.0,195804.11322569847,0.0007013182621449232,0.0032958984375,2.0149717330932617,-0.019841834902763367,0.5691108107566833,-0.02014971524477005,0.0003078784793615341,0.0,-0.028291180729866028,1.0605947971343994,0.7515654401333745,6.921876430511475,1.8526411056518555,6.893585205078125,2.127861976623535,6.7062342166900635,4.178755521774292,,,,,,
8789940000.0,77.9,8.300000190734863,6391222784.0,2443.373507293465,5712.0,0.0885009765625,93601792.0,195810.81870889664,0.0009564443025738001,0.00579833984375,1.991935133934021,-0.019033707678318024,0.5483683943748474,-0.019919350743293762,0.0008856449276208878,0.0,-0.009487498551607132,1.0482203960418701,0.7659946478427654,7.042880535125732,1.8524506092071533,7.033392906188965,2.166903495788574,6.7054831981658936,4.180599212646484,,,,,,
8789940000.0,81.42,8.800000190734863,6391222784.0,2419.8153375275474,5713.0,0.087890625,93618176.0,195817.58947348595,0.000939646502956748,0.007568359375,1.9757944345474243,-0.019972793757915497,0.5802937746047974,-0.019757945090532303,-0.00021485029719769955,0.0,0.0457143671810627,1.0774222612380981,0.7355768685883806,7.051162242889404,1.8073270320892334,7.096876621246338,2.095252752304077,6.770764589309692,4.178651571273804,,,,,,
8789940000.0,94.53,8.699999809265137,6391222784.0,2415.2038640182072,5714.0,0.0830078125,93634560.0,195824.37316584587,0.0008064846624620259,0.00543212890625,2.0081703662872314,-0.019662968814373016,0.48199018836021423,-0.02008170634508133,0.0004187393933534622,0.0,0.03703351318836212,0.9798269271850586,0.7732155304511392,6.928348541259766,1.838593602180481,6.965381622314453,2.05751371383667,6.783692359924316,4.188945531845093,,,,,,
8789940000.0,96.16,8.800000190734863,6391222784.0,2418.8560960794416,5715.0,0.076904296875,93650944.0,195831.14661550522,0.0009641492506489158,0.004150390625,2.0227043628692627,-0.0195213221013546,0.45644086599349976,-0.020227042958140373,0.0007057217881083488,0.0,0.0055303615517914295,0.955349326133728,0.7824518181906449,6.856365203857422,1.829540491104126,6.861895561218262,2.0482583045959473,6.773449659347534,4.191749572753906,,,,,,
8789940000.0,129.57,7.900000095367432,6391222784.0,2390.317163832306,5716.0,0.0616455078125,93667328.0,195838.00093603134,0.0011885934509336948,0.0086669921875,2.029050350189209,-0.020273663103580475,0.5487876534461975,-0.02029050514101982,1.684064045548439e-05,0.0,-0.029564673081040382,1.0478867292404175,0.720548010207153,6.72922420501709,1.7102144956588745,6.69965934753418,1.9822595119476318,6.854320526123047,4.182444334030151,,,,,,
8789940000.0,96.91,8.699999809265137,6391222784.0,2395.34028647261,5717.0,0.0958251953125,93683712.0,195844.84088277817,0.0007226084126159549,0.0023193359375,1.9865317344665527,-0.0194377563893795,0.5449574589729309,-0.01986531727015972,0.00042755715548992157,0.0,0.04182925447821617,1.0423014163970947,0.7468012076540012,7.264529228210449,1.771877408027649,7.306358814239502,2.07139253616333,6.839946746826172,4.182161331176758,,,,,,
8789940000.0,102.35,8.199999809265137,6391222784.0,2436.9032205169524,5718.0,0.0860595703125,93700096.0,195851.56416988373,0.0007846633670851588,0.0035400390625,1.9732773303985596,-0.019350387156009674,0.6811983585357666,-0.019732773303985596,0.00038238754495978355,0.0,-0.014106085523962975,1.1672801971435547,0.692733373097072,7.249155044555664,1.7709262371063232,7.235049247741699,2.105802059173584,6.723287105560303,4.177899599075317,,,,,,
8789940000.0,104.21,8.300000190734863,6391222784.0,2422.946291841449,5719.0,0.0830078125,93716480.0,195858.32618522644,0.0013420679606497288,0.00634765625,1.9700685739517212,-0.019678067415952682,0.6259182691574097,-0.019700685515999794,2.261856570839882e-05,0.0,0.03966543823480606,1.119545817375183,0.6828586091518332,7.044943809509277,1.7394647598266602,7.084609031677246,1.987994909286499,6.762015342712402,4.186392545700073,,,,,,
8789940000.0,86.02,8.399999618530273,6391222784.0,2414.71944119762,5720.0,0.0921630859375,93732864.0,195865.1112384796,0.0015312193427234888,0.01116943359375,1.9313985109329224,-0.01943719945847988,0.6637270450592041,-0.019313983619213104,-0.00012321490794420242,0.0,-0.00927164126187563,1.1505975723266602,0.6986897091781326,7.141247749328613,1.7984235286712646,7.131976127624512,2.0961225032806396,6.785053253173828,4.2066614627838135,,,,,,
8789940000.0,88.55,8.800000190734863,6391222784.0,2417.695156083429,5721.0,0.0897216796875,93749248.0,195871.88794064522,0.00101365870796144,0.00677490234375,1.9605838060379028,-0.01926962099969387,0.5532263517379761,-0.019605835899710655,0.0003362167626619339,0.0,-0.0005855555646121502,1.0512089729309082,0.7346935415006299,7.1327643394470215,1.7741659879684448,7.13217830657959,2.0408668518066406,6.776702165603638,4.19230318069458,,,,,,
8789940000.0,96.74,8.699999809265137,6391222784.0,2413.0433689909555,5722.0,0.0872802734375,93765632.0,195878.67770671844,0.0011359654599800706,0.00653076171875,1.9752449989318848,-0.020023681223392487,0.5817305445671082,-0.019752448424696922,-0.0002712355926632881,0.0,0.01890650764107704,1.0768680572509766,0.7279254460429808,7.1385111808776855,1.7463990449905396,7.1574177742004395,2.064518690109253,6.789766073226929,4.182941913604736,,,,,,
8789940000.0,91.61,9.300000190734863,6391222784.0,2438.0052699204944,5723.0,0.0726318359375,93782016.0,195885.39795470238,0.0010002647759392858,0.0050048828125,2.056739091873169,-0.020050598308444023,0.3537459075450897,-0.020567389205098152,0.0005167927592992783,0.0,0.09680725634098053,0.8388459086418152,0.7913054006448116,6.889107704162598,1.6836631298065186,6.985915184020996,1.8362281322479248,6.720247983932495,4.184606552124023,,,,,,
8789940000.0,123.96,8.199999809265137,6391222784.0,2450.168506915771,5724.0,0.059814453125,93798400.0,195892.0848417282,0.0007778911385685205,0.00341796875,2.072122097015381,-0.020693406462669373,0.46748584508895874,-0.02072122134268284,2.7816742658615112e-05,0.0,-0.08083516359329224,0.9617204070091248,0.76009464345671,6.962278366088867,1.7102458477020264,6.881442546844482,1.9634913206100464,6.68688702583313,4.183758497238159,,,,,,
8789940000.0,117.82,7.800000190734863,6391222784.0,2414.5272705047614,5725.0,0.0616455078125,93814784.0,195898.87043499947,0.0023870100267231464,0.022705078125,2.037111759185791,-0.019613074138760567,0.49716323614120483,-0.02037111669778824,0.0007580416277050972,0.0,-0.10257779806852341,0.997826099395752,0.7443617800793387,6.785654067993164,1.678030252456665,6.683076858520508,1.973522663116455,6.785593271255493,4.197161436080933,,,,,,
8789940000.0,187.71,7.400000095367432,6391222784.0,2380.403035092403,5726.0,0.06103515625,93831168.0,195905.753303051,0.0013553660828620195,0.00927734375,2.0143790245056152,-0.020177356898784637,0.5630888938903809,-0.020143792033195496,-3.356672823429108e-05,0.0,-0.06837508082389832,1.0587016344070435,0.7230049960485965,6.69965934753418,1.6670565605163574,6.631284713745117,2.011582374572754,6.882868051528931,4.182038307189941,,,,,,
8789940000.0,123.54,8.100000381469727,6391222784.0,2423.3293327171523,5727.0,0.0634765625,93847552.0,195912.51424956322,0.0008763148216530681,0.00396728515625,2.023744821548462,-0.020235106348991394,0.4416752755641937,-0.020237447693943977,2.339482307434082e-06,0.0,-0.02060694992542267,0.9431925415992737,0.7665291600431641,6.703558921813965,1.664772391319275,6.682951927185059,1.9520186185836792,6.76094651222229,4.178191661834717,,,,,,
,,,,,,,,,,,,,,,,,,,,,,,,,,0.015767153352499008,0.5483956336975098,0.5146163105964661,0.015767153352499008,0.5483956336975098,0.5146163105964661
,,,,,,,,,,,,,,,,,,,,,,,,,,0.01590242050588131,0.5079899430274963,0.4860406517982483,0.01590242050588131,0.5079899430274963,0.4860406517982483
,,,,,,,,,,,,,,,,,,,,,,,,,,0.01563057117164135,0.4823606312274933,0.4676521420478821,0.01563057117164135,0.4823606312274933,0.4676521420478821
,,,,,,,,,,,,,,,,,,,,,,,,,,0.015868782997131348,0.46332165598869324,0.44790250062942505,0.015868782997131348,0.46332165598869324,0.44790250062942505
,,,,,,,,,,,,,,,,,,,,,,,,,,0.01641657017171383,0.4485836327075958,0.4335191547870636,0.01641657017171383,0.4485836327075958,0.4335191547870636
,,,,,,,,,,,,,,,,,,,,,,,,,,0.016618944704532623,0.43318769335746765,0.41989684104919434,0.016618944704532623,0.43318769335746765,0.41989684104919434
8789940000.0,110.57,8.300000190734863,6188634112.0,18.59845674021761,5728.0,0.062255859375,93863936.0,196793.44755649567,0.0005688610253855586,0.0023193359375,2.0370004177093506,-0.01996452920138836,0.4925592839717865,-0.020370006561279297,0.0004054754972457886,0.0,-0.0288260355591774,0.9921276569366455,0.746747641072345,6.755125045776367,1.7782307863235474,6.726299285888672,1.9714726209640503,880.9333069324493,4.1841113567352295,,,,,,
8789940000.0,122.54,7.800000190734863,6391222784.0,2420.98863528832,5729.0,0.0677490234375,93880320.0,196800.21503973007,0.0005525871529243886,0.00189208984375,2.0491344928741455,-0.02051718719303608,0.5320929884910583,-0.0204913429915905,-2.584606409072876e-05,0.0,-0.05558106303215027,1.0316588878631592,0.7587812452208056,6.7843475341796875,1.8153645992279053,6.728766441345215,2.1005382537841797,6.767483234405518,4.204159498214722,,,,,,
8789940000.0,158.85,7.900000095367432,6391222784.0,2402.6789352471,5730.0,0.0616455078125,93896704.0,196807.0340948105,0.0006804978474974632,0.000732421875,2.0437073707580566,-0.020041557028889656,0.5492225885391235,-0.020437072962522507,0.00039551802910864353,0.0,-0.0360480360686779,1.0491023063659668,0.7445392685492485,6.6820783615112305,1.8077226877212524,6.646030426025391,2.0756585597991943,6.819055080413818,4.200401782989502,,,,,,
8789940000.0,124.86,8.300000190734863,6391222784.0,2437.7811827826918,5731.0,0.067138671875,93913088.0,196813.75496053696,0.0016315976390615106,0.01220703125,2.0591366291046143,-0.02005586586892605,0.521538257598877,-0.020591363310813904,0.000535495113581419,0.0,-0.03021455928683281,1.0243431329727173,0.7373017215990352,6.802984237670898,1.7199944257736206,6.772769451141357,1.9985582828521729,6.720865726470947,4.184153079986572,,,,,,
8789940000.0,102.75,8.699999809265137,6391222784.0,2425.325187726787,5732.0,0.064697265625,93929472.0,196820.51034331322,0.0006581711932085454,0.001708984375,2.1019721031188965,-0.02107878215610981,0.4094671607017517,-0.021019723266363144,-5.9058889746665955e-05,0.0,-0.008476849645376205,0.9036957621574402,0.7692566570651405,6.884272575378418,1.6738232374191284,6.875795841217041,1.8812986612319946,6.755382776260376,4.189958572387695,,,,,,
8789940000.0,163.17,8.199999809265137,6391222784.0,2431.7634009248627,5733.0,0.05615234375,93945856.0,196827.24784088135,0.001505121123045683,0.0084228515625,2.0639426708221436,-0.02028525620698929,0.46135926246643066,-0.02063942700624466,0.0003541712649166584,0.0,-0.0033598127774894238,0.9645568132400513,0.7300069866705986,6.595669746398926,1.6227813959121704,6.592309951782227,1.856316089630127,6.737497568130493,4.1974687576293945,,,,,,
8789940000.0,129.83,7.900000095367432,6391222784.0,2450.8677602332623,5734.0,0.0604248046875,93962240.0,196833.9328200817,0.000846171984449029,0.00341796875,2.0455164909362793,-0.020747225731611252,0.4904257655143738,-0.020455164834856987,-0.0002920594997704029,0.0,-0.06376656889915466,0.9885609745979309,0.7405800683481576,6.55843448638916,1.6556811332702637,6.494668006896973,1.9408930540084839,6.684979200363159,4.19603705406189,,,,,,
8789940000.0,124.48,8.399999618530273,6391222784.0,2439.9551209587135,5735.0,0.0567626953125,93978624.0,196840.64769768715,0.0008860199595801532,0.00274658203125,2.0497348308563232,-0.020362090319395065,0.38328662514686584,-0.02049734815955162,0.0001352587714791298,0.0,0.008894277736544609,0.8755594491958618,0.7843197238140975,6.479005813598633,1.6458680629730225,6.487900257110596,1.8852999210357666,6.714877605438232,4.174733638763428,,,,,,
8789940000.0,137.61,8.399999618530273,6391222784.0,2445.9419135626304,5736.0,0.0616455078125,93995008.0,196847.34613966942,0.0017099556280300021,0.0125732421875,1.985126256942749,-0.02000194415450096,0.4369627833366394,-0.019851263612508774,-0.00015068240463733673,0.0,0.01637217588722706,0.9369542598724365,0.7895946985639174,6.521568298339844,1.7739289999008179,6.537940502166748,2.042630910873413,6.698441982269287,4.191092014312744,,,,,,
8789940000.0,139.92,8.100000381469727,6391222784.0,2408.344118547226,5737.0,0.0579833984375,94011392.0,196854.14915418625,0.0008942167041823268,0.0028076171875,1.9451696872711182,-0.019376929849386215,0.4677436947822571,-0.019451696425676346,7.4765644967556e-05,0.0,-0.030006900429725647,0.9648924469947815,0.7607279112358661,6.436028480529785,1.7202991247177124,6.4060211181640625,1.9725711345672607,6.803014516830444,4.186393976211548,,,,,,
8789940000.0,146.4,8.699999809265137,6391222784.0,2385.5541217513196,5738.0,0.064697265625,94027776.0,196861.01716017723,0.0008929144823923707,0.0040283203125,1.9608418941497803,-0.01960873045027256,0.41229143738746643,-0.01960841752588749,-3.129243850708008e-07,0.0,0.03524284437298775,0.9072754383087158,0.7862704486560836,6.694069862365723,1.7667196989059448,6.729312896728516,1.9624865055084229,6.868005990982056,4.1702961921691895,,,,,,
8789940000.0,121.93,8.600000381469727,6391222784.0,2444.89939425662,5739.0,0.0604248046875,94044160.0,196867.71845841408,0.0010668649338185787,0.00531005859375,1.9928817749023438,-0.019549086689949036,0.43264439702033997,-0.019928818568587303,0.0003797304816544056,0.0,0.02061358280479908,0.9308846592903137,0.760683250236835,6.59204626083374,1.7043219804763794,6.612659454345703,1.9028711318969727,6.701298236846924,4.180459260940552,,,,,,
8789940000.0,160.35,7.699999809265137,6391222784.0,2443.8384692976583,5740.0,0.06103515625,94060544.0,196874.42266583443,0.0010750934015959501,0.0064697265625,2.0010557174682617,-0.02026471123099327,0.6109328866004944,-0.020010557025671005,-0.0002541523426771164,0.0,-0.04828587919473648,1.1078500747680664,0.6954632351842219,6.600637912750244,1.7535756826400757,6.552351951599121,2.007525682449341,6.704207420349121,4.194543361663818,,,,,,
8789940000.0,127.82,8.199999809265137,6391222784.0,1999.545755611748,5741.0,0.06591796875,94076928.0,196882.61652684212,0.0015304528642445803,0.01019287109375,1.9915173053741455,-0.019727380946278572,0.4456259608268738,-0.019915172830224037,0.0001877915346994996,0.0,0.023451153188943863,0.9430665373802185,0.7799778231873302,6.658966064453125,1.7655301094055176,6.682417392730713,2.0105233192443848,8.19386100769043,5.57348108291626,,,,,,
8789940000.0,131.15,8.600000381469727,6391222784.0,2384.630368929279,5742.0,0.0555419921875,94093312.0,196889.48719334602,0.0018686761613935232,0.0125732421875,2.0665206909179688,-0.02080441638827324,0.39879804849624634,-0.020665207877755165,-0.0001392066478729248,0.0,0.03695717826485634,0.8911081552505493,0.7766025750417338,6.470705509185791,1.6844096183776855,6.507662773132324,1.8853482007980347,6.87066650390625,4.196122884750366,,,,,,
8789940000.0,124.19,8.5,6391222784.0,2357.448065541672,5743.0,0.037841796875,94109696.0,196896.43708133698,0.0009530127281323075,0.00384521484375,2.119439125061035,-0.020632905885577202,0.29159045219421387,-0.021194390952587128,0.0005614887923002243,0.0,-0.04084666073322296,0.7632124423980713,0.8083679152009557,6.2476487159729,1.5561758279800415,6.2068023681640625,1.7434583902359009,6.949887990951538,4.1903815269470215,,,,,,
8789940000.0,209.11,8.0,6391222784.0,1421.4056538122795,5744.0,0.0433349609375,94126080.0,196907.96369934082,0.0008803679374977946,0.0035400390625,2.1233370304107666,-0.0210249125957489,0.36283162236213684,-0.021233370527625084,0.00020845734979957342,0.0,-0.049654729664325714,0.8528540134429932,0.7808913404308797,6.389288902282715,1.6082593202590942,6.339633941650391,1.8219852447509766,11.526618003845215,4.17582631111145,,,,,,
8789940000.0,200.69,8.0,6391222784.0,2350.7983174833403,5745.0,0.050048828125,94142464.0,196914.93324661255,0.0007582506514154375,0.0045166015625,2.122807025909424,-0.020991623401641846,0.4129648208618164,-0.021228067576885223,0.00023644790053367615,0.0,-0.019233427941799164,0.9077109098434448,0.7843858323755998,6.502243518829346,1.7072831392288208,6.483010292053223,1.954829454421997,6.969547271728516,4.155020475387573,,,,,,
8789940000.0,198.86,7.800000190734863,6391222784.0,2435.4923377452515,5746.0,0.0335693359375,94158848.0,196921.66042852402,0.001520778751000762,0.00689697265625,2.140045404434204,-0.021470796316862106,0.3454635739326477,-0.02140045166015625,-7.034651935100555e-05,0.0,-0.058015599846839905,0.8306471705436707,0.7654195606828539,6.254557132720947,1.4962334632873535,6.196541786193848,1.715025544166565,6.727181911468506,4.168751239776611,,,,,,
8789940000.0,151.15,9.100000381469727,6391222784.0,2428.125308897557,5747.0,0.05615234375,94175232.0,196928.4080209732,0.0011172713711857796,0.00811767578125,2.1184206008911133,-0.021434566006064415,0.33555659651756287,-0.02118420973420143,-0.0002503558062016964,0.0,0.0701516717672348,0.8165105581283569,0.8164301265064924,6.518427848815918,1.7451545000076294,6.5885796546936035,1.9057273864746094,6.747592449188232,4.179809808731079,,,,,,
8789940000.0,171.85,8.0,6391222784.0,2431.5385668943222,5748.0,0.047607421875,94191616.0,196935.14614152908,0.0015998500166460872,0.01141357421875,2.12568998336792,-0.02146071195602417,0.4801883101463318,-0.02125690132379532,-0.0002038087695837021,0.0,-0.04690878838300705,0.9778657555580139,0.7390703859426684,6.454791069030762,1.7346793413162231,6.407882213592529,1.914333462715149,6.7381205558776855,4.179250240325928,,,,,,
8789940000.0,171.31,7.800000190734863,6391222784.0,2405.7258368870453,5749.0,0.0628662109375,94208000.0,196941.9565601349,0.0013602747349068522,0.00732421875,2.0760035514831543,-0.02001238986849785,0.5721096396446228,-0.020760035142302513,0.0007476452738046646,0.0,-0.01295698992908001,1.0698796510696411,0.7291585522197681,6.574585437774658,1.7654024362564087,6.5616278648376465,2.0557823181152344,6.810418605804443,4.178627252578735,,,,,,
8789940000.0,103.92,8.0,6391222784.0,2411.7829527621757,5750.0,0.0665283203125,94224384.0,196948.74987459183,0.001582620432600379,0.0113525390625,2.0627684593200684,-0.02139728143811226,0.5771005749702454,-0.020627684891223907,-0.000769592821598053,0.0,-0.024189477786421776,1.0719234943389893,0.7462792565466244,6.551149368286133,1.8078190088272095,6.526960372924805,2.1280710697174072,6.793314456939697,4.17216157913208,,,,,,
8789940000.0,96.82,8.600000381469727,6391222784.0,2402.1583772695362,5751.0,0.076904296875,94240768.0,196955.5704073906,0.0014962484128773212,0.0101318359375,2.0653066635131836,-0.020461617037653923,0.43304815888404846,-0.020653067156672478,0.00019144639372825623,0.0,0.09305116534233093,0.927078127861023,0.8025929634200984,6.564998626708984,1.8173896074295044,6.658049583435059,2.0865800380706787,6.82053279876709,4.169373035430908,,,,,,
8789940000.0,129.98,8.699999809265137,6391222784.0,2391.2746184414264,5752.0,0.0653076171875,94257152.0,196962.42198348045,0.0014244610210880637,0.00701904296875,2.0646004676818848,-0.020496420562267303,0.3986596167087555,-0.020646004006266594,0.00014958344399929047,0.0,0.06861022114753723,0.8937278985977173,0.8164945197986108,6.519103527069092,1.8799548149108887,6.587713718414307,2.0863187313079834,6.851576089859009,4.168463706970215,,,,,,
8789940000.0,116.73,7.900000095367432,6391222784.0,2423.083413906524,5753.0,0.0811767578125,94273536.0,196969.18361616135,0.0034723118878901005,0.03265380859375,1.9819223880767822,-0.01882953569293022,0.6260520219802856,-0.019819222390651703,0.0009896885603666306,0.0,-0.022231198847293854,1.1211727857589722,0.753448885064128,6.7861857414245605,1.9810807704925537,6.7639546394348145,2.2579753398895264,6.761632680892944,4.168925762176514,,,,,,
8789940000.0,101.71,8.399999618530273,6391222784.0,2460.4936569838055,5754.0,0.086669921875,94289920.0,196975.8424425125,0.001456857193261385,0.009765625,1.963052749633789,-0.019953932613134384,0.5319260358810425,-0.01963052526116371,-0.00032340455800294876,0.0,0.040464796125888824,1.0301669836044312,0.7713630846925681,6.896047592163086,1.9055455923080444,6.936512470245361,2.15444016456604,6.6588263511657715,4.190677165985107,,,,,,
8789940000.0,125.15,8.399999618530273,6391222784.0,2415.731535657288,5755.0,0.0628662109375,94306304.0,196982.62465310097,0.0006752990884706378,0.0037841796875,1.973223090171814,-0.019970877096056938,0.45605626702308655,-0.01973222941160202,-0.00023864954710006714,0.0,0.017947111278772354,0.9540091156959534,0.7669885578969716,6.549681663513184,1.74825918674469,6.567628860473633,1.97635018825531,6.7822105884552,4.176993131637573,,,,,,
8789940000.0,106.71,8.5,6391222784.0,2043.1001300315886,5756.0,0.062255859375,94322688.0,196990.64383912086,0.000821124529466033,0.0029296875,1.989329218864441,-0.01977655291557312,0.4317891001701355,-0.01989329420030117,0.00011674175038933754,0.0,-0.010397030040621758,0.927306056022644,0.7788242606474731,6.626037120819092,1.7618381977081299,6.615640163421631,1.9717614650726318,8.019186019897461,4.177888870239258,,,,,,
8789940000.0,145.83,8.5,6391222784.0,2365.637406988295,5757.0,0.0689697265625,94339072.0,196997.56966805458,0.000951858120970428,0.00543212890625,1.9655096530914307,-0.019595786929130554,0.4174502491950989,-0.019655093550682068,5.930755287408829e-05,0.0,0.05493902787566185,0.9143046736717224,0.800680275063384,6.634176254272461,1.8353400230407715,6.689115524291992,2.047933578491211,6.92582893371582,4.195395231246948,,,,,,
8789940000.0,152.33,8.100000381469727,6391222784.0,2374.5230785221233,5758.0,0.0616455078125,94355456.0,197004.46957993507,0.0013238543178886175,0.00885009765625,1.9542245864868164,-0.0190734826028347,0.5436265468597412,-0.01954224519431591,0.0004687625914812088,0.0,-0.02708555944263935,1.0398705005645752,0.7430542326968061,6.549074172973633,1.8303242921829224,6.521988391876221,2.0514378547668457,6.899911880493164,4.163491249084473,,,,,,
8789940000.0,97.35,8.399999618530273,6391222784.0,2396.178691295703,5759.0,0.067138671875,94371840.0,197011.3071334362,0.0009874494280666113,0.004150390625,1.9369227886199951,-0.019604982808232307,0.47792667150497437,-0.019369227811694145,-0.00023575592786073685,0.0,-0.024201691150665283,0.9752047657966614,0.7935165719509794,6.615422248840332,1.8732240200042725,6.591219902038574,2.1461145877838135,6.83755350112915,4.16459584236145,,,,,,
,,,,,,,,,,,,,,,,,,,,,,,,,,0.015775369480252266,0.47919943928718567,0.44780898094177246,0.015775369480252266,0.47919943928718567,0.44780898094177246
,,,,,,,,,,,,,,,,,,,,,,,,,,0.015561307780444622,0.43620213866233826,0.4200053811073303,0.015561307780444622,0.43620213866233826,0.4200053811073303
,,,,,,,,,,,,,,,,,,,,,,,,,,0.015064775943756104,0.41597220301628113,0.40063467621803284,0.015064775943756104,0.41597220301628113,0.40063467621803284
,,,,,,,,,,,,,,,,,,,,,,,,,,0.01484521571546793,0.3981981575489044,0.3867170810699463,0.01484521571546793,0.3981981575489044,0.3867170810699463
,,,,,,,,,,,,,,,,,,,,,,,,,,0.015343762002885342,0.38469764590263367,0.3727221190929413,0.015343762002885342,0.38469764590263367,0.3727221190929413
,,,,,,,,,,,,,,,,,,,,,,,,,,0.015599958598613739,0.37121525406837463,0.3608681261539459,0.015599958598613739,0.37121525406837463,0.3608681261539459
8789940000.0,130.93,7.900000095367432,6188634112.0,18.542026548997395,5760.0,0.06103515625,94388224.0,197894.9214437008,0.0006298524094745517,0.00244140625,1.940129041671753,-0.019657090306282043,0.4853702485561371,-0.019401291385293007,-0.00025579892098903656,0.0,-0.029596686363220215,0.9858271479606628,0.780419132106968,6.437845230102539,1.8026976585388184,6.408248424530029,2.1037955284118652,883.6143102645874,4.197176933288574,,,,,,
8789940000.0,115.78,8.300000190734863,6391222784.0,2441.243601980051,5761.0,0.0653076171875,94404608.0,197901.63277721405,0.0006262008100748062,0.002197265625,1.9437452554702759,-0.01935327611863613,0.4776369333267212,-0.019437452778220177,8.417526260018349e-05,0.0,-0.010097992606461048,0.9765685200691223,0.7745593433128477,6.5462141036987305,1.805478811264038,6.536116600036621,2.056774854660034,6.711333513259888,4.1752777099609375,,,,,,
8789940000.0,127.89,8.0,6391222784.0,1482.4867458268554,5762.0,0.0665283203125,94420992.0,197912.6844780445,0.0008879099041223526,0.005126953125,1.9313275814056396,-0.019246792420744896,0.5880347490310669,-0.019313275814056396,6.648153066635132e-05,0.0,-0.02959471568465233,1.086906909942627,0.7346488137224669,6.607539176940918,1.8424112796783447,6.577944755554199,2.109997510910034,11.051700830459595,4.169263601303101,,,,,,
8789940000.0,132.09,7.900000095367432,6391222784.0,2363.1688098407335,5763.0,0.0634765625,94437376.0,197919.61754179,0.0007663395372219384,0.0032958984375,1.9496134519577026,-0.019164681434631348,0.5569472908973694,-0.019496135413646698,0.0003314525820314884,0.0,-0.010454142466187477,1.0588300228118896,0.720069335799507,6.459701061248779,1.7492344379425049,6.449247360229492,2.0012497901916504,6.933063745498657,4.371965646743774,,,,,,
8789940000.0,101.39,7.900000095367432,6391222784.0,2443.9120835053277,5764.0,0.0628662109375,94453760.0,197926.32154726982,0.0010516620241105556,0.00616455078125,1.9128623008728027,-0.018604906275868416,0.5393683314323425,-0.019128618761897087,0.0005237143486738205,0.0,-0.02723928540945053,1.0376074314117432,0.7526006331611759,6.485803604125977,1.783515453338623,6.458563804626465,2.086092233657837,6.704005479812622,4.157619476318359,,,,,,
8789940000.0,102.12,7.800000190734863,6391222784.0,2415.268292976102,5765.0,0.0640869140625,94470144.0,197933.10505867004,0.0012900737347081304,0.0078125,1.948041558265686,-0.01902526430785656,0.4747384488582611,-0.01948041468858719,0.00045514944940805435,0.0,-0.05293113365769386,0.9745804667472839,0.7981843192961532,6.347694396972656,1.8776190280914307,6.294763565063477,2.1694023609161377,6.783511400222778,4.193965435028076,,,,,,
8789940000.0,118.72,8.300000190734863,6391222784.0,2415.728563409561,5766.0,0.069580078125,94486528.0,197939.88727760315,0.0008884506532922387,0.0025634765625,1.9821712970733643,-0.019413750618696213,0.5128129124641418,-0.019821712747216225,0.0004079621285200119,0.0,-0.058034200221300125,1.0107176303863525,0.7729010731797189,6.429544925689697,1.8321349620819092,6.3715105056762695,2.120910406112671,6.782218933105469,4.177257776260376,,,,,,
8789940000.0,155.55,7.900000095367432,6391222784.0,2394.551195455336,5767.0,0.06103515625,94502912.0,197946.72947835922,0.0009697276400402188,0.00445556640625,1.96555757522583,-0.01957259140908718,0.5446349382400513,-0.01965557411313057,8.29845666885376e-05,0.0,0.04671556502580643,1.0416687726974487,0.7425663133203013,6.269955635070801,1.7752785682678223,6.3166704177856445,2.053036689758301,6.842200756072998,4.197940111160278,,,,,,
8789940000.0,127.29,8.199999809265137,6391222784.0,2365.2984374351945,5768.0,0.074462890625,94519296.0,197953.65629982948,0.001247939420863986,0.00555419921875,1.9241740703582764,-0.019645674154162407,0.5160008072853088,-0.01924174092710018,-0.00040393415838479996,0.0,0.050044771283864975,1.0158532857894897,0.7709725722861166,6.460206031799316,1.8591164350509644,6.510251045227051,2.1226935386657715,6.92682147026062,4.170605897903442,,,,,,
8789940000.0,119.7,7.699999809265137,6391222784.0,2360.1238763997285,5769.0,0.0689697265625,94535680.0,197960.5983083248,0.0008233184926211834,0.0028076171875,1.9677026271820068,-0.019010843709111214,0.5804055333137512,-0.019677026197314262,0.0006661778315901756,0.0,-0.05512873828411102,1.0739599466323853,0.7455161614803623,6.483776092529297,1.856274962425232,6.428647041320801,2.1289119720458984,6.9420084953308105,4.291134595870972,,,,,,
8789940000.0,116.67,9.0,6391222784.0,2438.1432367548778,5770.0,0.0701904296875,94552064.0,197967.3181760311,0.0007057721959426999,0.0030517578125,1.9519855976104736,-0.019262580201029778,0.4877244830131531,-0.019519854336977005,0.0002572741359472275,0.0,0.02336379513144493,0.9875631332397461,0.7835414012672262,6.516218185424805,1.872672438621521,6.539582252502441,2.122645616531372,6.719867706298828,4.170435905456543,,,,,,
8789940000.0,108.81,8.5,6391222784.0,2397.6487768095076,5771.0,0.0738525390625,94568448.0,197974.15153717995,0.0009737037471495569,0.0059814453125,1.9253443479537964,-0.01926136389374733,0.5241619348526001,-0.0192534439265728,-7.916649337857962e-06,0.0,-0.006358953192830086,1.0222935676574707,0.768134015840892,6.6133270263671875,1.8930516242980957,6.606967926025391,2.123033285140991,6.8333611488342285,4.1785759925842285,,,,,,
8789940000.0,87.75,8.699999809265137,6391222784.0,2318.1599099931805,5772.0,0.067138671875,94584832.0,197981.2192118168,0.0006174166919663548,0.00213623046875,1.9976115226745605,-0.019917435944080353,0.43963778018951416,-0.019976114854216576,5.8677978813648224e-05,0.0,0.011767255142331123,0.9387938380241394,0.7926194939407205,6.40720272064209,1.8803642988204956,6.418969631195068,2.0615134239196777,7.06767463684082,4.1731367111206055,,,,,,
8789940000.0,152.84,8.0,6391222784.0,2399.1519092622107,5773.0,0.05615234375,94601216.0,197988.0482916832,0.0007662879070267081,0.00421142578125,2.012753486633301,-0.019977865740656853,0.44040581583976746,-0.02012753114104271,0.00014966260641813278,0.0,-0.02807430922985077,0.9391758441925049,0.7819887377152301,6.245230674743652,1.7807037830352783,6.217156410217285,2.0114428997039795,6.829079866409302,4.1764209270477295,,,,,,
8789940000.0,133.57,8.199999809265137,6391222784.0,1886.3701154974033,5774.0,0.0653076171875,94617600.0,197996.73375582695,0.0008152249502018094,0.00439453125,1.9785528182983398,-0.019284144043922424,0.43099379539489746,-0.019785527139902115,0.0005013803020119667,0.0,-0.048369236290454865,0.9298257827758789,0.7892034182415422,6.398009300231934,1.7774463891983032,6.349639892578125,2.0252084732055664,8.685464143753052,4.189445972442627,,,,,,
8789940000.0,136.85,8.199999809265137,6391222784.0,2401.6471935934246,5775.0,0.0604248046875,94633984.0,198003.55574035645,0.0010903783841058612,0.00494384765625,1.965436339378357,-0.019451159983873367,0.5164884924888611,-0.01965436153113842,0.00020320340991020203,0.0,-0.04545456916093826,1.011887550354004,0.7505139386434125,6.336121559143066,1.7519820928573608,6.290666580200195,2.02585768699646,6.821984529495239,4.166006803512573,,,,,,
8789940000.0,131.89,8.0,6391222784.0,2460.0905878694703,5776.0,0.0634765625,94650368.0,198010.21565771103,0.0010294958483427763,0.00567626953125,1.9620357751846313,-0.019251052290201187,0.5029340982437134,-0.01962035708129406,0.0003693064791150391,0.0,-0.04273894429206848,1.0021332502365112,0.7730306003726402,6.18337869644165,1.849820613861084,6.140639781951904,2.103497266769409,6.65991735458374,4.1667563915252686,,,,,,
8789940000.0,156.92,8.100000381469727,6391222784.0,2444.4609837472344,5777.0,0.050048828125,94666752.0,198016.91815781593,0.0013243281282484531,0.00982666015625,1.9865243434906006,-0.019340157508850098,0.3974078297615051,-0.019865242764353752,0.0005250852555036545,0.0,-0.04231003299355507,0.8927381038665771,0.7931528866539349,6.08325719833374,1.7334215641021729,6.040946960449219,1.9629055261611938,6.702500104904175,4.178189039230347,,,,,,
8789940000.0,167.76,8.0,6391222784.0,2430.679108546601,5778.0,0.037841796875,94683136.0,198023.65866088867,0.0007079122005961835,0.00250244140625,1.9937260150909424,-0.01976560428738594,0.3609706461429596,-0.01993725821375847,0.00017165672034025192,0.0,-0.0013451494742184877,0.8519890904426575,0.7663944026529182,5.904479026794434,1.554176926612854,5.903134346008301,1.7627577781677246,6.7405030727386475,4.176011085510254,,,,,,
8789940000.0,159.38,7.900000095367432,6391222784.0,1960.0868496224293,5779.0,0.0482177734375,94699520.0,198032.0174741745,0.0013552071759477258,0.00909423828125,2.0182173252105713,-0.019744642078876495,0.4059966802597046,-0.02018217369914055,0.00043753162026405334,0.0,-0.0644482672214508,0.9007694125175476,0.7846463541899891,6.036619186401367,1.7128949165344238,5.972169876098633,1.9410525560379028,8.358813285827637,5.766190528869629,,,,,,
8789940000.0,202.28,7.599999904632568,6391222784.0,2383.424995867473,5780.0,0.0506591796875,94715904.0,198038.89161539078,0.000962213147431612,0.00439453125,1.9901385307312012,-0.019353747367858887,0.4619008004665375,-0.01990138366818428,0.0005476344376802444,0.0,-0.04657784104347229,0.9622639417648315,0.78335948730253,6.033879280090332,1.7721469402313232,5.987300872802734,2.0673980712890625,6.874141216278076,4.181592226028442,,,,,,
8789940000.0,141.52,8.199999809265137,6391222784.0,2378.7492971264996,5781.0,0.0506591796875,94732288.0,198045.7792685032,0.001093168742954731,0.00640869140625,2.0123074054718018,-0.018667062744498253,0.4075794219970703,-0.02012307196855545,0.0014560120180249214,0.0,0.024850625544786453,0.8985409736633301,0.7951366971417472,6.025565147399902,1.7538799047470093,6.050415992736816,1.9852062463760376,6.887653112411499,4.195065498352051,,,,,,
8789940000.0,136.24,7.699999809265137,6391222784.0,2432.9438375846094,5782.0,0.0469970703125,94748672.0,198052.51349711418,0.0012928564101457596,0.009033203125,2.023610830307007,-0.019729960709810257,0.40642550587654114,-0.020236104726791382,0.0005061458796262741,0.0,-0.04911789298057556,0.9007235765457153,0.7846236024995021,5.823701858520508,1.6919044256210327,5.77458381652832,1.9408522844314575,6.734228610992432,4.181775331497192,,,,,,
8789940000.0,180.92,7.699999809265137,6391222784.0,2430.746515316879,5783.0,0.0408935546875,94765056.0,198059.25381326675,0.0016611869214102626,0.0128173828125,2.054518222808838,-0.020040662959218025,0.3746030628681183,-0.02054518088698387,0.0005045162979513407,0.0,-0.006337963510304689,0.8657729625701904,0.7900952799895737,5.756409645080566,1.706624150276184,5.7500715255737305,1.889699935913086,6.740316152572632,4.163466215133667,,,,,,
8789940000.0,203.61,7.699999809265137,6391222784.0,2421.2739689185964,5784.0,0.0433349609375,94781440.0,198066.020498991,0.0013014990836381912,0.00823974609375,2.0392985343933105,-0.019842706620693207,0.45304396748542786,-0.02039298228919506,0.0005502765998244286,0.0,-0.013585885986685753,0.9521340727806091,0.7526771540775563,5.822414398193359,1.7061198949813843,5.808828353881836,1.9145457744598389,6.766685724258423,4.185033082962036,,,,,,
8789940000.0,194.12,7.400000095367432,6391222784.0,2385.014551267826,5785.0,0.045166015625,94797824.0,198072.89005875587,0.0007313555106520653,0.003662109375,2.0421268939971924,-0.020325396209955215,0.46475499868392944,-0.020421268418431282,9.587220847606659e-05,0.0,-0.04168298467993736,0.9632721543312073,0.771839108894157,5.823001861572266,1.7885582447052002,5.781318664550781,2.0166401863098145,6.8695597648620605,4.172586917877197,,,,,,
8789940000.0,149.74,8.300000190734863,6391222784.0,2418.418719238347,5786.0,0.0555419921875,94814208.0,198079.66473340988,0.0009333706111647189,0.00537109375,2.0025079250335693,-0.020017806440591812,0.4435364007949829,-0.02002508006989956,7.272697985172272e-06,0.0,0.013316596858203411,0.9413847923278809,0.8003792025983136,6.012437343597412,1.8551098108291626,6.025753498077393,2.1069986820220947,6.774674654006958,4.192753791809082,,,,,,
8789940000.0,145.6,8.300000190734863,6391222784.0,2353.531103921005,5787.0,0.045166015625,94830592.0,198086.62618803978,0.001268673804588616,0.010009765625,2.052644729614258,-0.0197901614010334,0.3900289237499237,-0.020526446402072906,0.0007362822070717812,0.0,-0.010414840653538704,0.8802178502082825,0.7862313348811124,5.7840352058410645,1.6915546655654907,5.773620128631592,1.903784990310669,6.961454629898071,4.168651103973389,,,,,,
8789940000.0,139.37,8.600000381469727,6391222784.0,2421.9791038566786,5788.0,0.05126953125,94846976.0,198093.39090371132,0.0009644476231187582,0.00537109375,2.0273680686950684,-0.02002890035510063,0.3761909604072571,-0.020273679867386818,0.00024478044360876083,0.0,0.07229921221733093,0.8648592233657837,0.8087281564545747,5.979372501373291,1.7809358835220337,6.051671981811523,1.977515697479248,6.764715671539307,4.168118953704834,,,,,,
8789940000.0,174.17,7.900000095367432,6391222784.0,2415.6238600353254,5789.0,0.06103515625,94863360.0,198100.17341661453,0.00095813546795398,0.00506591796875,2.005514621734619,-0.02005910500884056,0.48838040232658386,-0.020055145025253296,-3.957422450184822e-06,0.0,-0.009671113453805447,0.9889119863510132,0.7843875005067155,6.113062381744385,1.8896372318267822,6.103391647338867,2.129711866378784,6.782512903213501,4.177708387374878,,,,,,
8789940000.0,170.78,8.199999809265137,6391222784.0,2409.8415119471993,5790.0,0.0506591796875,94879744.0,198106.97220396996,0.0012328105513006449,0.0078125,2.000734567642212,-0.01930517889559269,0.38850390911102295,-0.020007343962788582,0.0007021611090749502,0.0,-0.0005314722657203674,0.8826921582221985,0.7918495646029138,5.982950210571289,1.713166356086731,5.982418537139893,1.9347310066223145,6.798787355422974,4.17963719367981,,,,,,
8789940000.0,138.34,7.699999809265137,6391222784.0,2430.563390845669,5791.0,0.0543212890625,94896128.0,198113.7130279541,0.0010348493233323097,0.0059814453125,1.9757726192474365,-0.02025015652179718,0.5702704787254333,-0.019757725298404694,-0.0004924330860376358,0.0,-0.030136998742818832,1.0662579536437988,0.7314981860843753,6.089331150054932,1.7689801454544067,6.059194564819336,2.057732343673706,6.740823984146118,4.175270080566406,,,,,,
,,,,,,,,,,,,,,,,,,,,,,,,,,0.023946357890963554,0.5025363564491272,0.46827104687690735,0.023946357890963554,0.5025363564491272,0.46827104687690735
,,,,,,,,,,,,,,,,,,,,,,,,,,0.021149883046746254,0.4561006426811218,0.4375714063644409,0.021149883046746254,0.4561006426811218,0.4375714063644409
,,,,,,,,,,,,,,,,,,,,,,,,,,0.019753294065594673,0.4333227872848511,0.416686475276947,0.019753294065594673,0.4333227872848511,0.416686475276947
,,,,,,,,,,,,,,,,,,,,,,,,,,0.01987064816057682,0.41497987508773804,0.4007381498813629,0.01987064816057682,0.41497987508773804,0.4007381498813629
,,,,,,,,,,,,,,,,,,,,,,,,,,0.019883308559656143,0.3996634781360626,0.38758018612861633,0.019883308559656143,0.3996634781360626,0.38758018612861633
,,,,,,,,,,,,,,,,,,,,,,,,,,0.019892223179340363,0.3876318633556366,0.37468358874320984,0.019892223179340363,0.3876318633556366,0.37468358874320984
8789940000.0,138.04,8.0,6188634112.0,18.570694208920912,5792.0,0.0567626953125,94912512.0,198995.96329903603,0.0007071621948853135,0.00439453125,2.023716449737549,-0.020271625369787216,0.5301188230514526,-0.020237164571881294,-3.4464988857507706e-05,0.0,-0.030613113194704056,1.0324621200561523,0.7259150528099355,6.284025192260742,1.7556679248809814,6.253411293029785,1.9721099138259888,882.2502710819244,4.185698747634888,,,,,,
8789940000.0,168.41,8.0,6391222784.0,1473.336927428063,5793.0,0.047607421875,94928896.0,199007.0836338997,0.0010921235661953688,0.00555419921875,2.0488171577453613,-0.020060863345861435,0.4734417796134949,-0.02048817276954651,0.0004273070953786373,0.0,-0.04074404761195183,0.9774516224861145,0.7365111436090068,6.131941795349121,1.715805172920227,6.091197490692139,1.9042079448699951,11.12033486366272,4.192187309265137,,,,,,
8789940000.0,135.72,8.0,6391222784.0,2440.8221064014742,5794.0,0.0518798828125,94945280.0,199013.79612636566,0.0007838738383725286,0.00482177734375,2.0298280715942383,-0.020348085090517998,0.5658187866210938,-0.02029827982187271,-4.980713129043579e-05,0.0,-0.01989845745265484,1.0682671070098877,0.699028098438726,6.1263532638549805,1.7334022521972656,6.106454849243164,1.9472285509109497,6.7124924659729,4.169285535812378,,,,,,
8789940000.0,113.21,8.0,6391222784.0,2426.6330491151866,5795.0,0.057373046875,94961664.0,199020.5478682518,0.0006700385129079223,0.00286865234375,2.0265703201293945,-0.02000199444591999,0.5194972157478333,-0.020265702158212662,0.0002637063153088093,0.0,0.0019145142287015915,1.01880943775177,0.7544200927477829,6.064846038818359,1.7685465812683105,6.066760540008545,2.0558738708496094,6.751741886138916,4.17622447013855,,,,,,
8789940000.0,151.08,8.399999618530273,6391222784.0,2378.9800397138983,5796.0,0.06103515625,94978048.0,199027.43485331535,0.00039448688039556146,0.00103759765625,1.9969921112060547,-0.019847599789500237,0.5274984836578369,-0.019969923421740532,0.00012232339940965176,0.0,0.05699600279331207,1.0269571542739868,0.7434500604344296,6.105130195617676,1.7272597551345825,6.162126541137695,2.027526378631592,6.8869850635528564,4.170593738555908,,,,,,
8789940000.0,92.83,8.600000381469727,6391222784.0,2352.0459339723106,5797.0,0.074462890625,94994432.0,199034.4007036686,0.0005311676068231463,0.00164794921875,1.955277681350708,-0.019810762256383896,0.5844601988792419,-0.019552774727344513,-0.0002579856663942337,0.0,0.056922756135463715,1.0802689790725708,0.7530891289239541,6.405867099761963,1.8834326267242432,6.462790012359619,2.174011468887329,6.965850353240967,4.185767889022827,,,,,,
8789940000.0,135.26,8.399999618530273,6391222784.0,2367.972036215086,5798.0,0.0811767578125,95010816.0,199041.3197042942,0.0005750154959969223,0.001953125,1.9556841850280762,-0.01945876143872738,0.5752570033073425,-0.019556842744350433,9.807944297790527e-05,0.0,0.041004203259944916,1.073834776878357,0.7653744604005794,6.546966075897217,1.9592667818069458,6.587970733642578,2.2169198989868164,6.919000625610352,4.175463914871216,,,,,,
8789940000.0,105.08,8.600000381469727,6391222784.0,2358.959421023466,5799.0,0.067138671875,95027200.0,199048.26513957977,0.001054655178450048,0.0057373046875,1.9713778495788574,-0.020138978958129883,0.47787490487098694,-0.01971377804875374,-0.00042519718408584595,0.0,0.05314040184020996,0.9819930195808411,0.7629180250001876,6.4360432624816895,1.8223876953125,6.48918342590332,2.016781806945801,6.945435285568237,4.173835754394531,,,,,,
8789940000.0,144.06,7.599999904632568,6391222784.0,2420.234552379635,5800.0,0.05859375,95043584.0,199055.0347313881,0.002087227301672101,0.01654052734375,1.9893276691436768,-0.01910337060689926,0.5964954495429993,-0.019893275573849678,0.000789904035627842,0.0,-0.057911306619644165,1.0859794616699219,0.7275037515047379,6.399518013000488,1.806175947189331,6.341607093811035,2.0803744792938232,6.769591808319092,4.175198793411255,,,,,,
8789940000.0,111.68,8.800000190734863,6391222784.0,2358.1886110221653,5801.0,0.0738525390625,95059968.0,199061.98243689537,0.001017928821966052,0.00604248046875,2.0113892555236816,-0.01998080685734749,0.41648727655410767,-0.02011389285326004,0.0001330878585577011,0.0,0.07427345216274261,0.909692108631134,0.7951110007694527,6.4827117919921875,1.7919200658798218,6.556985855102539,2.0097200870513916,6.947705507278442,4.182313919067383,,,,,,
8789940000.0,128.32,8.600000381469727,6391222784.0,2396.5609206100366,5802.0,0.068359375,95076352.0,199068.81889986992,0.0006695066695101559,0.0030517578125,1.977664828300476,-0.02010153979063034,0.5073491334915161,-0.01977664791047573,-0.00032489141449332237,0.0,0.03775573521852493,1.0074806213378906,0.7654417418436531,6.537043571472168,1.879122018814087,6.574798583984375,2.0802297592163086,6.83646297454834,4.179011583328247,,,,,,
8789940000.0,144.69,8.100000381469727,6391222784.0,2392.797261048021,5803.0,0.0665283203125,95092736.0,199075.66611599922,0.0008624193724244833,0.004150390625,1.9793649911880493,-0.02018674463033676,0.5601018071174622,-0.01979365013539791,-0.00039309076964855194,0.0,-0.009255807846784592,1.0569102764129639,0.741667304840748,6.535389423370361,1.8410612344741821,6.526134014129639,2.079450845718384,6.8472161293029785,4.177269220352173,,,,,,
8789940000.0,121.87,8.300000190734863,6391222784.0,2404.460179393969,5804.0,0.0665283203125,95109120.0,199082.48011946678,0.0009461005101911724,0.0042724609375,1.963065266609192,-0.020021524280309677,0.4737872779369354,-0.01963065192103386,-0.0003908742219209671,0.0,-0.01784038171172142,0.973822295665741,0.781422916572692,6.525934219360352,1.8573068380355835,6.50809383392334,2.082942247390747,6.8140034675598145,4.168838739395142,,,,,,
8789940000.0,103.65,8.800000190734863,6391222784.0,1443.5216940990392,5805.0,0.0634765625,95125504.0,199093.83013939857,0.0007004909566603601,0.00213623046875,1.9277795553207397,-0.01923832856118679,0.4306103587150574,-0.019277794286608696,3.946572542190552e-05,0.0,0.0675717443227768,0.9255593419075012,0.782187483055807,6.362452507019043,1.782249927520752,6.43002462387085,1.9831832647323608,11.350019931793213,4.168344974517822,,,,,,
8789940000.0,134.1,8.399999618530273,6391222784.0,2430.5316692694632,5806.0,0.0775146484375,95141888.0,199100.57105135918,0.0008366104448214173,0.00506591796875,1.874508023262024,-0.01879984140396118,0.5215178728103638,-0.01874507963657379,-5.476176738739014e-05,0.0,0.029279936105012894,1.0244449377059937,0.7755869536841743,6.636452674865723,1.9041497707366943,6.665732383728027,2.1625418663024902,6.740911960601807,4.171855926513672,,,,,,
8789940000.0,99.78,8.0,6391222784.0,2449.2896323795703,5807.0,0.0811767578125,95158272.0,199107.2603378296,0.0007885361555963755,0.00531005859375,1.8820714950561523,-0.018377553671598434,0.6391080617904663,-0.018820716068148613,0.00044316332787275314,0.0,-0.013911968097090721,1.1308844089508057,0.738093897478129,6.77925968170166,1.9466694593429565,6.765348434448242,2.2097628116607666,6.689286470413208,4.152847051620483,,,,,,
8789940000.0,91.39,8.300000190734863,6391222784.0,2434.411617361426,5808.0,0.0714111328125,95174656.0,199113.99050617218,0.0008135194075293839,0.00360107421875,1.8970623016357422,-0.01889815367758274,0.551513135433197,-0.01897062174975872,7.246993482112885e-05,0.0,-0.0046254731714725494,1.0476853847503662,0.7542751937978478,6.616028308868408,1.84633469581604,6.61140251159668,2.113518714904785,6.730168342590332,4.154983282089233,,,,,,
8789940000.0,82.95,8.100000381469727,6391222784.0,2439.4994293650734,5809.0,0.0653076171875,95191040.0,199120.70663809776,0.0007917353068478405,0.0032958984375,1.9245551824569702,-0.019292600452899933,0.5365688800811768,-0.019245551899075508,-4.705274477601051e-05,0.0,-0.01741715706884861,1.0344531536102295,0.7567630515165652,6.53620719909668,1.852666974067688,6.518789768218994,2.097470998764038,6.716131925582886,4.176741123199463,,,,,,
8789940000.0,104.22,7.900000095367432,6391222784.0,2427.509285011118,5810.0,0.07080078125,95207424.0,199127.4559428692,0.001831786590628326,0.0155029296875,1.9601305723190308,-0.019086206331849098,0.609669029712677,-0.019601305946707726,0.0005150986835360527,0.0,-0.057323962450027466,1.10667085647583,0.7354289521173427,6.574667930603027,1.8331482410430908,6.5173444747924805,2.1515305042266846,6.74930477142334,4.190546035766602,,,,,,
8789940000.0,137.95,8.699999809265137,6391222784.0,2421.48103784791,5811.0,0.072021484375,95223808.0,199134.22204995155,0.0006246243137866259,0.00311279296875,1.9708737134933472,-0.01905035600066185,0.4325445294380188,-0.01970873773097992,0.0006583845242857933,0.0,0.06161743029952049,0.9284648299217224,0.7965555314266544,6.537925720214844,1.808148741722107,6.59954309463501,2.058460235595703,6.766107082366943,4.167855739593506,,,,,,
8789940000.0,107.21,8.0,6391222784.0,2460.720705750958,5812.0,0.0640869140625,95240192.0,199140.88026189804,0.0010686966124922037,0.0076904296875,1.9880173206329346,-0.019303297623991966,0.5557430386543274,-0.019880171865224838,0.0005768733099102974,0.0,-0.06194385141134262,1.0530118942260742,0.751410613935523,6.444866180419922,1.8284072875976562,6.382922172546387,2.1119906902313232,6.658211946487427,4.164200782775879,,,,,,
8789940000.0,128.54,8.600000381469727,6391222784.0,2386.0127456827145,5813.0,0.07080078125,95256576.0,199147.74694776535,0.0011644434416666627,0.00921630859375,1.983550786972046,-0.019818702712655067,0.43752917647361755,-0.01983550563454628,1.6802921891212463e-05,0.0,0.04205742105841637,0.9339906573295593,0.8002902648656068,6.530830383300781,1.8567224740982056,6.572887897491455,2.0899839401245117,6.86668586730957,4.167956590652466,,,,,,
8789940000.0,118.97,8.0,6391222784.0,2438.0024155991337,5814.0,0.0592041015625,95272960.0,199154.4672036171,0.0015237868065014482,0.01025390625,2.0103495121002197,-0.01960296928882599,0.5389508008956909,-0.020103493705391884,0.0005005244165658951,0.0,-0.03308815136551857,1.036891222000122,0.7389188796314933,6.337813377380371,1.810200572013855,6.304725170135498,2.0292956829071045,6.7202558517456055,4.16569972038269,,,,,,
8789940000.0,128.53,7.599999904632568,6391222784.0,2347.1664899674947,5815.0,0.0628662109375,95289344.0,199161.447535038,0.0013475912855938077,0.00860595703125,1.9622149467468262,-0.019563311710953712,0.5632443428039551,-0.01962215080857277,5.884096026420593e-05,0.0,-0.06903351843357086,1.060897707939148,0.7427617028013194,6.456678867340088,1.8076330423355103,6.3876447677612305,2.091728925704956,6.9803314208984375,4.160820960998535,,,,,,
8789940000.0,112.79,8.600000381469727,6391222784.0,2333.6841494062323,5816.0,0.0689697265625,95305728.0,199168.46819376945,0.0010540027869865298,0.006591796875,1.9283583164215088,-0.01895955577492714,0.5020806193351746,-0.019283583387732506,0.0003240220248699188,0.0,0.027996165677905083,1.00143301486969,0.7577724602699124,6.575614929199219,1.7744256258010864,6.603610992431641,2.03474497795105,7.020658731460571,4.178558111190796,,,,,,
8789940000.0,138.97,7.900000095367432,6391222784.0,2395.7072982578243,5817.0,0.06103515625,95322112.0,199175.30709266663,0.001851589884608984,0.01361083984375,1.9818075895309448,-0.019411969929933548,0.5277135968208313,-0.019818076863884926,0.00040610553696751595,0.0,-0.024551095440983772,1.0280207395553589,0.7510145873246787,6.389601230621338,1.7823858261108398,6.365049839019775,2.0602259635925293,6.8388988971710205,4.164323568344116,,,,,,
8789940000.0,132.37,7.699999809265137,6391222784.0,2401.455419429334,5818.0,0.05859375,95338496.0,199182.12962198257,0.0011456074425950646,0.005615234375,1.9963788986206055,-0.019938550889492035,0.49799802899360657,-0.019963787868618965,2.5236979126930237e-05,0.0,-0.043641597032547,0.9941005110740662,0.7653499050761108,6.322256565093994,1.7604550123214722,6.2786149978637695,2.0522005558013916,6.822529315948486,4.166199207305908,,,,,,
8789940000.0,137.51,8.399999618530273,6391222784.0,2426.1561942442327,5819.0,0.062255859375,95354880.0,199188.88269090652,0.0014244666090235114,0.0076904296875,2.0109148025512695,-0.018909770995378494,0.4054107666015625,-0.0201091468334198,0.0011993758380413055,0.0,-0.0021866275928914547,0.9015997648239136,0.7916239780946728,6.4027605056762695,1.768734335899353,6.40057373046875,1.975103497505188,6.753068923950195,4.187432050704956,,,,,,
8789940000.0,129.42,8.300000190734863,6391222784.0,2372.20843917507,5820.0,0.06103515625,95371264.0,199195.78933525085,0.0018657733453437686,0.01702880859375,1.9774563312530518,-0.019874826073646545,0.46403685212135315,-0.01977456361055374,-0.00010026246309280396,0.0,0.015924889594316483,0.9633789658546448,0.7866203358787041,6.347257614135742,1.8298767805099487,6.36318302154541,2.0855510234832764,6.906644344329834,4.170625925064087,,,,,,
8789940000.0,137.36,8.100000381469727,6391222784.0,2396.801401483789,5821.0,0.059814453125,95387648.0,199202.62511229515,0.00098768575116992,0.00494384765625,1.993654489517212,-0.019762417301535606,0.4983013868331909,-0.019936544820666313,0.00017412565648555756,0.0,-0.025574516505002975,0.9994709491729736,0.7551702525264014,6.3147969245910645,1.7568937540054321,6.289222717285156,2.01993989944458,6.835777044296265,4.173260450363159,,,,,,
8789940000.0,141.31,8.399999618530273,6391222784.0,2404.128917706936,5822.0,0.0567626953125,95404032.0,199209.44005465508,0.001611149637028575,0.0115966796875,2.0257763862609863,-0.020902426913380623,0.4103766977787018,-0.02025776356458664,-0.0006446642801165581,0.0,0.023343823850154877,0.9076998233795166,0.7956071274471228,6.33424711227417,1.7767763137817383,6.357590675354004,2.0077474117279053,6.814942359924316,4.171581506729126,,,,,,
8789940000.0,144.87,8.5,6391222784.0,2367.2180768376866,5823.0,0.0543212890625,95420416.0,199216.3612589836,0.0016215445939451456,0.01025390625,2.063018321990967,-0.02057771570980549,0.35975682735443115,-0.020630184561014175,5.246791988611221e-05,0.0,-0.007142340764403343,0.8498339653015137,0.8114065647288742,6.3016204833984375,1.7513536214828491,6.294477939605713,1.9569103717803955,6.921204328536987,4.187943696975708,,,,,,
,,,,,,,,,,,,,,,,,,,,,,,,,,0.022852329537272453,0.5422630310058594,0.4986308515071869,0.022852329537272453,0.5422630310058594,0.4986308515071869
,,,,,,,,,,,,,,,,,,,,,,,,,,0.020077483728528023,0.4928639829158783,0.46869003772735596,0.020077483728528023,0.4928639829158783,0.46869003772735596
,,,,,,,,,,,,,,,,,,,,,,,,,,0.019335957244038582,0.46703580021858215,0.44801682233810425,0.019335957244038582,0.46703580021858215,0.44801682233810425
,,,,,,,,,,,,,,,,,,,,,,,,,,0.019429437816143036,0.44896751642227173,0.4301397204399109,0.019429437816143036,0.44896751642227173,0.4301397204399109
,,,,,,,,,,,,,,,,,,,,,,,,,,0.020812850445508957,0.43869102001190186,0.4191470444202423,0.020812850445508957,0.43869102001190186,0.4191470444202423
,,,,,,,,,,,,,,,,,,,,,,,,,,0.01943052001297474,0.420488178730011,0.4057675898075104,0.01943052001297474,0.420488178730011,0.4057675898075104
8789940000.0,161.99,7.5,6188634112.0,18.584584039387934,5824.0,0.0506591796875,95436800.0,200097.952149868,0.0008840608643367887,0.00347900390625,2.0547196865081787,-0.020643867552280426,0.505220890045166,-0.02054719626903534,-9.666895493865013e-05,0.0,-0.05306471511721611,1.0065715312957764,0.7578769645646491,6.319726943969727,1.7841042280197144,6.266662120819092,2.0456275939941406,881.5908908843994,4.17684006690979,,,,,,
8789940000.0,157.01,7.800000190734863,6391222784.0,2405.25202735554,5825.0,0.0640869140625,95453184.0,200104.76391005516,0.0006162470672279596,0.0018310546875,1.999121904373169,-0.01935480535030365,0.5949503183364868,-0.01999121904373169,0.0006364136934280396,0.0,-0.007192723453044891,1.0930341482162476,0.7183429768071241,6.6038432121276855,1.8187223672866821,6.596650123596191,2.0595543384552,6.811760187149048,4.178909063339233,,,,,,
8789940000.0,135.83,8.199999809265137,6391222784.0,2410.8392021156046,5826.0,0.0653076171875,95469568.0,200111.55988383293,0.0006520637543871999,0.00213623046875,1.9684237241744995,-0.019334983080625534,0.5918485522270203,-0.019684236496686935,0.00034925201907753944,0.0,-0.01914292387664318,1.0901926755905151,0.7312544222690505,6.614131450653076,1.813636302947998,6.594988822937012,2.102968454360962,6.795973777770996,4.17410683631897,,,,,,
8789940000.0,105.86,8.5,6391222784.0,2044.1532958876421,5827.0,0.0689697265625,95485952.0,200119.57493829727,0.000514997576829046,0.0013427734375,1.9745113849639893,-0.019641704857349396,0.4972258508205414,-0.0197451151907444,0.00010341033339500427,0.0,0.03312958776950836,0.9984189867973328,0.7759933283436085,6.551523208618164,1.855704665184021,6.584652900695801,2.1095142364501953,8.01505446434021,5.491310119628906,,,,,,
8789940000.0,104.15,8.5,6391222784.0,2416.223161145064,5828.0,0.0689697265625,95502336.0,200126.355768919,0.0007215290097519755,0.0042724609375,1.9673439264297485,-0.019424190744757652,0.46840566396713257,-0.019673438742756844,0.00024924706667661667,0.0,0.029644683003425598,0.9644690752029419,0.7787181718429853,6.448071479797363,1.812529444694519,6.477716445922852,2.0502915382385254,6.78083062171936,4.190387964248657,,,,,,
8789940000.0,111.16,8.399999618530273,6391222784.0,2035.5573804357157,5829.0,0.0616455078125,95518720.0,200134.40467000008,0.0007200929685495794,0.0035400390625,1.9660053253173828,-0.018968777731060982,0.46187397837638855,-0.01966005191206932,0.0006912760436534882,0.0,0.00926594901829958,0.9616602063179016,0.7587528689673569,6.447919845581055,1.7352505922317505,6.4571852684021,1.9579002857208252,8.048901081085205,4.204005718231201,,,,,,
8789940000.0,83.75,8.0,6391222784.0,2425.6183939516645,5830.0,0.06103515625,95535104.0,200141.1592361927,0.0008427335997112095,0.00360107421875,1.9883091449737549,-0.020080063492059708,0.536575198173523,-0.019883090630173683,-0.0001969747245311737,0.0,-0.06148238480091095,1.0350350141525269,0.7451114460523226,6.463469505310059,1.7588207721710205,6.401986598968506,2.050122022628784,6.754566192626953,4.184296369552612,,,,,,
8789940000.0,154.32,7.599999904632568,6391222784.0,2393.6483936414015,5831.0,0.0555419921875,95551488.0,200148.00401759148,0.0013384391786530614,0.0078125,1.9939661026000977,-0.0202588252723217,0.5082970261573792,-0.019939661026000977,-0.000319160521030426,0.0,-0.060135915875434875,1.0091193914413452,0.7472962173113815,6.272795677185059,1.7143663167953491,6.21265983581543,2.007412910461426,6.844781398773193,4.2821245193481445,,,,,,
8789940000.0,135.29,8.399999618530273,6391222784.0,2426.056409135923,5832.0,0.0555419921875,95567872.0,200154.75736427307,0.0012895258842036128,0.00811767578125,2.0133256912231445,-0.020467093214392662,0.41599321365356445,-0.020133256912231445,-0.00033383630216121674,0.0,0.018034737557172775,0.914365291595459,0.768620995051385,6.338995933532715,1.6681535243988037,6.357030868530273,1.900892972946167,6.753346681594849,4.172374725341797,,,,,,
8789940000.0,174.27,8.199999809265137,6391222784.0,2435.102163483558,5833.0,0.059814453125,95584256.0,200161.48562407494,0.001258436357602477,0.0091552734375,2.019551992416382,-0.020085297524929047,0.4530859589576721,-0.020195521414279938,0.0001102229580283165,0.0,-0.031561121344566345,0.9500707983970642,0.7819532417722608,6.342182636260986,1.7683252096176147,6.31062126159668,2.03460955619812,6.728259801864624,4.188551902770996,,,,,,
8789940000.0,150.43,8.199999809265137,6391222784.0,2442.9019484495416,5834.0,0.052490234375,95600640.0,200168.19240164757,0.001541299861855805,0.00921630859375,2.023587226867676,-0.01967081055045128,0.43247705698013306,-0.020235873758792877,0.0005650636740028858,0.0,-0.01616005226969719,0.9313303828239441,0.7748549874362827,6.270146369934082,1.7580974102020264,6.253986358642578,1.9627844095230103,6.706777572631836,4.193454027175903,,,,,,
8789940000.0,120.46,8.300000190734863,6391222784.0,2422.9052863880343,5835.0,0.0537109375,95617024.0,200174.9545314312,0.0021172966808080673,0.01611328125,2.017429828643799,-0.02039080485701561,0.4469887614250183,-0.0201742984354496,-0.00021650595590472221,0.0,-0.04848363995552063,0.9459125399589539,0.7700499402177543,6.141578674316406,1.7905936241149902,6.093094825744629,1.9725775718688965,6.762129783630371,4.1727917194366455,,,,,,
8789940000.0,193.75,8.0,6391222784.0,2437.3251789667165,5836.0,0.05126953125,95633408.0,200181.67665457726,0.0015197712928056717,0.01373291015625,2.029465675354004,-0.02098800241947174,0.4070248007774353,-0.020294658839702606,-0.0006933454424142838,0.0,-0.014291752129793167,0.9031395316123962,0.7865443113714161,5.980437278747559,1.6906168460845947,5.9661455154418945,1.9547935724258423,6.722123146057129,4.195258855819702,,,,,,
8789940000.0,159.83,8.100000381469727,6391222784.0,2405.478088770098,5837.0,0.0555419921875,95649792.0,200188.48777461052,0.0019580756779760122,0.0185546875,1.9716753959655762,-0.019291682168841362,0.4062251150608063,-0.01971675455570221,0.0004250733181834221,0.0,0.013529476709663868,0.9030996561050415,0.8108527127336052,6.028711318969727,1.83029305934906,6.042241096496582,2.0765185356140137,6.81112003326416,4.186823606491089,,,,,,
8789940000.0,116.96,8.600000381469727,6391222784.0,2402.7496705984136,5838.0,0.067138671875,95666176.0,200195.3066289425,0.0008567323093302548,0.0050048828125,1.9398119449615479,-0.01944034919142723,0.4563412070274353,-0.019398117437958717,-4.223082214593887e-05,0.0,0.06451807171106339,0.9598257541656494,0.802655690072212,6.2607574462890625,1.960354208946228,6.325275421142578,2.160627841949463,6.818854331970215,4.197602033615112,,,,,,
8789940000.0,114.05,8.300000190734863,6391222784.0,2445.564572097497,5839.0,0.0634765625,95682560.0,200202.0061044693,0.0014324095100164413,0.009765625,2.002093553543091,-0.019027508795261383,0.48051002621650696,-0.02002093568444252,0.0009934315457940102,0.0,-0.0001028762198984623,0.9816359281539917,0.7865799921501635,6.258944511413574,1.8962512016296387,6.258841514587402,2.1248724460601807,6.699475526809692,4.183667182922363,,,,,,
8789940000.0,175.58,8.399999618530273,6391222784.0,2441.088895067439,5840.0,0.05859375,95698944.0,200208.7178633213,0.0013287365436553955,0.00830078125,2.004507541656494,-0.019416702911257744,0.44973498582839966,-0.020045071840286255,0.000628368929028511,0.0,0.021982654929161072,0.9477522969245911,0.7840996641040071,6.361220359802246,1.8265732526779175,6.38320255279541,2.0397093296051025,6.711758852005005,4.191099405288696,,,,,,
8789940000.0,130.74,8.100000381469727,6391222784.0,2118.633095613203,5841.0,0.0640869140625,95715328.0,200216.451151371,0.0012203939259052277,0.0086669921875,1.9716417789459229,-0.019919952377676964,0.5998318791389465,-0.0197164174169302,-0.00020353496074676514,0.0,-0.007134275045245886,1.0944839715957642,0.7477068305961618,6.516445636749268,1.8936399221420288,6.509311676025391,2.1789979934692383,7.733288049697876,5.204655170440674,,,,,,
8789940000.0,126.16,7.900000095367432,6391222784.0,1500.6646089731123,5842.0,0.0714111328125,95731712.0,200227.36898064613,0.002199126174673438,0.021240234375,1.9848408699035645,-0.017820019274950027,0.5266889929771423,-0.019848406314849854,0.0020283875055611134,0.0,-0.0047447532415390015,1.0264116525650024,0.7863498046044879,6.527069091796875,1.956464409828186,6.522324085235596,2.220597743988037,10.917829275131226,4.17137598991394,,,,,,
8789940000.0,119.46,8.699999809265137,6391222784.0,2442.6786968323668,5843.0,0.069580078125,95748096.0,200234.07637119293,0.000855296035297215,0.00390625,1.9908792972564697,-0.019930165261030197,0.4754049479961395,-0.01990879327058792,-2.1371990442276e-05,0.0,0.03533504903316498,0.9743738770484924,0.7979259278602597,6.377227783203125,1.9508558511734009,6.412563323974609,2.1675562858581543,6.707390546798706,4.171267747879028,,,,,,
8789940000.0,102.18,8.300000190734863,6391222784.0,2428.884661101915,5844.0,0.067138671875,95764480.0,200240.82185411453,0.0008477026713080704,0.00360107421875,1.9779558181762695,-0.019305530935525894,0.5679730772972107,-0.01977955736219883,0.00047402631025761366,0.0,0.037505581974983215,1.068129301071167,0.7684645317452076,6.487010955810547,1.9915602207183838,6.524516582489014,2.2198069095611572,6.745482921600342,4.17960262298584,,,,,,
8789940000.0,169.61,8.0,6391222784.0,2416.5280218636967,5845.0,0.079345703125,95780864.0,200247.6018292904,0.0008185585029423237,0.00396728515625,1.9513945579528809,-0.019263524562120438,0.6136131882667542,-0.019513944163918495,0.00025041867047548294,0.0,-0.026330111548304558,1.1062783002853394,0.7531032014227594,6.751656532287598,1.9311845302581787,6.725325584411621,2.2264156341552734,6.779975175857544,4.182399749755859,,,,,,
8789940000.0,80.73,8.199999809265137,6391222784.0,2420.9059053784963,5846.0,0.0811767578125,95797248.0,200254.36954379082,0.0014273739652708173,0.009521484375,1.961840271949768,-0.019847139716148376,0.5486985445022583,-0.019618401303887367,-0.00022873422130942345,0.0,0.04219750314950943,1.045958399772644,0.7611566909894582,6.78858757019043,1.912571907043457,6.830784797668457,2.1402175426483154,6.767714500427246,4.165696859359741,,,,,,
8789940000.0,115.47,8.399999618530273,6391222784.0,2432.800171345205,5847.0,0.064697265625,95813632.0,200261.104170084,0.0013016642769798636,0.0062255859375,1.9802684783935547,-0.01962864398956299,0.5554656386375427,-0.01980268396437168,0.00017404276877641678,0.0,0.017161550000309944,1.0543276071548462,0.7500801087653545,6.649078845977783,1.9145019054412842,6.666240692138672,2.108994960784912,6.734626293182373,4.163992404937744,,,,,,
8789940000.0,116.03,8.699999809265137,6391222784.0,2434.7311780861755,5848.0,0.08056640625,95830016.0,200267.83345508575,0.0005949635524302721,0.001953125,1.9731009006500244,-0.01962856762111187,0.4486757516860962,-0.019731007516384125,0.00010243849828839302,0.0,0.016008758917450905,0.9453607797622681,0.8116597593034075,6.816497325897217,1.938522219657898,6.83250617980957,2.1783411502838135,6.729285001754761,4.168094158172607,,,,,,
8789940000.0,130.92,8.5,6391222784.0,2428.864658509526,5849.0,0.0738525390625,95846400.0,200274.57899355888,0.001050199382007122,0.005615234375,1.9050451517105103,-0.01877244934439659,0.5427723526954651,-0.01905044913291931,0.00027800071984529495,0.0,0.07304500788450241,1.0412980318069458,0.7601746790164049,6.7140045166015625,1.8691542148590088,6.787049293518066,2.126314163208008,6.7455384731292725,4.1725146770477295,,,,,,
8789940000.0,107.74,8.199999809265137,6391222784.0,2434.0565333061304,5850.0,0.0750732421875,95862784.0,200281.31014370918,0.0011410792358219624,0.00970458984375,1.8943183422088623,-0.018517497926950455,0.5765984654426575,-0.0189431831240654,0.0004256889224052429,0.0,-0.05649152398109436,1.0767805576324463,0.740305929761792,6.930900573730469,1.882328748703003,6.874408721923828,2.1129841804504395,6.731150150299072,4.165884017944336,,,,,,
8789940000.0,107.13,8.399999618530273,6391222784.0,2357.065597545889,5851.0,0.078125,95879168.0,200288.26115942,0.0011021624086424708,0.00738525390625,1.902851939201355,-0.018590958788990974,0.5483306050300598,-0.019028518348932266,0.00043756235390901566,0.0,0.014319919049739838,1.045135498046875,0.755627888250716,6.890630722045898,1.83010733127594,6.9049506187438965,2.1142032146453857,6.9510157108306885,4.173450946807861,,,,,,
8789940000.0,99.45,8.600000381469727,6391222784.0,2400.533149337634,5852.0,0.0811767578125,95895552.0,200295.08630990982,0.001476754667237401,0.01129150390625,1.902928352355957,-0.019079070538282394,0.534018874168396,-0.01902928203344345,-4.97894361615181e-05,0.0,0.04966261237859726,1.0284305810928345,0.7604371558479988,6.763031005859375,1.8154351711273193,6.8126935958862305,2.1011903285980225,6.825150489807129,4.174870491027832,,,,,,
8789940000.0,87.23,8.800000190734863,6391222784.0,2418.11031811518,5853.0,0.0885009765625,95911936.0,200301.86184859276,0.0009704629774205387,0.00543212890625,1.9320675134658813,-0.019642852246761322,0.5553166270256042,-0.01932067610323429,-0.0003221780061721802,0.0,0.053071409463882446,1.047789216041565,0.7571216999645686,6.979587554931641,1.9225140810012817,7.032658576965332,2.1260790824890137,6.775538682937622,4.19042181968689,,,,,,
8789940000.0,114.78,7.699999809265137,6391222784.0,2372.182153080303,5854.0,0.0732421875,95928320.0,200308.76856946945,0.002307515125721693,0.018310546875,1.9323089122772217,-0.0188688226044178,0.6045408248901367,-0.019323086366057396,0.0004542674869298935,0.0,-0.04274468123912811,1.0995984077453613,0.7398460257392372,6.717710018157959,1.868632435798645,6.6749653816223145,2.1558518409729004,6.906720876693726,4.183583498001099,,,,,,
8789940000.0,94.85,8.600000381469727,6391222784.0,2430.172559691391,5855.0,0.0726318359375,95944704.0,200315.51047754288,0.0009765576687641442,0.00445556640625,1.9365750551223755,-0.01862391270697117,0.6267396211624146,-0.019365748390555382,0.0007418375462293625,0.0,-0.02963319793343544,1.1245594024658203,0.7218414267205108,6.808022499084473,1.8935407400131226,6.778388977050781,2.1322412490844727,6.741908073425293,4.196786403656006,,,,,,
,,,,,,,,,,,,,,,,,,,,,,,,,,0.022392455488443375,0.5404863357543945,0.5031143426895142,0.022392455488443375,0.5404863357543945,0.5031143426895142
,,,,,,,,,,,,,,,,,,,,,,,,,,0.02179129049181938,0.4926227331161499,0.47151973843574524,0.02179129049181938,0.4926227331161499,0.47151973843574524
,,,,,,,,,,,,,,,,,,,,,,,,,,0.021391214802861214,0.46776050329208374,0.4504810869693756,0.021391214802861214,0.46776050329208374,0.4504810869693756
,,,,,,,,,,,,,,,,,,,,,,,,,,0.021121835336089134,0.45025038719177246,0.4320143759250641,0.021121835336089134,0.45025038719177246,0.4320143759250641
,,,,,,,,,,,,,,,,,,,,,,,,,,0.02138821966946125,0.43226131796836853,0.41565337777137756,0.02138821966946125,0.43226131796836853,0.41565337777137756
,,,,,,,,,,,,,,,,,,,,,,,,,,0.021648887544870377,0.4186234474182129,0.4027531147003174,0.021648887544870377,0.4186234474182129,0.4027531147003174
8789940000.0,97.06,8.5,6188634112.0,18.604124587864437,5856.0,0.0830078125,95961088.0,201196.17540335655,0.0003970497637055814,0.0008544921875,1.9909249544143677,-0.019582560285925865,0.5600789189338684,-0.019909247756004333,0.00032668840140104294,0.0,0.05844996124505997,1.0565475225448608,0.7806689887747211,6.553488731384277,1.9812170267105103,6.6119384765625,2.255998373031616,880.6649258136749,4.20056414604187,,,,,,
8789940000.0,87.87,8.100000381469727,6391222784.0,2457.010893200696,5857.0,0.0848388671875,95977472.0,201202.84366846085,0.0005913380300626159,0.00201416015625,1.9692119359970093,-0.019834188744425774,0.63154536485672,-0.01969212107360363,-0.00014207232743501663,0.0,0.02773994952440262,1.1219805479049683,0.7565582710913357,6.634178638458252,1.991788625717163,6.661918640136719,2.2739856243133545,6.668265104293823,4.174289226531982,,,,,,
8789940000.0,117.66,8.699999809265137,6391222784.0,2447.1221288472316,5858.0,0.0836181640625,95993856.0,201209.53887987137,0.0006754695205017924,0.00189208984375,1.996009111404419,-0.019844787195324898,0.5141683220863342,-0.01996009051799774,0.0001153009943664074,0.0,0.08735574036836624,1.012258768081665,0.7852849516898737,6.701618194580078,1.9702950716018677,6.788973808288574,2.184542417526245,6.695211410522461,4.17522120475769,,,,,,
8789940000.0,101.6,8.300000190734863,6391222784.0,2394.701144492565,5859.0,0.0830078125,96010240.0,201216.38065218925,0.0005220649763941765,0.00189208984375,1.9889541864395142,-0.02000085823237896,0.5051284432411194,-0.01988954283297062,-0.00011131586506962776,0.0,-0.0008550197817385197,1.0064570903778076,0.8036991523300314,6.74942684173584,2.0049102306365967,6.748571872711182,2.2716116905212402,6.8417723178863525,4.194482088088989,,,,,,
8789940000.0,119.78,7.699999809265137,6391222784.0,1881.3158463438365,5860.0,0.072021484375,96026624.0,201225.08945035934,0.0006224950775504112,0.00372314453125,2.010098695755005,-0.019704826176166534,0.5793745517730713,-0.020100988447666168,0.00039615854620933533,0.0,-0.08644702285528183,1.0725257396697998,0.7656919046208038,6.6880717277526855,1.9609858989715576,6.601624488830566,2.215714931488037,8.708798170089722,4.186458349227905,,,,,,
8789940000.0,109.54,7.900000095367432,6391222784.0,2437.2793632154853,5861.0,0.0726318359375,96043008.0,201231.81169986725,0.0009172538993880153,0.00604248046875,2.0159857273101807,-0.0198090560734272,0.6290613412857056,-0.020159857347607613,0.00035079941153526306,0.0,-0.046909041702747345,1.1233750581741333,0.7444500197629448,6.855123519897461,1.9520533084869385,6.808215141296387,2.222219944000244,6.722249507904053,4.165209770202637,,,,,,
8789940000.0,114.11,7.599999904632568,6391222784.0,2435.1082900051792,5862.0,0.0738525390625,96059392.0,201238.5399427414,0.0010224019642919302,0.0074462890625,2.020744562149048,-0.020936261862516403,0.6029005646705627,-0.020207444205880165,-0.000728825107216835,0.0,-0.032913438975811005,1.0895142555236816,0.7596410472088249,6.73459529876709,1.937698483467102,6.701682090759277,2.222299814224243,6.728242874145508,4.189126253128052,,,,,,
8789940000.0,100.79,8.800000190734863,6391222784.0,2447.135461766262,5863.0,0.08056640625,96075776.0,201245.23511767387,0.0005235424032434821,0.00177001953125,2.000349521636963,-0.01988719217479229,0.4925389885902405,-0.02000349760055542,0.00011630496010184288,0.0,0.08450467884540558,0.991492748260498,0.7871720124095017,6.703524589538574,1.9364001750946045,6.788029670715332,2.1491920948028564,6.695174932479858,4.189307689666748,,,,,,
8789940000.0,115.75,8.300000190734863,6391222784.0,2415.987431144537,5864.0,0.0726318359375,96092160.0,201252.01660990715,0.0007873376598581672,0.00408935546875,1.9862442016601562,-0.019615571945905685,0.5706073045730591,-0.01986243948340416,0.00024686800315976143,0.0,0.04904746636748314,1.064892292022705,0.7511504685643633,6.776373863220215,1.9212558269500732,6.825421333312988,2.1347029209136963,6.781492233276367,4.183886289596558,,,,,,
8789940000.0,151.18,7.699999809265137,6391222784.0,2402.4716256920706,5865.0,0.072021484375,96108544.0,201258.83625340462,0.0009211619617417455,0.00592041015625,1.971919059753418,-0.019955463707447052,0.6594515442848206,-0.019719190895557404,-0.0002362700179219246,0.0,0.015219497494399548,1.1461009979248047,0.7209642008622659,6.785264015197754,1.8945213556289673,6.800483703613281,2.169665575027466,6.819643497467041,4.186705112457275,,,,,,
8789940000.0,115.43,8.0,6391222784.0,2385.6303121773085,5866.0,0.079345703125,96124928.0,201265.7040400505,0.0009873515227809548,0.00531005859375,1.992446780204773,-0.020289413630962372,0.563037633895874,-0.0199244674295187,-0.00036495085805654526,0.0,0.023641474545001984,1.060092568397522,0.7486394610660135,6.889019012451172,1.8658071756362915,6.912660598754883,2.1144402027130127,6.867786645889282,4.197666645050049,,,,,,
8789940000.0,97.75,7.699999809265137,6391222784.0,2395.5700001376977,5867.0,0.0738525390625,96141312.0,201272.54333090782,0.0010457475436851382,0.005615234375,1.985526204109192,-0.019611982628703117,0.700912356376648,-0.019855260848999023,0.00024327822029590607,0.0,-0.08263497799634933,1.1829328536987305,0.706588105311444,6.865313529968262,1.8736934661865234,6.782678604125977,2.183842897415161,6.8392908573150635,4.172235488891602,,,,,,
8789940000.0,76.09,7.900000095367432,6391222784.0,2466.8821328957433,5868.0,0.0823974609375,96157696.0,201279.18491292,0.0010932908626273274,0.00634765625,2.0212864875793457,-0.020050261169672012,0.5461928844451904,-0.020212862640619278,0.00016260147094726562,0.0,-0.011939143761992455,1.0451829433441162,0.7762520493630021,6.685362815856934,1.8810855150222778,6.673423767089844,2.209595203399658,6.641582012176514,4.171813488006592,,,,,,
8789940000.0,121.4,8.100000381469727,6391222784.0,2440.0827381828453,5869.0,0.0701904296875,96174080.0,201285.89943933487,0.001771308365277946,0.0118408203125,2.0139577388763428,-0.019468843936920166,0.5993945598602295,-0.020139576867222786,0.0006707319989800453,0.0,-0.03230905532836914,1.0931849479675293,0.7470811805840065,6.5273966789245605,1.8538637161254883,6.495087623596191,2.1737170219421387,6.714526414871216,4.192710638046265,,,,,,
8789940000.0,98.79,7.5,6391222784.0,2421.6895929916504,5870.0,0.0732421875,96190464.0,201292.66496372223,0.0005748146213591099,0.00213623046875,1.9951223134994507,-0.020064378157258034,0.6832312345504761,-0.019951222464442253,-0.00011315755546092987,0.0,-0.04107516631484032,1.1706607341766357,0.7143840820492587,6.601153373718262,1.8649405241012573,6.5600786209106445,2.190483331680298,6.765524387359619,4.186002969741821,,,,,,
8789940000.0,97.04,9.0,6391222784.0,2419.534607002198,5871.0,0.0872802734375,96206848.0,201299.43651390076,0.0003469086077529937,0.000732421875,2.0255556106567383,-0.020007431507110596,0.4580613076686859,-0.02025555446743965,0.0002481229603290558,0.0,0.1089836061000824,0.9567843079566956,0.8119935255689691,6.735347747802734,1.9917031526565552,6.844330787658691,2.2066195011138916,6.771550178527832,4.196187257766724,,,,,,
8789940000.0,112.9,7.900000095367432,6391222784.0,2393.7213498336487,5872.0,0.081787109375,96223232.0,201306.28108668327,0.0010780522134155035,0.00506591796875,2.0048670768737793,-0.020008578896522522,0.6301215291023254,-0.02004867047071457,4.0093204006552696e-05,0.0,-0.031060349196195602,1.1216797828674316,0.7554234376073673,6.69943380355835,1.9322859048843384,6.6683735847473145,2.2680959701538086,6.8445727825164795,4.195284605026245,,,,,,
8789940000.0,102.77,8.300000190734863,6391222784.0,2454.3225991617096,5873.0,0.0946044921875,96239616.0,201312.95665574074,0.0009290986927226186,0.00518798828125,1.9101253747940063,-0.01986774429678917,0.7010776400566101,-0.019101250916719437,-0.0007664896547794342,0.0,0.02100249007344246,1.1840267181396484,0.7260988987245361,7.157566070556641,1.9734983444213867,7.1785688400268555,2.2623767852783203,6.6755690574646,4.178419351577759,,,,,,
8789940000.0,77.26,8.399999618530273,6391222784.0,2396.3606820892296,5874.0,0.0982666015625,96256000.0,201319.7936899662,0.0010494563030079007,0.004150390625,1.921270489692688,-0.01882879249751568,0.6318300366401672,-0.01921270415186882,0.0003839130513370037,0.0,0.025193512439727783,1.1229584217071533,0.7444742703541065,7.057636737823486,1.922189712524414,7.082830429077148,2.221501111984253,6.837034225463867,4.192908048629761,,,,,,
8789940000.0,84.76,8.600000381469727,6391222784.0,2402.8687203728,5875.0,0.0921630859375,96272384.0,201326.61220645905,0.000537737796548754,0.001220703125,1.9352542161941528,-0.019618390128016472,0.6287709474563599,-0.019352542236447334,-0.0002658478915691376,0.0,0.042155537754297256,1.1196845769882202,0.7409780849882978,6.966315269470215,1.9663803577423096,7.00847053527832,2.2000248432159424,6.818516492843628,4.201517105102539,,,,,,
8789940000.0,100.25,7.599999904632568,6391222784.0,2432.2001951013162,5876.0,0.07568359375,96288768.0,201333.3484940529,0.0011135602835565805,0.00634765625,1.9412384033203125,-0.01951352134346962,0.6792392134666443,-0.019412383437156677,-0.00010113650932908058,0.0,-0.07957382500171661,1.1655601263046265,0.7194554786150815,6.755462646484375,1.9102803468704224,6.675889015197754,2.200563669204712,6.736287593841553,4.176092863082886,,,,,,
8789940000.0,105.3,8.5,6391222784.0,2430.4669391908596,5877.0,0.0726318359375,96305152.0,201340.08958554268,0.001025363802909851,0.0068359375,1.971949815750122,-0.020510658621788025,0.6037710309028625,-0.019719498232007027,-0.0007911613211035728,0.0,0.006406968925148249,1.0991326570510864,0.7397714725822861,6.684776306152344,1.8559678792953491,6.691183090209961,2.154630422592163,6.74109148979187,4.180179119110107,,,,,,
8789940000.0,120.97,8.5,6391222784.0,2393.931071538953,5878.0,0.07568359375,96321536.0,201346.93355870247,0.0017408893909305334,0.0133056640625,1.9869166612625122,-0.01855434477329254,0.46956685185432434,-0.019869165495038033,0.001314820721745491,0.0,0.04946821555495262,0.9682611227035522,0.7855746879911853,6.566224098205566,1.830749273300171,6.615692615509033,2.0910017490386963,6.843973159790039,4.190718412399292,,,,,,
8789940000.0,106.49,8.399999618530273,6391222784.0,2433.882047199396,5879.0,0.0714111328125,96337920.0,201353.66519141197,0.0009027884807437658,0.00494384765625,1.9950875043869019,-0.020165912806987762,0.4761159121990204,-0.019950874149799347,-0.00021503958851099014,0.0,0.017537176609039307,0.9738971590995789,0.7774005564747138,6.718945026397705,1.8153835535049438,6.736482620239258,2.064197301864624,6.731632709503174,4.188564300537109,,,,,,
8789940000.0,108.17,7.900000095367432,6391222784.0,2480.130178087118,5880.0,0.064697265625,96354304.0,201360.27129626274,0.0009019467979669571,0.003662109375,2.04227352142334,-0.020479770377278328,0.5408139228820801,-0.020422738045454025,-5.703512579202652e-05,0.0,-0.1041630282998085,1.0372586250305176,0.7575542970555958,6.59964656829834,1.8459545373916626,6.4954833984375,2.10658860206604,6.606104850769043,4.1661217212677,,,,,,
8789940000.0,122.21,8.699999809265137,6391222784.0,2459.869466848944,5881.0,0.072021484375,96370688.0,201366.93181228638,0.002349128946661949,0.01727294921875,1.9822008609771729,-0.0196022167801857,0.5225512385368347,-0.019822007045149803,0.00021978840231895447,0.0,0.02681494504213333,1.0194520950317383,0.7527718620745436,6.642141819000244,1.7800135612487793,6.668956756591797,2.0503017902374268,6.660516023635864,4.168534278869629,,,,,,
8789940000.0,95.9,8.199999809265137,6391222784.0,2390.430328252204,5882.0,0.0799560546875,96387072.0,201373.7858083248,0.003363716881722212,0.02703857421875,1.9547051191329956,-0.018462754786014557,0.6329386234283447,-0.019547050818800926,0.0010843006893992424,0.0,-0.03520689904689789,1.1207720041275024,0.7423560754435202,6.773149013519287,1.9262328147888184,6.737942695617676,2.2080435752868652,6.85399603843689,4.182022333145142,,,,,,
8789940000.0,110.93,8.100000381469727,6391222784.0,2428.8758187135772,5883.0,0.0762939453125,96403456.0,201380.53131580353,0.0036194652784615755,0.0360107421875,1.954389214515686,-0.018644357100129128,0.5701560378074646,-0.01954389177262783,0.0008995328098535538,0.0,-0.013621481135487556,1.0677345991134644,0.751544882592992,6.798118591308594,1.8737725019454956,6.784497261047363,2.1420981884002686,6.745507478713989,4.164692401885986,,,,,,
8789940000.0,96.34,8.699999809265137,6391222784.0,2437.5942299803955,5884.0,0.0653076171875,96419840.0,201387.25269699097,0.0012446240289136767,0.0059814453125,1.9824904203414917,-0.019554749131202698,0.4512982964515686,-0.019824903458356857,0.0002701575867831707,0.0,0.04999624192714691,0.9497923851013184,0.7666026769514511,6.669621467590332,1.7276796102523804,6.71961784362793,1.965989112854004,6.721381187438965,4.190412521362305,,,,,,
8789940000.0,116.84,8.600000381469727,6391222784.0,2446.3708401767212,5885.0,0.072021484375,96436224.0,201393.94996452332,0.0017121263081207871,0.0115966796875,1.9747498035430908,-0.02001923881471157,0.4639873206615448,-0.019747497513890266,-0.0002717413008213043,0.0,0.03310394287109375,0.9638711810112,0.7775783240911144,6.7750701904296875,1.8329249620437622,6.808174133300781,2.043764352798462,6.697267532348633,4.169589996337891,,,,,,
8789940000.0,124.31,8.0,6391222784.0,2416.385862909847,5886.0,0.0634765625,96452608.0,201400.73033857346,0.0012745424173772335,0.0081787109375,1.9829699993133545,-0.01953401230275631,0.559005856513977,-0.019829697906970978,0.0002956874668598175,0.0,-0.056789711117744446,1.0571547746658325,0.7404475600629596,6.686049461364746,1.8406013250350952,6.6292595863342285,2.075038194656372,6.780374050140381,4.1722846031188965,,,,,,
8789940000.0,117.33,8.300000190734863,6391222784.0,2420.133122985819,5887.0,0.0775146484375,96468992.0,201407.50021409988,0.0010712071089074016,0.0062255859375,1.945910096168518,-0.01933782361447811,0.5162628889083862,-0.01945910044014454,0.00012127729132771492,0.0,-0.004749217536300421,1.0144145488739014,0.7728926487535006,6.676745414733887,1.852432131767273,6.671996116638184,2.128627061843872,6.769875526428223,4.174954175949097,,,,,,
,,,,,,,,,,,,,,,,,,,,,,,,,,0.01982785388827324,0.5993990302085876,0.5569654107093811,0.01982785388827324,0.5993990302085876,0.5569654107093811
,,,,,,,,,,,,,,,,,,,,,,,,,,0.018648216500878334,0.5515657067298889,0.5244356393814087,0.018648216500878334,0.5515657067298889,0.5244356393814087
,,,,,,,,,,,,,,,,,,,,,,,,,,0.018392009660601616,0.523838460445404,0.5016676187515259,0.018392009660601616,0.523838460445404,0.5016676187515259
,,,,,,,,,,,,,,,,,,,,,,,,,,0.018720826134085655,0.5040803551673889,0.48309287428855896,0.018720826134085655,0.5040803551673889,0.48309287428855896
,,,,,,,,,,,,,,,,,,,,,,,,,,0.01836746744811535,0.4842499792575836,0.46423572301864624,0.01836746744811535,0.4842499792575836,0.46423572301864624
,,,,,,,,,,,,,,,,,,,,,,,,,,0.018742742016911507,0.47001880407333374,0.45226261019706726,0.018742742016911507,0.47001880407333374,0.45226261019706726
8789940000.0,95.79,8.699999809265137,6188634112.0,18.661273372041666,5888.0,0.08056640625,96485376.0,202285.46816802025,0.000677618314512074,0.00311279296875,1.960540771484375,-0.019394317641854286,0.5530675053596497,-0.019605405628681183,0.00021108798682689667,0.0,0.039643723517656326,1.049778699874878,0.7654869807899469,6.869125843048096,1.9535987377166748,6.908769607543945,2.1677770614624023,877.9679539203644,4.190867185592651,,,,,,
8789940000.0,121.75,7.800000190734863,6391222784.0,2431.395066565608,5889.0,0.07568359375,96501760.0,202292.20668625832,0.0006619399646297097,0.00189208984375,1.9843086004257202,-0.019760340452194214,0.6273199319839478,-0.01984308660030365,8.274801075458527e-05,0.0,-0.06384165585041046,1.1187399625778198,0.744627259047038,6.761788845062256,1.9570376873016357,6.6979475021362305,2.2138173580169678,6.738518238067627,4.164647817611694,,,,,,
8789940000.0,114.57,8.300000190734863,6391222784.0,1449.904658041961,5890.0,0.068359375,96518144.0,202303.5067396164,0.0011133726220577955,0.00653076171875,1.9711451530456543,-0.019531313329935074,0.5792807340621948,-0.0197114497423172,0.0001801387406885624,0.0,0.02784888818860054,1.0784257650375366,0.7258158259462407,6.740344047546387,1.8195794820785522,6.768192291259766,2.0595340728759766,11.300053358078003,4.17775559425354,,,,,,
8789940000.0,111.4,8.5,6391222784.0,2433.304800657989,5891.0,0.0762939453125,96534528.0,202310.23996925354,0.0010105626424774528,0.00640869140625,2.025470495223999,-0.020040562376379967,0.48253434896469116,-0.020254705101251602,0.0002141408622264862,0.0,-0.0052421921864151955,0.980665922164917,0.7913028826831389,6.729628562927246,1.899798035621643,6.724386215209961,2.1466572284698486,6.733229637145996,4.17470645904541,,,,,,
8789940000.0,139.73,7.400000095367432,6391222784.0,2429.4319842953987,5892.0,0.06103515625,96550912.0,202316.98393249512,0.001712242141366005,0.014404296875,2.0562546253204346,-0.019875241443514824,0.5898418426513672,-0.02056254632771015,0.0006873053498566151,0.0,-0.05885252729058266,1.0841420888900757,0.746177340824884,6.539272785186768,1.8540449142456055,6.480420112609863,2.151893377304077,6.743963241577148,4.175114870071411,,,,,,
8789940000.0,117.67,8.100000381469727,6391222784.0,2426.384574573372,5893.0,0.0628662109375,96567296.0,202323.73636579514,0.0014267968945205212,0.00921630859375,2.0576791763305664,-0.020432231947779655,0.529330849647522,-0.02057679183781147,0.0001445617526769638,0.0,-0.007639412302523851,1.0256091356277466,0.7572825293736387,6.585744857788086,1.832710862159729,6.5781049728393555,2.0817625522613525,6.7524333000183105,4.180286645889282,,,,,,
8789940000.0,109.2,8.600000381469727,6391222784.0,2423.766863454615,5894.0,0.06591796875,96583680.0,202330.49609184265,0.0009796028025448322,0.0057373046875,2.0684380531311035,-0.021069636568427086,0.4544562101364136,-0.0206843800842762,-0.0003852546215057373,0.0,-0.0025868695229291916,0.9527977705001831,0.7801638803090181,6.565341472625732,1.8020743131637573,6.5627546310424805,2.0321297645568848,6.759726047515869,4.175334453582764,,,,,,
8789940000.0,115.92,8.800000190734863,6391222784.0,2389.2458341641463,5895.0,0.074462890625,96600064.0,202337.35348582268,0.0007171776378527284,0.001708984375,2.042699098587036,-0.020273642614483833,0.4670352339744568,-0.02042699046432972,0.00015334784984588623,0.0,0.015510423108935356,0.9658529162406921,0.7902509807020984,6.67889404296875,1.8725981712341309,6.694404602050781,2.108924388885498,6.857393980026245,4.185407400131226,,,,,,
8789940000.0,129.68,7.800000190734863,6391222784.0,2343.920441986538,5896.0,0.0543212890625,96616448.0,202344.34348416328,0.0008662491454742849,0.004150390625,2.0277957916259766,-0.02045731246471405,0.5333392024040222,-0.020277956500649452,-0.00017935223877429962,0.0,-0.03841719031333923,1.029844045639038,0.738241771775693,6.394668102264404,1.7452932596206665,6.356250762939453,2.0128958225250244,6.9899983406066895,4.184563636779785,,,,,,
8789940000.0,109.55,8.600000381469727,6391222784.0,2435.0693741735467,5897.0,0.0775146484375,96632832.0,202351.0718345642,0.0012807986931875348,0.00732421875,2.0262956619262695,-0.02015034668147564,0.5065644383430481,-0.020262954756617546,0.00011260807514190674,0.0,-0.0007334196707233787,1.0015156269073486,0.7760523469435354,6.614482402801514,1.843106985092163,6.6137495040893555,2.11633563041687,6.728350400924683,4.1731743812561035,,,,,,
8789940000.0,105.1,8.399999618530273,6391222784.0,2436.1910973908484,5898.0,0.0579833984375,96649216.0,202357.79708695412,0.0008461747784167528,0.00445556640625,2.0641026496887207,-0.019992491230368614,0.40350571274757385,-0.02064102701842785,0.0006485376507043839,0.0,-0.018230963498353958,0.8973059058189392,0.7951904933732408,6.509016990661621,1.7624971866607666,6.490785598754883,1.9827378988265991,6.725252389907837,4.163144826889038,,,,,,
8789940000.0,163.28,7.699999809265137,6391222784.0,2441.9837607554086,5899.0,0.0482177734375,96665600.0,202364.50638628006,0.001044549630023539,0.00543212890625,2.0932624340057373,-0.020769715309143066,0.4788222014904022,-0.020932624116539955,0.0001629104372113943,0.0,-0.08710871636867523,0.9794281721115112,0.7539670620613681,6.341943740844727,1.7477807998657227,6.25483512878418,1.9745841026306152,6.709299325942993,4.17629075050354,,,,,,
8789940000.0,163.62,8.5,6391222784.0,2428.9127339653337,5900.0,0.057373046875,96681984.0,202371.25179123878,0.0010423245839774609,0.006591796875,2.1080942153930664,-0.021087586879730225,0.38958740234375,-0.02108094096183777,-6.649643182754517e-06,0.0,0.002611083211377263,0.881252110004425,0.8056237670519986,6.439098358154297,1.7948195934295654,6.441709518432617,1.9988425970077515,6.745404958724976,4.18806266784668,,,,,,
8789940000.0,152.89,8.199999809265137,6391222784.0,2422.248534038526,5901.0,0.0592041015625,96698368.0,202378.0157544613,0.0008463349658995867,0.00225830078125,2.0986998081207275,-0.020633988082408905,0.4228910207748413,-0.020986996591091156,0.00035301223397254944,0.0,-0.01691790670156479,0.9216139912605286,0.7996129988257856,6.28387975692749,1.7900543212890625,6.266962051391602,2.0588014125823975,6.763963222503662,4.175922870635986,,,,,,
8789940000.0,115.95,8.699999809265137,6391222784.0,2398.1868820900736,5902.0,0.0555419921875,96714752.0,202384.84758234024,0.0007724052993580699,0.0028076171875,2.093531608581543,-0.021058818325400352,0.3897307515144348,-0.020935317501425743,-0.000123501755297184,0.0,0.00990927405655384,0.88303142786026,0.8085762357849091,6.333242893218994,1.8395987749099731,6.343152046203613,2.01826548576355,6.831827878952026,4.19240140914917,,,,,,
8789940000.0,177.8,8.100000381469727,6391222784.0,2044.3786681027407,5903.0,0.054931640625,96731136.0,202392.86175322533,0.0013305668253451586,0.00653076171875,2.083482265472412,-0.020952902734279633,0.45808228850364685,-0.020834822207689285,-0.00011808238923549652,0.0,-0.004473402630537748,0.9573317766189575,0.7922946037726663,6.451479911804199,1.8748838901519775,6.4470062255859375,2.1005759239196777,8.01417088508606,4.171754598617554,,,,,,
8789940000.0,164.94,8.199999809265137,6391222784.0,2429.0857355025037,5904.0,0.0543212890625,96747520.0,202399.60667777061,0.0009613616857677698,0.00531005859375,2.076779842376709,-0.020963381975889206,0.4329128563404083,-0.02076779678463936,-0.00019558705389499664,0.0,-0.020507844164967537,0.9312174320220947,0.7741345995814485,6.379829406738281,1.750410795211792,6.359321594238281,1.9594135284423828,6.744924545288086,4.182604074478149,,,,,,
8789940000.0,133.04,7.900000095367432,6391222784.0,2346.7970479445203,5905.0,0.0543212890625,96763904.0,202406.58810806274,0.0010453311260789633,0.005126953125,2.0734596252441406,-0.020951714366674423,0.4804438054561615,-0.020734595134854317,-0.00021711736917495728,0.0,-0.020724909380078316,0.9821714162826538,0.7754078836918405,6.216534614562988,1.8132355213165283,6.195809841156006,2.072477340698242,6.981430292129517,4.44781494140625,,,,,,
8789940000.0,161.77,8.199999809265137,6391222784.0,2435.9856499785255,5906.0,0.052490234375,96780288.0,202413.31392765045,0.000703210651408881,0.002685546875,2.0515947341918945,-0.020675431936979294,0.47236642241477966,-0.02051594667136669,-0.0001594889909029007,0.0,-0.012248124927282333,0.9721362590789795,0.7554338334084931,6.310864448547363,1.749139428138733,6.298616409301758,1.9657537937164307,6.7258195877075195,4.169837236404419,,,,,,
8789940000.0,130.38,9.100000381469727,6391222784.0,2459.4422197393787,5907.0,0.0634765625,96796672.0,202419.97560071945,0.00302418926730752,0.0264892578125,2.0477585792541504,-0.0201597698032856,0.36934876441955566,-0.02047758549451828,0.0003178167389705777,0.0,0.08745133876800537,0.8606548309326172,0.8237947607608692,6.364192008972168,1.8350805044174194,6.451642990112305,2.050309896469116,6.661673069000244,4.167540788650513,,,,,,
8789940000.0,115.51,8.699999809265137,6391222784.0,2397.048536032968,5908.0,0.078125,96813056.0,202426.81067299843,0.0017610264476388693,0.01483154296875,2.011392831802368,-0.01920926943421364,0.5019694566726685,-0.020113928243517876,0.0009046550840139389,0.0,0.09210091829299927,0.9982141852378845,0.7877806364505693,6.651645660400391,1.9661972522735596,6.743746280670166,2.1668612957000732,6.83507227897644,4.193243980407715,,,,,,
8789940000.0,153.92,7.5,6391222784.0,2415.232215731646,5909.0,0.0689697265625,96829440.0,202433.59428572655,0.0010594589402899146,0.00469970703125,2.028176784515381,-0.019690759479999542,0.5965425372123718,-0.020281769335269928,0.0005910061299800873,0.0,-0.06923907995223999,1.0899758338928223,0.7573890336126926,6.692549705505371,1.9524343013763428,6.6233110427856445,2.212899684906006,6.7836127281188965,4.185324430465698,,,,,,
8789940000.0,108.93,8.600000381469727,6391222784.0,2421.231655110823,5910.0,0.074462890625,96845824.0,202440.36108970642,0.0012088799849152565,0.0078125,2.0278162956237793,-0.02004239335656166,0.44851815700531006,-0.020278163254261017,0.0002357708290219307,0.0,0.0656992644071579,0.94292813539505,0.8179225541658308,6.742588996887207,1.981481671333313,6.80828857421875,2.2097883224487305,6.766803979873657,4.172948837280273,,,,,,
8789940000.0,111.7,8.0,6391222784.0,2391.138659922899,5911.0,0.0640869140625,96862208.0,202447.21305537224,0.0012004985474050045,0.007080078125,2.0562326908111572,-0.02003438211977482,0.5045425295829773,-0.020562324672937393,0.0005279462784528732,0.0,-0.066426120698452,1.0024844408035278,0.7724591663081896,6.556102275848389,1.9080541133880615,6.489676475524902,2.1015889644622803,6.851965665817261,4.188412189483643,,,,,,
8789940000.0,138.71,8.199999809265137,6391222784.0,2432.028643230183,5912.0,0.05859375,96878592.0,202453.9498181343,0.001651805592700839,0.013916015625,2.0631103515625,-0.020763592794537544,0.5368093252182007,-0.020631104707717896,-0.0001324918121099472,0.0,-0.005936510860919952,1.0357943773269653,0.748463643705414,6.548119068145752,1.8231229782104492,6.542182445526123,2.0652520656585693,6.736762762069702,4.172845840454102,,,,,,
8789940000.0,122.04,8.300000190734863,6391222784.0,2397.222463694379,5913.0,0.0653076171875,96894976.0,202460.78439450264,0.0018462067237123847,0.01251220703125,2.060504198074341,-0.021074194461107254,0.46612900495529175,-0.020605038851499557,-0.00046915560960769653,0.0,-0.013586900196969509,0.9678604602813721,0.7755861875936955,6.468692779541016,1.783880352973938,6.455105781555176,2.0430908203125,6.834576368331909,4.159223794937134,,,,,,
8789940000.0,119.63,8.600000381469727,6391222784.0,2424.713064708929,5914.0,0.0701904296875,96911360.0,202467.541482687,0.0011500748805701733,0.00714111328125,2.029766082763672,-0.02037067338824272,0.4465189576148987,-0.020297657698392868,-7.301662117242813e-05,0.0,0.054773323237895966,0.9403744339942932,0.7949420345893026,6.496962070465088,1.8357036113739014,6.551734924316406,2.0766441822052,6.7570881843566895,4.17122220993042,,,,,,
8789940000.0,116.99,8.300000190734863,6391222784.0,1488.8051966976439,5915.0,0.0732421875,96927744.0,202478.54628038406,0.0016912661958485842,0.01318359375,1.9757574796676636,-0.02001749724149704,0.5419418811798096,-0.019757576286792755,-0.0002599172294139862,0.0,0.04557096213102341,1.0399185419082642,0.7546108348100452,6.730450630187988,1.8751047849655151,6.7760210037231445,2.099285364151001,11.00479769706726,4.16880202293396,,,,,,
8789940000.0,119.74,8.300000190734863,6391222784.0,2358.1458030141257,5916.0,0.0726318359375,96944128.0,202485.49411201477,0.0007973777828738093,0.00439453125,1.9631744623184204,-0.018788084387779236,0.5354757308959961,-0.01963174343109131,0.0008436571806669235,0.0,-0.02421780861914158,1.0363397598266602,0.7618775429119439,6.701728820800781,1.8752613067626953,6.677510738372803,2.1237425804138184,6.947831630706787,4.255502700805664,,,,,,
8789940000.0,105.18,8.399999618530273,6391222784.0,2340.589285850526,5917.0,0.072021484375,96960512.0,202492.494058609,0.0008346870890818536,0.0042724609375,1.9786635637283325,-0.01871287263929844,0.4778398275375366,-0.019786633551120758,0.0010737627744674683,0.0,0.011065623722970486,0.9742045998573303,0.7720815280447553,6.681220054626465,1.7803258895874023,6.692286014556885,2.0406129360198975,6.999946594238281,4.1716508865356445,,,,,,
8789940000.0,99.55,8.199999809265137,6391222784.0,2358.251733415731,5918.0,0.068359375,96976896.0,202499.4415781498,0.001025692094117403,0.00555419921875,2.019624710083008,-0.020206738263368607,0.48666301369667053,-0.020196247845888138,-1.0491348803043365e-05,0.0,-0.04318617284297943,0.9859765768051147,0.7768275370814467,6.579997539520264,1.8334852457046509,6.536810874938965,2.0871124267578125,6.947519540786743,4.1860435009002686,,,,,,
8789940000.0,118.36,8.699999809265137,6391222784.0,2366.9395523054054,5919.0,0.06103515625,96993280.0,202506.3635969162,0.001258033444173634,0.00701904296875,2.0754244327545166,-0.020493034273386,0.4537065029144287,-0.020754242315888405,0.0002612099051475525,0.0,-0.019159605726599693,0.9515306949615479,0.7640967765598754,6.432939052581787,1.7631356716156006,6.4137797355651855,1.9590975046157837,6.922018766403198,4.177497148513794,,,,,,
,,,,,,,,,,,,,,,,,,,,,,,,,,0.020505564287304878,0.5158093571662903,0.4734339416027069,0.020505564287304878,0.5158093571662903,0.4734339416027069
,,,,,,,,,,,,,,,,,,,,,,,,,,0.019097208976745605,0.4699380695819855,0.44713425636291504,0.019097208976745605,0.4699380695819855,0.44713425636291504
,,,,,,,,,,,,,,,,,,,,,,,,,,0.018666619434952736,0.4454982876777649,0.42467498779296875,0.018666619434952736,0.4454982876777649,0.42467498779296875
,,,,,,,,,,,,,,,,,,,,,,,,,,0.01876409538090229,0.42647936940193176,0.4089308977127075,0.01876409538090229,0.42647936940193176,0.4089308977127075
,,,,,,,,,,,,,,,,,,,,,,,,,,0.018823878839612007,0.41054344177246094,0.3947807848453522,0.018823878839612007,0.41054344177246094,0.3947807848453522
,,,,,,,,,,,,,,,,,,,,,,,,,,0.019010959193110466,0.3973243236541748,0.3824078142642975,0.019010959193110466,0.3973243236541748,0.3824078142642975
8789940000.0,121.09,8.5,6188634112.0,18.602985133901644,5920.0,0.067138671875,97009664.0,203387.08246445656,0.0008102435385808349,0.00323486328125,2.068451404571533,-0.020918123424053192,0.5995656251907349,-0.020684514194726944,-0.00023361318744719028,0.0,-0.023370709270238876,1.0909582376480103,0.7488626360729238,6.531489372253418,1.8857320547103882,6.508118629455566,2.176969528198242,880.7188675403595,4.1981799602508545,,,,,,
8789940000.0,106.96,8.5,6391222784.0,2255.7894573472004,5921.0,0.06591796875,97026048.0,203394.34555363655,0.0007711114012636244,0.00390625,2.047818183898926,-0.020082782953977585,0.47037118673324585,-0.020478185266256332,0.00039540231227874756,0.0,0.023830030113458633,0.9687274694442749,0.7847300614540487,6.544271469116211,1.8531559705734253,6.56810188293457,2.0879015922546387,7.263089179992676,4.203481435775757,,,,,,
8789940000.0,144.87,8.5,6391222784.0,2409.0958763305475,5922.0,0.0762939453125,97042432.0,203401.14644527435,0.0007250439375638962,0.00347900390625,2.0416765213012695,-0.020693913102149963,0.506069004535675,-0.02041676454246044,-0.0002771485596895218,0.0,0.022861551493406296,1.0093406438827515,0.7797097234118233,6.693443298339844,1.8997652530670166,6.716304779052734,2.150503396987915,6.800891637802124,4.193912029266357,,,,,,
8789940000.0,85.52,8.699999809265137,6391222784.0,2398.597882369588,5923.0,0.069580078125,97058816.0,203407.97710251808,0.0005463259294629097,0.00201416015625,2.0427818298339844,-0.020065169781446457,0.47423624992370605,-0.02042781561613083,0.0003626421093940735,0.0,0.0018647920805960894,0.9718462228775024,0.7905971749853736,6.571230888366699,1.8890552520751953,6.573095798492432,2.123762607574463,6.830657243728638,4.194463491439819,,,,,,
8789940000.0,137.43,8.300000190734863,6391222784.0,2443.15928983019,5924.0,0.0738525390625,97075200.0,203414.68317365646,0.0009369655745103955,0.00531005859375,2.030435562133789,-0.020323950797319412,0.5490584373474121,-0.020304355770349503,-1.9594095647335052e-05,0.0,-0.024446234107017517,1.0466281175613403,0.7581450380319091,6.725471496582031,1.8630870580673218,6.701025009155273,2.128211736679077,6.706071138381958,4.187323570251465,,,,,,
8789940000.0,98.05,8.399999618530273,6391222784.0,2467.5951244516586,5925.0,0.079345703125,97091584.0,203421.3228366375,0.000909180089365691,0.00347900390625,2.029984474182129,-0.020323792472481728,0.5827186107635498,-0.020299844443798065,-2.3945234715938568e-05,0.0,-0.025678865611553192,1.081950068473816,0.7489456635566136,6.793561935424805,1.9041621685028076,6.76788330078125,2.1593520641326904,6.639662981033325,4.1725733280181885,,,,,,
8789940000.0,136.57,8.300000190734863,6391222784.0,2488.2137261516004,5926.0,0.067138671875,97107968.0,203427.90748000145,0.0017812108853831887,0.01513671875,2.0677483081817627,-0.020730188116431236,0.5436668395996094,-0.020677482709288597,-5.2704475820064545e-05,0.0,0.014800535514950752,1.042776107788086,0.7665150352231342,6.47119140625,1.9085092544555664,6.485991477966309,2.1580493450164795,6.584643363952637,4.18217396736145,,,,,,
8789940000.0,108.67,7.900000095367432,6391222784.0,2414.7200351500455,5927.0,0.074462890625,97124352.0,203434.6925315857,0.0007394015556201339,0.0032958984375,2.066347599029541,-0.020129289478063583,0.5622397661209106,-0.02066347561776638,0.0005341880023479462,0.0,-0.02255561575293541,1.0573756694793701,0.7689405470053163,6.620471954345703,1.9296295642852783,6.597916126251221,2.1997196674346924,6.785051584243774,4.1963770389556885,,,,,,
8789940000.0,99.65,7.900000095367432,6391222784.0,2410.1411295679573,5928.0,0.086669921875,97140736.0,203441.49047374725,0.0016898992471396923,0.01336669921875,2.0345559120178223,-0.019968852400779724,0.670775294303894,-0.02034555934369564,0.00037671253085136414,0.0,-0.02620917744934559,1.1570161581039429,0.7493647938309536,6.76747465133667,2.0074079036712646,6.741265296936035,2.311098337173462,6.797942161560059,4.197931289672852,,,,,,
8789940000.0,112.41,8.5,6391222784.0,2394.6433155106674,5929.0,0.064697265625,97157120.0,203448.33241128922,0.000802734459284693,0.0047607421875,2.078495979309082,-0.0210152305662632,0.4566114544868469,-0.020784961059689522,-0.000230276957154274,0.0,0.03285984694957733,0.9507014751434326,0.7953989581996618,6.261213779449463,1.8777098655700684,6.294074058532715,2.1017956733703613,6.84193754196167,4.176165819168091,,,,,,
8789940000.0,128.76,7.900000095367432,6391222784.0,2436.812918610999,5930.0,0.0592041015625,97173504.0,203455.0559475422,0.0008207111386582255,0.004150390625,2.098804473876953,-0.020768284797668457,0.5315178036689758,-0.020988045260310173,0.00021975813433527946,0.0,-0.06860235333442688,1.0363202095031738,0.7558722808680347,6.379204750061035,1.8353327512741089,6.310602188110352,2.0974204540252686,6.723536252975464,4.1944849491119385,,,,,,
8789940000.0,124.82,7.5,6391222784.0,2413.391331118021,5931.0,0.0531005859375,97189888.0,203461.84473466873,0.0008636107668280602,0.00543212890625,2.108231544494629,-0.0211136806756258,0.5546970963478088,-0.021082313731312752,-3.136880695819855e-05,0.0,-0.08455952256917953,1.0492146015167236,0.7479604560008751,6.126321315765381,1.7911502122879028,6.041761875152588,2.089921474456787,6.788787126541138,4.1714091300964355,,,,,,
8789940000.0,148.86,8.199999809265137,6391222784.0,2422.6638949187623,5932.0,0.05859375,97206272.0,203468.60753822327,0.0007268165936693549,0.00360107421875,2.1166749000549316,-0.020839976146817207,0.4534849524497986,-0.02116674929857254,0.00032677222043275833,0.0,0.023026660084724426,0.9533618092536926,0.7919290515889602,6.3548688888549805,1.858721375465393,6.377895355224609,2.090027332305908,6.762803554534912,4.175806760787964,,,,,,
8789940000.0,138.68,8.300000190734863,6391222784.0,1493.765118558184,5933.0,0.059814453125,97222656.0,203479.57579541206,0.001198875019326806,0.0074462890625,2.1309080123901367,-0.021173352375626564,0.48678991198539734,-0.021309079602360725,0.0001357169821858406,0.0,0.018099194392561913,0.9831749796867371,0.7720555530929956,6.271700859069824,1.8470615148544312,6.28980016708374,2.0592849254608154,10.968257188796997,4.189855575561523,,,,,,
8789940000.0,165.73,8.199999809265137,6391222784.0,2437.932357079207,5934.0,0.0433349609375,97239040.0,203486.29624438286,0.0008301649941131473,0.0040283203125,2.152451992034912,-0.021388085559010506,0.3777026832103729,-0.021524518728256226,0.0001364331692457199,0.0,-0.01455717720091343,0.8670669198036194,0.8013115379396091,6.095909118652344,1.7512736320495605,6.081352233886719,1.945209264755249,6.720448970794678,4.1716530323028564,,,,,,
8789940000.0,170.77,8.199999809265137,6391222784.0,2426.6058857999924,5935.0,0.0506591796875,97255424.0,203493.0480618477,0.0008257259614765644,0.00396728515625,2.1501080989837646,-0.02100367844104767,0.43589386343955994,-0.021501081064343452,0.0004974007606506348,0.0,0.007773995399475098,0.9347794055938721,0.7783216781657315,6.160968780517578,1.7724181413650513,6.168742656707764,1.9853969812393188,6.751817464828491,4.197136402130127,,,,,,
8789940000.0,154.08,8.399999618530273,6391222784.0,2409.37756860818,5936.0,0.0469970703125,97271808.0,203499.84815835953,0.0017318131867796183,0.0118408203125,2.1032230854034424,-0.020535673946142197,0.4026552438735962,-0.02103223279118538,0.0004965569823980331,0.0,0.010599796660244465,0.8969711661338806,0.7858946250374368,6.176187515258789,1.7296044826507568,6.1867876052856445,1.938496708869934,6.80009651184082,4.173129081726074,,,,,,
8789940000.0,141.89,7.5,6391222784.0,2426.532796365879,5937.0,0.0592041015625,97288192.0,203506.6001791954,0.0011042555561289191,0.0079345703125,2.062835216522217,-0.020490437746047974,0.521701455116272,-0.02062835358083248,0.00013791583478450775,0.0,-0.053605854511260986,1.0207525491714478,0.7612063101510395,6.29794979095459,1.7779031991958618,6.2443437576293945,2.0888588428497314,6.752020835876465,4.174905300140381,,,,,,
8789940000.0,166.0,7.599999904632568,6391222784.0,2402.715394516145,5938.0,0.048828125,97304576.0,203513.41913080215,0.0019305243622511625,0.01666259765625,2.0948405265808105,-0.021105507388710976,0.5071714520454407,-0.02094840258359909,-0.0001571066677570343,0.0,-0.019081629812717438,1.0093629360198975,0.7498889210425883,6.016817092895508,1.765639305114746,5.997735023498535,2.018277168273926,6.818951606750488,4.181305885314941,,,,,,
8789940000.0,147.71,8.0,6391222784.0,2367.295710108516,5939.0,0.062255859375,97320960.0,203520.3401081562,0.0014955848455429077,0.010986328125,2.050323963165283,-0.019633442163467407,0.5185089111328125,-0.020503239706158638,0.0008697954472154379,0.0,0.033749181777238846,1.01718008518219,0.7826914622845169,6.120603561401367,1.9334421157836914,6.15435266494751,2.1820225715637207,6.920977354049683,4.1724748611450195,,,,,,
8789940000.0,101.84,8.699999809265137,6391222784.0,2417.0815219358324,5940.0,0.08544921875,97337344.0,203527.11853075027,0.0009186009410768747,0.00543212890625,1.9979275465011597,-0.02030281350016594,0.5425081253051758,-0.01997927390038967,-0.0003235386684536934,0.0,0.13599435985088348,1.0365979671478271,0.7957251619860127,6.469545841217041,2.0796573162078857,6.6055402755737305,2.293522357940674,6.778422594070435,4.16628885269165,,,,,,
8789940000.0,95.35,8.600000381469727,6391222784.0,2372.75091439825,5941.0,0.091552734375,97353728.0,203534.02359604836,0.0012812382774427533,0.00860595703125,1.976141095161438,-0.019937623292207718,0.6047357320785522,-0.01976141147315502,-0.00017621368169784546,0.0,0.07147762179374695,1.1021567583084106,0.7782123996100958,6.616925239562988,2.0808000564575195,6.688403129577637,2.340317964553833,6.905065298080444,4.4212610721588135,,,,,,
8789940000.0,114.86,8.5,6391222784.0,2415.811109693987,5942.0,0.0830078125,97370112.0,203540.8055832386,0.0008894488564692438,0.00518798828125,1.9762694835662842,-0.019301898777484894,0.5420520901679993,-0.019762692973017693,0.000460796058177948,0.0,-0.022235186770558357,1.041419267654419,0.7885436692764143,6.682276725769043,2.016510009765625,6.660041809082031,2.2647244930267334,6.781987190246582,4.174666166305542,,,,,,
8789940000.0,93.21,7.900000095367432,6391222784.0,2480.4452915433353,5943.0,0.0848388671875,97386496.0,203547.41084885597,0.0012739218072965741,0.01007080078125,1.9301742315292358,-0.019017014652490616,0.7024500370025635,-0.01930174231529236,0.00028472673147916794,0.0,-0.013019440695643425,1.1842221021652222,0.7385149433011948,6.8055419921875,2.0116803646087646,6.792523384094238,2.3158466815948486,6.6052656173706055,4.171489477157593,,,,,,
8789940000.0,106.57,8.0,6391222784.0,2435.6965796491604,5944.0,0.0860595703125,97402880.0,203554.13746666908,0.0005903581622987986,0.001953125,1.940181016921997,-0.019261527806520462,0.6168983578681946,-0.019401809200644493,0.00014029163867235184,0.0,0.03024064004421234,1.1074851751327515,0.7528915882270703,6.678738117218018,1.9689894914627075,6.708978652954102,2.227891683578491,6.726617813110352,4.176522970199585,,,,,,
8789940000.0,102.43,8.399999618530273,6391222784.0,2434.343231051999,5945.0,0.0830078125,97419264.0,203560.8678240776,0.0007664946606382728,0.00341796875,1.9506675004959106,-0.019546985626220703,0.4893079698085785,-0.019506674259901047,-4.0310434997081757e-05,0.0,0.0455496683716774,0.9868021011352539,0.8116877061340445,6.708408355712891,2.0128495693206787,6.753957748413086,2.274001359939575,6.73035740852356,4.167543888092041,,,,,,
8789940000.0,103.64,7.699999809265137,6391222784.0,2427.4249084233556,5946.0,0.076904296875,97435648.0,203567.6173634529,0.000991221284493804,0.00469970703125,1.944562554359436,-0.019517458975315094,0.5896438360214233,-0.019445624202489853,-7.183477282524109e-05,0.0,-0.02615801990032196,1.0859614610671997,0.7590646029218037,6.749861240386963,1.9629813432693481,6.723703861236572,2.2124032974243164,6.749539375305176,4.180531978607178,,,,,,
8789940000.0,94.5,8.5,6391222784.0,2446.89270340084,5947.0,0.0885009765625,97452032.0,203574.31320261955,0.0009483351605013013,0.0048828125,1.93871009349823,-0.019188351929187775,0.5997576117515564,-0.019387099891901016,0.00019874656572937965,0.0,0.0006324173882603645,1.0987305641174316,0.7464886640766517,6.872802734375,1.9418812990188599,6.873435974121094,2.182190418243408,6.695839166641235,4.178472280502319,,,,,,
8789940000.0,97.8,8.600000381469727,6391222784.0,2431.287710490018,5948.0,0.089111328125,97468416.0,203581.052018404,0.0011443685507401824,0.00714111328125,1.9484779834747314,-0.018936259672045708,0.5699900388717651,-0.019484780728816986,0.0005485173314809799,0.0,0.03958743065595627,1.0625940561294556,0.7616325952150227,6.793728828430176,1.9322322607040405,6.833315849304199,2.176426887512207,6.738815784454346,4.181942939758301,,,,,,
8789940000.0,86.12,8.399999618530273,6391222784.0,2422.2873826876266,5949.0,0.08056640625,97484800.0,203587.81587314606,0.0008261878974735737,0.00482177734375,1.9248957633972168,-0.018604369834065437,0.6274077892303467,-0.019248954951763153,0.0006445865146815777,0.0,0.01275718305259943,1.113722562789917,0.74612539007003,6.736455917358398,1.9275857210159302,6.749213218688965,2.210381269454956,6.763854742050171,4.169826984405518,,,,,,
8789940000.0,95.63,8.100000381469727,6391222784.0,2426.007675873304,5950.0,0.0836181640625,97501184.0,203594.56935548782,0.0005536081152968109,0.0030517578125,1.8946243524551392,-0.018862301483750343,0.6469597816467285,-0.018946243450045586,8.394289761781693e-05,0.0,0.026433037593960762,1.1360419988632202,0.7274408236402132,6.812768936157227,1.8659863471984863,6.839202404022217,2.1760265827178955,6.753482341766357,4.171061754226685,,,,,,
8789940000.0,100.23,8.100000381469727,6391222784.0,2376.311285870142,5951.0,0.0726318359375,97517568.0,203601.4640750885,0.0010264781303703785,0.0062255859375,1.959077000617981,-0.019363975152373314,0.5237189531326294,-0.019590768963098526,0.00022679753601551056,0.0,-0.007852694019675255,1.021091341972351,0.7598616508651812,6.609100818634033,1.8222371339797974,6.601248264312744,2.0836939811706543,6.89471960067749,4.18126106262207,,,,,,
,,,,,,,,,,,,,,,,,,,,,,,,,,0.01826615445315838,0.567453145980835,0.5313695073127747,0.01826615445315838,0.567453145980835,0.5313695073127747
,,,,,,,,,,,,,,,,,,,,,,,,,,0.01730390451848507,0.5185773968696594,0.49519410729408264,0.01730390451848507,0.5185773968696594,0.49519410729408264
,,,,,,,,,,,,,,,,,,,,,,,,,,0.017028089612722397,0.49312904477119446,0.4715263843536377,0.017028089612722397,0.49312904477119446,0.4715263843536377
,,,,,,,,,,,,,,,,,,,,,,,,,,0.01715867780148983,0.47284919023513794,0.4527057111263275,0.01715867780148983,0.47284919023513794,0.4527057111263275
,,,,,,,,,,,,,,,,,,,,,,,,,,0.017301810905337334,0.4551731050014496,0.43793657422065735,0.017301810905337334,0.4551731050014496,0.43793657422065735
,,,,,,,,,,,,,,,,,,,,,,,,,,0.017349377274513245,0.44159650802612305,0.4265625476837158,0.017349377274513245,0.44159650802612305,0.4265625476837158
8789940000.0,85.85,8.800000190734863,6188634112.0,18.629015366654762,5952.0,0.0848388671875,97533952.0,204480.95231842995,0.0009138353052549064,0.0050048828125,1.955766201019287,-0.019278883934020996,0.5212070941925049,-0.019557662308216095,0.00027877558022737503,0.0,0.07628541439771652,1.0161142349243164,0.7842273739434191,6.6722612380981445,1.9885993003845215,6.748546600341797,2.187481641769409,879.4882433414459,4.180575370788574,,,,,,
8789940000.0,93.3,8.199999809265137,6391222784.0,2415.737565096573,5953.0,0.076904296875,97550336.0,204487.73451209068,0.0008661249303258955,0.0020751953125,1.9536843299865723,-0.019171779975295067,0.6527701020240784,-0.01953684166073799,0.0003650616854429245,0.0,0.014214490540325642,1.1437901258468628,0.7357575314589941,6.63189697265625,1.934756875038147,6.646111488342285,2.225076913833618,6.782193660736084,4.19952130317688,,,,,,
8789940000.0,90.81,7.800000190734863,6391222784.0,2433.8379985850906,5954.0,0.087890625,97566720.0,204494.46626663208,0.0003249072760809213,0.00054931640625,1.934372901916504,-0.019094247370958328,0.7626007795333862,-0.019343728199601173,0.0002494845539331436,0.0,-0.06424714624881744,1.2306286096572876,0.7310206106791175,6.804221153259277,2.030160903930664,6.739974021911621,2.372835397720337,6.731754541397095,4.17678165435791,,,,,,
8789940000.0,82.52,8.199999809265137,6391222784.0,2404.117563223578,5955.0,0.0811767578125,97583104.0,204501.2812411785,0.0009014742681756616,0.00262451171875,1.9569636583328247,-0.020108576864004135,0.6321518421173096,-0.0195696372538805,-0.0005389407742768526,0.0,-0.021678797900676727,1.123961329460144,0.7587637522823474,6.655998229980469,1.9779140949249268,6.634319305419922,2.2883899211883545,6.814974546432495,4.172343015670776,,,,,,
8789940000.0,83.85,8.699999809265137,6391222784.0,2403.3428520937205,5956.0,0.0860595703125,97599488.0,204508.09841251373,0.000512296857777983,0.00164794921875,1.9554743766784668,-0.019221283495426178,0.5278638601303101,-0.01955474354326725,0.0003334656357765198,0.0,0.053936704993247986,1.0248618125915527,0.7818928401365308,6.7705769538879395,1.9383876323699951,6.8245134353637695,2.1944727897644043,6.817171335220337,4.171747922897339,,,,,,
8789940000.0,115.98,8.699999809265137,6391222784.0,2402.858638071592,5957.0,0.074462890625,97615872.0,204514.9169576168,0.0007195429061539471,0.00335693359375,1.9774200916290283,-0.01920485869050026,0.5981518030166626,-0.019774198532104492,0.0005693407729268074,0.0,0.045665837824344635,1.0930670499801636,0.7439560831016483,6.647485256195068,1.9229274988174438,6.693150997161865,2.160177230834961,6.81854510307312,4.193931579589844,,,,,,
8789940000.0,118.88,8.199999809265137,6391222784.0,2040.715516656413,5958.0,0.081787109375,97632256.0,204522.94551420212,0.0009627500548958778,0.00384521484375,1.9701082706451416,-0.01939970813691616,0.5774428248405457,-0.01970108225941658,0.0003013722598552704,0.0,0.031239934265613556,1.0763918161392212,0.7583925562742411,6.913380146026611,1.9484459161758423,6.944620132446289,2.1898553371429443,8.02855658531189,4.173559904098511,,,,,,
8789940000.0,118.23,8.199999809265137,6391222784.0,2436.118379380469,5959.0,0.08056640625,97648640.0,204529.67096734047,0.0005401189555414021,0.001708984375,2.002303123474121,-0.02002326399087906,0.6056812405586243,-0.020023029297590256,-2.3096799850463867e-07,0.0,0.016046827659010887,1.0988773107528687,0.740484494644139,6.821678638458252,1.9196016788482666,6.837725639343262,2.157088041305542,6.72545313835144,4.181238651275635,,,,,,
8789940000.0,100.88,8.100000381469727,6391222784.0,2430.687706140918,5960.0,0.087890625,97665024.0,204536.41144657135,0.0006349759642034769,0.0025634765625,1.9669487476348877,-0.019816143438220024,0.6568484902381897,-0.019669488072395325,-0.00014665257185697556,0.0,-0.02922108769416809,1.1450437307357788,0.7190365522231885,7.11962890625,1.8679808378219604,7.090407371520996,2.1602156162261963,6.740479230880737,4.176977157592773,,,,,,
8789940000.0,83.78,8.5,6391222784.0,2430.38381810405,5961.0,0.0775146484375,97681408.0,204543.1527686119,0.0005081985727883875,0.00177001953125,1.9805415868759155,-0.019664889201521873,0.5571702122688293,-0.019805414602160454,0.0001405244693160057,0.0,0.013950774446129799,1.0541218519210815,0.7412964679652729,6.853445053100586,1.8202450275421143,6.867395401000977,2.0724759101867676,6.741322040557861,4.194650411605835,,,,,,
8789940000.0,92.42,8.699999809265137,6391222784.0,2426.9580277863383,5962.0,0.0860595703125,97697792.0,204549.9036064148,0.0006771016633138061,0.00311279296875,1.9982101917266846,-0.01980896294116974,0.599494457244873,-0.019982101395726204,0.00017313798889517784,0.0,-0.05203236639499664,1.0959769487380981,0.7471968301651732,6.849161624908447,1.8814806938171387,6.797129154205322,2.1797683238983154,6.750837802886963,4.178251266479492,,,,,,
8789940000.0,87.35,8.600000381469727,6391222784.0,2427.328619951797,5963.0,0.0799560546875,97714176.0,204556.65341353416,0.0006291459430940449,0.00146484375,2.0181636810302734,-0.020156987011432648,0.5268255472183228,-0.02018163539469242,2.4646520614624023e-05,0.0,0.06350311636924744,1.0243016481399536,0.7661479693630138,6.744443416595459,1.868866205215454,6.807947158813477,2.1181540489196777,6.749807119369507,4.203937768936157,,,,,,
8789940000.0,120.87,7.599999904632568,6391222784.0,2405.3705674838116,5964.0,0.0653076171875,97730560.0,204563.46483802795,0.0005462710978463292,0.00146484375,2.0397019386291504,-0.019887782633304596,0.6124929785728455,-0.020397018641233444,0.000509234145283699,0.0,-0.058889493346214294,1.101497769355774,0.7420095377636216,6.669480323791504,1.8429125547409058,6.61059045791626,2.168611764907837,6.811424493789673,4.201355695724487,,,,,,
8789940000.0,89.87,8.399999618530273,6391222784.0,2401.1473859737193,5965.0,0.08544921875,97746944.0,204570.2882425785,0.0007498848717659712,0.0018310546875,2.045358896255493,-0.020157890394330025,0.5764610767364502,-0.020453589037060738,0.0002956986427307129,0.0,0.005421013571321964,1.072609782218933,0.763805098883656,6.893794536590576,1.9329584836959839,6.8992156982421875,2.207021713256836,6.823404550552368,4.1943464279174805,,,,,,
8789940000.0,75.61,9.100000381469727,6391222784.0,2424.7360789820746,5966.0,0.0958251953125,97763328.0,204577.04526662827,0.0006899925647303462,0.001220703125,2.0289220809936523,-0.020380862057209015,0.48543471097946167,-0.020289221778512,-9.164214134216309e-05,0.0,0.07926416397094727,0.9830978512763977,0.795883596509336,7.0178375244140625,1.9568681716918945,7.097101211547852,2.175992965698242,6.757024049758911,4.193180799484253,,,,,,
8789940000.0,110.73,8.699999809265137,6391222784.0,2411.236106725098,5967.0,0.0762939453125,97779712.0,204583.84012174606,0.0006204026867635548,0.0013427734375,2.0499796867370605,-0.020726408809423447,0.5182426571846008,-0.02049979753792286,-0.00022661127150058746,0.0,0.04312117025256157,1.0180870294570923,0.7659517733488748,6.816766738891602,1.924720048904419,6.859888076782227,2.1044204235076904,6.794855117797852,4.183675765991211,,,,,,
8789940000.0,100.54,8.699999809265137,6391222784.0,2397.8678052950013,5968.0,0.068359375,97796096.0,204590.67285871506,0.0009697404457256198,0.00286865234375,2.066490411758423,-0.020940471440553665,0.4550171196460724,-0.02066490240395069,-0.00027556903660297394,0.0,-0.02042272314429283,0.9549973607063293,0.8004802971718226,6.9007954597473145,1.9255865812301636,6.880372524261475,2.1380064487457275,6.832736968994141,4.189200162887573,,,,,,
8789940000.0,120.42,7.699999809265137,6391222784.0,2396.6509385599975,5969.0,0.0726318359375,97812480.0,204597.5090649128,0.0006896568229421973,0.0025634765625,2.0247304439544678,-0.020177673548460007,0.6233832836151123,-0.020247304812073708,6.963498890399933e-05,0.0,-0.10781554132699966,1.114094853401184,0.7435404930976224,6.83095645904541,1.871827483177185,6.723141193389893,2.1999497413635254,6.8362061977386475,4.1792120933532715,,,,,,
8789940000.0,95.76,9.0,6391222784.0,1477.081244944795,5970.0,0.08056640625,97828864.0,204608.60121035576,0.0008661664323881269,0.0032958984375,1.9870824813842773,-0.02034122124314308,0.4280506372451782,-0.019870823249220848,-0.0004703998565673828,0.0,0.08784741163253784,0.9219768643379211,0.7911892677066706,6.805224418640137,1.805699348449707,6.893071174621582,2.017639636993408,11.092145442962646,4.175766944885254,,,,,,
8789940000.0,144.41,8.300000190734863,6391222784.0,2409.896527821857,5971.0,0.0640869140625,97845248.0,204615.3998425007,0.0011862481478601694,0.00677490234375,1.9988936185836792,-0.01905667409300804,0.5551096200942993,-0.01998893730342388,0.0009322630940005183,0.0,0.02433326095342636,1.0522748231887817,0.7124506740357543,6.633516311645508,1.7465150356292725,6.657849311828613,1.9623332023620605,6.7986321449279785,4.163482666015625,,,,,,
8789940000.0,124.18,8.199999809265137,6391222784.0,2401.2685425240747,5972.0,0.0732421875,97861632.0,204622.2229027748,0.0014030521269887686,0.01104736328125,1.9607149362564087,-0.01902686432003975,0.6033593416213989,-0.019607149064540863,0.0005802847445011139,0.0,-0.03435545414686203,1.0977197885513306,0.7404778234580193,6.725371360778809,1.8527915477752686,6.691015243530273,2.1547858715057373,6.8230602741241455,4.173303604125977,,,,,,
8789940000.0,82.93,8.899999618530273,6391222784.0,2374.9004815465337,5973.0,0.0732421875,97878016.0,204629.12171816826,0.0005888429004698992,0.0025634765625,2.021144151687622,-0.02016964554786682,0.5366504788398743,-0.020211441442370415,4.1797757148742676e-05,0.0,0.0431189090013504,1.0337918996810913,0.7453841045304865,6.713852405548096,1.7983014583587646,6.75697135925293,2.048755407333374,6.898815393447876,4.177130937576294,,,,,,
8789940000.0,113.83,8.399999618530273,6391222784.0,2445.3611084630174,5974.0,0.0689697265625,97894400.0,204635.8217511177,0.0006501100142486393,0.00274658203125,2.056321859359741,-0.019963305443525314,0.42862147092819214,-0.020563216879963875,0.000599907711148262,0.0,-0.0222996324300766,0.9241663813591003,0.8056632313950285,6.735550880432129,1.8526923656463623,6.71325159072876,2.09639310836792,6.700032949447632,4.186314821243286,,,,,,
8789940000.0,122.74,8.600000381469727,6391222784.0,2425.889405218011,5975.0,0.05859375,97910784.0,204642.57556271553,0.000600204395595938,0.00274658203125,2.066749095916748,-0.020249122753739357,0.41132473945617676,-0.02066749334335327,0.0004183696582913399,0.0,0.03103293664753437,0.9062990546226501,0.7829098959263743,6.546123027801514,1.7448410987854004,6.577156066894531,1.9451433420181274,6.753811597824097,4.192975044250488,,,,,,
8789940000.0,161.2,7.900000095367432,6391222784.0,2416.695779046209,5976.0,0.054931640625,97927168.0,204649.3550672531,0.0009060227894224226,0.005615234375,2.087521553039551,-0.0210832841694355,0.46724674105644226,-0.020875215530395508,-0.00020806677639484406,0.0,-0.05781494081020355,0.9631631374359131,0.7631317927612651,6.517486095428467,1.7412221431732178,6.459671497344971,1.9790035486221313,6.7795045375823975,4.158213376998901,,,,,,
8789940000.0,128.27,8.600000381469727,6391222784.0,2402.4785970285184,5977.0,0.069580078125,97943552.0,204656.17469096184,0.0007833734271116555,0.004150390625,2.0744385719299316,-0.02081284113228321,0.37340521812438965,-0.020744385197758675,-6.845593452453613e-05,0.0,-0.0009150640107691288,0.8655070662498474,0.8135662387397039,6.685602188110352,1.7811975479125977,6.684687614440918,2.0045132637023926,6.819623708724976,4.1896278858184814,,,,,,
8789940000.0,144.65,7.800000190734863,6391222784.0,2405.4777519617114,5978.0,0.062255859375,97959936.0,204662.98581194878,0.0010361343156546354,0.00689697265625,2.052525520324707,-0.020436756312847137,0.5003770589828491,-0.0205252543091774,8.849333971738815e-05,0.0,-0.042580440640449524,0.9997323751449585,0.7482122179163866,6.639252662658691,1.7500473260879517,6.596672058105469,1.9923526048660278,6.811120986938477,4.175209999084473,,,,,,
8789940000.0,138.05,7.699999809265137,6391222784.0,2423.9581992421336,5979.0,0.0714111328125,97976320.0,204669.7450044155,0.0009876192780211568,0.00579833984375,2.0252039432525635,-0.020457901060581207,0.5501101016998291,-0.020252039656043053,-0.0002058614045381546,0.0,-0.07260628044605255,1.0475809574127197,0.7501818663162787,6.7069172859191895,1.786602258682251,6.634311199188232,2.0959243774414062,6.75919246673584,4.184981822967529,,,,,,
8789940000.0,94.55,8.199999809265137,6391222784.0,2418.5169407456374,5980.0,0.079345703125,97992704.0,204676.51940393448,0.00047926505794748664,0.00164794921875,2.02954363822937,-0.019696280360221863,0.5610728859901428,-0.020295435562729836,0.0005991607904434204,0.0,-0.03193245828151703,1.0540086030960083,0.7670178595849386,6.636866092681885,1.855614423751831,6.604933738708496,2.1836490631103516,6.774399518966675,4.167738199234009,,,,,,
8789940000.0,149.71,7.800000190734863,6391222784.0,2335.227947644552,5981.0,0.0579833984375,98009088.0,204683.53542137146,0.00044703835737891495,0.00128173828125,2.102177381515503,-0.020520765334367752,0.48519399762153625,-0.021021775901317596,0.0005010096356272697,0.0,-0.06183672696352005,0.9801367521286011,0.770326275638894,6.321934700012207,1.7693769931793213,6.260097980499268,2.0451772212982178,7.016017436981201,4.1710827350616455,,,,,,
8789940000.0,131.91,7.900000095367432,6391222784.0,2385.2825259195793,5982.0,0.052490234375,98025472.0,204690.40420937538,0.0011496881488710642,0.00726318359375,2.101276159286499,-0.020483316853642464,0.4532144069671631,-0.02101276069879532,0.0005294419825077057,0.0,-0.019493144005537033,0.9510022401809692,0.7646004343924697,6.223509311676025,1.7305631637573242,6.20401668548584,1.9601022005081177,6.868788003921509,4.17821478843689,,,,,,
8789940000.0,123.17,7.599999904632568,6391222784.0,2424.3393364294225,5983.0,0.054931640625,98041856.0,204697.1623392105,0.0008686371729709208,0.005615234375,2.113945484161377,-0.02034708298742771,0.46018195152282715,-0.02113945223391056,0.0007923711091279984,0.0,-0.06030764803290367,0.9579799175262451,0.7735625087439281,6.170133590698242,1.744998574256897,6.10982608795166,2.0131778717041016,6.758129835128784,4.185698986053467,,,,,,
,,,,,,,,,,,,,,,,,,,,,,,,,,0.019547559320926666,0.5629594922065735,0.5272728204727173,0.019547559320926666,0.5629594922065735,0.5272728204727173
,,,,,,,,,,,,,,,,,,,,,,,,,,0.018528692424297333,0.5163719654083252,0.49711164832115173,0.018528692424297333,0.5163719654083252,0.49711164832115173
,,,,,,,,,,,,,,,,,,,,,,,,,,0.017356202006340027,0.48977595567703247,0.4743697941303253,0.017356202006340027,0.48977595567703247,0.4743697941303253
,,,,,,,,,,,,,,,,,,,,,,,,,,0.017614997923374176,0.47014039754867554,0.4553532302379608,0.017614997923374176,0.47014039754867554,0.4553532302379608
,,,,,,,,,,,,,,,,,,,,,,,,,,0.017392225563526154,0.45509499311447144,0.44222426414489746,0.017392225563526154,0.45509499311447144,0.44222426414489746
,,,,,,,,,,,,,,,,,,,,,,,,,,0.017919162288308144,0.44167575240135193,0.4299308955669403,0.017919162288308144,0.44167575240135193,0.4299308955669403
8789940000.0,177.53,7.900000095367432,6188634112.0,18.63528658001631,5984.0,0.0604248046875,98058240.0,205576.3546140194,0.0007556108757853508,0.00201416015625,2.130192995071411,-0.021331118419766426,0.5412537455558777,-0.021301930770277977,-2.9187649488449097e-05,0.0,-0.04446176812052727,1.0382235050201416,0.7422693193637369,6.612703800201416,1.8256371021270752,6.568242073059082,2.0450668334960938,879.1922748088837,4.192522048950195,,,,,,
8789940000.0,127.45,8.699999809265137,6391222784.0,2399.1623792833684,5985.0,0.0616455078125,98074624.0,205583.18366408348,0.00137443991843611,0.00555419921875,2.107264757156372,-0.02170385792851448,0.46495872735977173,-0.021072648465633392,-0.0006312057375907898,0.0,0.019133571535348892,0.9654399156570435,0.7594899139124097,6.747776508331299,1.7872816324234009,6.766910552978516,1.968605875968933,6.829050064086914,4.1855292320251465,,,,,,
8789940000.0,139.65,8.600000381469727,6391222784.0,2429.907034698078,5986.0,0.0640869140625,98091008.0,205589.92630887032,0.0006571018020622432,0.00164794921875,2.141249179840088,-0.021255144849419594,0.4740690588951111,-0.021412493661046028,0.0001573499757796526,0.0,0.0020950466860085726,0.9761382341384888,0.7643419524768993,6.765171051025391,1.8277169466018677,6.767265319824219,2.0108041763305664,6.742644786834717,4.173599004745483,,,,,,
8789940000.0,115.07,8.600000381469727,6391222784.0,2409.6926182929815,5987.0,0.0628662109375,98107392.0,205596.72551631927,0.0009031887166202068,0.00360107421875,2.1014630794525146,-0.0207672156393528,0.4438208341598511,-0.021014630794525146,0.0002474132925271988,0.0,-0.001286657527089119,0.9432776570320129,0.7803299003694438,6.704623699188232,1.804659366607666,6.7033371925354,2.012584924697876,6.799207448959351,4.197901248931885,,,,,,
8789940000.0,129.04,8.899999618530273,6391222784.0,1510.8686907257922,5988.0,0.0634765625,98123776.0,205607.56960892677,0.0007427678210660815,0.0029296875,2.1073334217071533,-0.020770348608493805,0.42418283224105835,-0.02107333391904831,0.0003029843792319298,0.0,0.043446652591228485,0.9234448075294495,0.776234140572529,6.786245822906494,1.7773069143295288,6.829692840576172,1.9521547555923462,10.844092607498169,4.179355144500732,,,,,,
8789940000.0,127.55,7.599999904632568,6391222784.0,2351.4666165162635,5989.0,0.0738525390625,98140160.0,205614.53717541695,0.0007514262106269598,0.0023193359375,2.0751914978027344,-0.020346634089946747,0.6023213863372803,-0.020751915872097015,0.00040528224781155586,0.0,-0.0718446597456932,1.0951851606369019,0.721347983217366,6.861599922180176,1.7643470764160156,6.789754867553711,2.0747053623199463,6.96756649017334,4.377248048782349,,,,,,
8789940000.0,139.64,8.699999809265137,6391222784.0,2407.3710934746714,5990.0,0.0738525390625,98156544.0,205621.34293961525,0.0006773829227313399,0.00189208984375,2.066021203994751,-0.02039671316742897,0.4810517728328705,-0.02066021040081978,0.0002634953707456589,0.0,0.04916706681251526,0.9771716594696045,0.7506065365595164,6.889676094055176,1.7311246395111084,6.938843250274658,1.9567195177078247,6.805764198303223,4.165939569473267,,,,,,
8789940000.0,142.09,7.900000095367432,6391222784.0,2423.3809495345763,5991.0,0.0665283203125,98172928.0,205628.10374212265,0.0006589540862478316,0.00225830078125,2.060169219970703,-0.020277444273233414,0.505831241607666,-0.02060169167816639,0.0003242478705942631,0.0,-0.025301989167928696,1.0035063028335571,0.7528385932532462,6.704677581787109,1.7172744274139404,6.679375648498535,2.018505811691284,6.760802507400513,4.1676459312438965,,,,,,
8789940000.0,103.78,8.800000190734863,6391222784.0,2398.277357025181,5992.0,0.0714111328125,98189312.0,205634.93531227112,0.0007367940852418542,0.0015869140625,2.057858943939209,-0.020585615187883377,0.4609242379665375,-0.02057858742773533,-7.029389962553978e-06,0.0,0.07388202846050262,0.9551843404769897,0.7549270849645942,6.836797714233398,1.7703850269317627,6.910679817199707,1.9294778108596802,6.831570148468018,4.180812120437622,,,,,,
8789940000.0,121.88,9.0,6391222784.0,2411.3289227527075,5993.0,0.07080078125,98205696.0,205641.72990584373,0.0007496151956729591,0.001953125,2.0364949703216553,-0.02051262930035591,0.4551652669906616,-0.020364949479699135,-0.00014768028631806374,0.0,0.0725923627614975,0.9532514214515686,0.7588092436107952,6.924413681030273,1.7354636192321777,6.997005462646484,1.9410059452056885,6.794593572616577,4.155388832092285,,,,,,
8789940000.0,126.71,8.300000190734863,6391222784.0,2398.6556513361315,5994.0,0.0787353515625,98222080.0,205648.56039857864,0.001300616655498743,0.0072021484375,2.055201768875122,-0.02041894942522049,0.4929220676422119,-0.0205520186573267,0.00013306410983204842,0.0,-0.014527159743010998,0.9938226938247681,0.7689442260100843,7.037985801696777,1.802973747253418,7.023458480834961,2.0675241947174072,6.830492734909058,4.182073354721069,,,,,,
8789940000.0,92.72,7.5,6391222784.0,2405.2548896925678,5995.0,0.064697265625,98238464.0,205655.37215065956,0.000621778191998601,0.00189208984375,2.0936384201049805,-0.020954061299562454,0.7153246402740479,-0.0209363866597414,-1.767813228070736e-05,0.0,-0.17897146940231323,1.1918541193008423,0.6907137641535455,6.797751426696777,1.8160111904144287,6.61877965927124,2.143101930618286,6.811752080917358,4.17957067489624,,,,,,
8789940000.0,123.05,8.800000190734863,6391222784.0,2458.013741517427,5996.0,0.064697265625,98254848.0,205662.03769516945,0.0022797929123044014,0.01812744140625,2.1058828830718994,-0.020965009927749634,0.40336552262306213,-0.0210588276386261,9.38179437071085e-05,0.0,0.06338249891996384,0.8914969563484192,0.7887980696048696,6.530975341796875,1.7254358530044556,6.594357490539551,1.9398618936538696,6.665544509887695,4.156115531921387,,,,,,
8789940000.0,120.01,8.5,6391222784.0,2422.4721656287006,5997.0,0.0616455078125,98271232.0,205668.8010339737,0.0008368220878764987,0.00189208984375,2.1114606857299805,-0.0210732389241457,0.3980865180492401,-0.02111460641026497,4.1365623474121094e-05,0.0,-0.014711081981658936,0.8909253478050232,0.7915813107918183,6.577065467834473,1.72182297706604,6.56235408782959,1.9515196084976196,6.763338804244995,4.199273586273193,,,,,,
8789940000.0,146.42,8.5,6391222784.0,2413.1903889676746,5998.0,0.0579833984375,98287616.0,205675.5903863907,0.0007585344719700515,0.00164794921875,2.077956199645996,-0.020387442782521248,0.41736048460006714,-0.02077956311404705,0.0003921203315258026,0.0,-0.009123284369707108,0.9148103594779968,0.772049206882682,6.614274024963379,1.6995291709899902,6.60515022277832,1.9160654544830322,6.7893524169921875,4.169018745422363,,,,,,
8789940000.0,129.71,7.699999809265137,6391222784.0,2394.491371280805,5999.0,0.0665283203125,98304000.0,205682.43275809288,0.0005497756646946073,0.00244140625,2.0636508464813232,-0.020953204482793808,0.5814415812492371,-0.020636508241295815,-0.0003166947280988097,0.0,-0.07016098499298096,1.0779095888137817,0.729725723679758,6.724823951721191,1.7663462162017822,6.654662609100342,2.073385238647461,6.842371702194214,4.184467077255249,,,,,,
8789940000.0,127.07,8.600000381469727,6391222784.0,2423.6111155157155,6000.0,0.069580078125,98320384.0,205689.19291853905,0.0013655929360538721,0.00616455078125,2.105682134628296,-0.020414305850863457,0.4439373314380646,-0.021056821569800377,0.0006425157189369202,0.0,0.04475671052932739,0.9392246007919312,0.7855339924664285,6.628849029541016,1.7806748151779175,6.673605918884277,2.0281057357788086,6.760160446166992,4.16684627532959,,,,,,
8789940000.0,124.59,7.599999904632568,6391222784.0,2406.7121982818144,6001.0,0.0469970703125,98336768.0,205696.00054597855,0.0006383206928148866,0.00128173828125,2.119295120239258,-0.02032555267214775,0.44331973791122437,-0.021192949265241623,0.0008673910051584244,0.0,-0.08203691244125366,0.9372496008872986,0.779603237676401,6.387306213378906,1.739322543144226,6.305269718170166,1.996423602104187,6.807627439498901,4.189321994781494,,,,,,
8789940000.0,114.16,8.600000381469727,6391222784.0,2415.0107675087065,6002.0,0.06103515625,98353152.0,205702.78478074074,0.0013132736785337329,0.01092529296875,2.1219561100006104,-0.020916616544127464,0.38409537076950073,-0.021219562739133835,0.00030294526368379593,0.0,0.03552740812301636,0.8736972808837891,0.8062175804344913,6.33499813079834,1.7801389694213867,6.370525360107422,1.9847406148910522,6.7842347621917725,4.179680824279785,,,,,,
8789940000.0,169.74,7.5,6391222784.0,2389.7219175021514,6003.0,0.0506591796875,98369536.0,205709.6408085823,0.0009762897971086204,0.00537109375,2.109234571456909,-0.02120080031454563,0.5218179225921631,-0.02109234221279621,-0.0001084543764591217,0.0,-0.09101156890392303,1.0164755582809448,0.7492031533475341,6.264726161956787,1.7679810523986816,6.173714637756348,2.0297186374664307,6.856027841567993,4.198729515075684,,,,,,
8789940000.0,167.61,8.0,6391222784.0,2388.5493329911296,6004.0,0.06591796875,98385920.0,205716.50020217896,0.0013535203179344535,0.008544921875,2.0926966667175293,-0.020964927971363068,0.5012812614440918,-0.02092696726322174,-3.7960708141326904e-05,0.0,0.012958028353750706,0.9983367919921875,0.7874458282975124,6.417298316955566,1.8659542798995972,6.430256366729736,2.1654205322265625,6.85939359664917,4.173158407211304,,,,,,
8789940000.0,130.22,8.300000190734863,6391222784.0,2417.7819199691908,6005.0,0.0872802734375,98402304.0,205723.2766611576,0.0008153029484674335,0.0047607421875,2.007571220397949,-0.01994634047150612,0.5785874128341675,-0.020075714215636253,0.00012937281280755997,0.0,0.031878963112831116,1.0752382278442383,0.7659974353743814,6.759654998779297,1.8830056190490723,6.791534423828125,2.2227706909179688,6.776458978652954,4.182302474975586,,,,,,
8789940000.0,98.64,8.800000190734863,6391222784.0,2384.074756716363,6006.0,0.0811767578125,98418688.0,205730.1489288807,0.001112686237320304,0.00604248046875,2.0012452602386475,-0.019763818010687828,0.55560302734375,-0.020012451335787773,0.0002486351877450943,0.0,0.08688895404338837,1.0505486726760864,0.7533454013595284,6.813486099243164,1.9105470180511475,6.9003753662109375,2.1152970790863037,6.872267723083496,4.184230804443359,,,,,,
8789940000.0,80.51,8.600000381469727,6391222784.0,2455.1099181301065,6007.0,0.0836181640625,98435072.0,205736.82235717773,0.0013925163075327873,0.0078125,1.9851398468017578,-0.01970842108130455,0.57370924949646,-0.01985139772295952,0.00014297664165496826,0.0,0.019314512610435486,1.0703308582305908,0.7698269758182404,6.740972518920898,1.969701886177063,6.760287284851074,2.2309560775756836,6.673428297042847,4.177290916442871,,,,,,
8789940000.0,103.4,7.900000095367432,6391222784.0,2453.1138875361517,6008.0,0.0714111328125,98451456.0,205743.50121545792,0.0006871690275147557,0.00347900390625,1.9880703687667847,-0.020117776468396187,0.5212531685829163,-0.01988070271909237,-0.0002370714209973812,0.0,-0.05405130609869957,1.017953872680664,0.7818751375011733,6.619171142578125,1.890932321548462,6.565119743347168,2.1795928478240967,6.678858280181885,4.165573835372925,,,,,,
8789940000.0,113.54,8.699999809265137,6391222784.0,2440.2009238105734,6009.0,0.0738525390625,98467840.0,205750.21541666985,0.0009952033869922161,0.00628662109375,1.983741283416748,-0.020134681835770607,0.4232219159603119,-0.01983741484582424,-0.00029727164655923843,0.0,0.05158678814768791,0.9165350794792175,0.8067250046859804,6.555249214172363,1.881728172302246,6.606836318969727,2.0847856998443604,6.714201211929321,4.1901233196258545,,,,,,
8789940000.0,160.33,8.100000381469727,6391222784.0,2407.632559400167,6010.0,0.064697265625,98484224.0,205757.02044177055,0.000762024661526084,0.0040283203125,1.980387806892395,-0.019517574459314346,0.5002377033233643,-0.019803877919912338,0.00028630252927541733,0.0,0.014439486898481846,1.0017262697219849,0.7822806275575905,6.513309478759766,1.884121060371399,6.527749061584473,2.1468441486358643,6.805025100708008,4.180132627487183,,,,,,
8789940000.0,106.65,8.100000381469727,6391222784.0,2458.1557408765043,6011.0,0.0830078125,98500608.0,205763.68560123444,0.0016672916244715452,0.01263427734375,1.977447748184204,-0.01963949017226696,0.6050156354904175,-0.01977447420358658,0.0001349877566099167,0.0,-0.05703040957450867,1.0980778932571411,0.7516356537521628,6.8016886711120605,1.947570562362671,6.744658470153809,2.203376293182373,6.665159463882446,4.167903900146484,,,,,,
8789940000.0,123.82,8.899999618530273,6391222784.0,1506.5070383154878,6012.0,0.064697265625,98516992.0,205774.5610897541,0.0010831847321242094,0.00634765625,2.035926342010498,-0.019470958039164543,0.4274675250053406,-0.020359262824058533,0.0008883045520633459,0.0,0.0758742243051529,0.9212087392807007,0.7989108716995471,6.410987377166748,1.8408976793289185,6.486861705780029,2.054299831390381,10.875488519668579,4.165575981140137,,,,,,
8789940000.0,132.7,7.699999809265137,6391222784.0,2426.4204717156913,6013.0,0.0665283203125,98533376.0,205781.31342315674,0.0008861726382747293,0.00286865234375,2.0447301864624023,-0.020076703280210495,0.5742048621177673,-0.020447300747036934,0.00037060119211673737,0.0,-0.08012990653514862,1.0666372776031494,0.7526808578692186,6.458161354064941,1.8676477670669556,6.3780317306518555,2.1448049545288086,6.752333402633667,4.173874378204346,,,,,,
8789940000.0,96.96,8.100000381469727,6391222784.0,2430.7073088833868,6014.0,0.059814453125,98549760.0,205788.05384802818,0.0009953525150194764,0.0059814453125,2.0493905544281006,-0.020645979791879654,0.5369065403938293,-0.02049390599131584,-0.00015207380056381226,0.0,-0.04819013178348541,1.0379843711853027,0.741568014920635,6.4382853507995605,1.8312715291976929,6.3900957107543945,2.0418224334716797,6.740424871444702,4.167505741119385,,,,,,
8789940000.0,161.82,7.800000190734863,6391222784.0,2431.6353617532764,6015.0,0.0604248046875,98566144.0,205794.79170036316,0.002367602661252022,0.01812744140625,2.0570144653320312,-0.019948728382587433,0.5201208591461182,-0.020570145919919014,0.0006214146269485354,0.0,-0.06878919154405594,1.0208802223205566,0.7533987316202124,6.370054244995117,1.7660071849822998,6.301265239715576,2.055781841278076,6.737852334976196,4.155646324157715,,,,,,
,,,,,,,,,,,,,,,,,,,,,,,,,,0.020786376670002937,0.5247540473937988,0.48120978474617004,0.020786376670002937,0.5247540473937988,0.48120978474617004
,,,,,,,,,,,,,,,,,,,,,,,,,,0.020334934815764427,0.4789368808269501,0.4532199203968048,0.020334934815764427,0.4789368808269501,0.4532199203968048
,,,,,,,,,,,,,,,,,,,,,,,,,,0.019086403772234917,0.4542289078235626,0.43448013067245483,0.019086403772234917,0.4542289078235626,0.43448013067245483
,,,,,,,,,,,,,,,,,,,,,,,,,,0.01873881183564663,0.4356779456138611,0.4191405773162842,0.01873881183564663,0.4356779456138611,0.4191405773162842
,,,,,,,,,,,,,,,,,,,,,,,,,,0.018589476123452187,0.4191704988479614,0.40196144580841064,0.018589476123452187,0.4191704988479614,0.40196144580841064
,,,,,,,,,,,,,,,,,,,,,,,,,,0.018817756325006485,0.4076617658138275,0.3918626606464386,0.018817756325006485,0.4076617658138275,0.3918626606464386
8789940000.0,157.53,8.0,6188634112.0,18.614550344666828,6016.0,0.05615234375,98582528.0,206674.96337771416,0.0014253954868763685,0.0087890625,2.091177463531494,-0.020450688898563385,0.5080762505531311,-0.020911773666739464,0.0004610838368535042,0.0,-0.008256874978542328,1.0048787593841553,0.7489810776213374,6.478217124938965,1.7564870119094849,6.4699602127075195,2.005673408508301,880.1716773509979,4.182394742965698,,,,,,
8789940000.0,133.42,7.900000095367432,6391222784.0,2456.693801065846,6017.0,0.064697265625,98598912.0,206681.63250350952,0.0007685620221309364,0.00341796875,2.073533058166504,-0.020634915679693222,0.4895198345184326,-0.020735330879688263,0.0001004151999950409,0.0,-0.02637878619134426,0.9915341138839722,0.7811952494850883,6.589199542999268,1.8572583198547363,6.562821388244629,2.1197245121002197,6.66912579536438,4.169213771820068,,,,,,
8789940000.0,123.14,8.300000190734863,6391222784.0,2442.4748449654653,6018.0,0.0653076171875,98615296.0,206688.34045386314,0.0009212358854711056,0.00469970703125,2.052342653274536,-0.020628800615668297,0.45284202694892883,-0.020523425191640854,-0.00010537682101130486,0.0,0.05074264854192734,0.9493625164031982,0.8003951500067625,6.557221412658691,1.899071455001831,6.607964515686035,2.1249396800994873,6.7079503536224365,4.1845502853393555,,,,,,
8789940000.0,126.0,8.300000190734863,6391222784.0,1496.8707438349782,6019.0,0.07568359375,98631680.0,206699.28595471382,0.0013547542039304972,0.00604248046875,2.031343936920166,-0.02050911821424961,0.5581635236740112,-0.020313439890742302,-0.00019567960407584906,0.0,0.029203783720731735,1.0547771453857422,0.7619282614107837,6.66319465637207,1.928541660308838,6.6923980712890625,2.1617558002471924,10.94550085067749,4.1919944286346436,,,,,,
8789940000.0,134.28,7.800000190734863,6391222784.0,2417.497408734029,6020.0,0.0677490234375,98648064.0,206706.06321120262,0.0008813563617877662,0.0025634765625,2.0321133136749268,-0.020630426704883575,0.5633051991462708,-0.020321132615208626,-0.0003092922270298004,0.0,-0.037332117557525635,1.0589765310287476,0.7620431765362674,6.549234390258789,1.9245343208312988,6.511902332305908,2.1708872318267822,6.777256488800049,4.18311333656311,,,,,,
8789940000.0,118.36,8.199999809265137,6391222784.0,2400.7948933110697,6021.0,0.064697265625,98664448.0,206712.88761758804,0.000798254506662488,0.002685546875,2.0124547481536865,-0.020033098757267,0.5254561901092529,-0.02012454904615879,9.144563227891922e-05,0.0,0.03163832798600197,1.0256214141845703,0.7560845221143346,6.5478739738464355,1.8530088663101196,6.579512119293213,2.0766685009002686,6.824406385421753,4.185426235198975,,,,,,
8789940000.0,105.23,9.0,6391222784.0,2431.222079994962,6022.0,0.0677490234375,98680832.0,206719.62661528587,0.0006917900172993541,0.0028076171875,2.018695592880249,-0.019538231194019318,0.440856397151947,-0.020186955109238625,0.00064871646463871,0.0,0.05612267926335335,0.9367131590843201,0.7999544335019152,6.577311038970947,1.8971213102340698,6.6334333419799805,2.0943143367767334,6.7389976978302,4.176410913467407,,,,,,
8789940000.0,114.51,7.699999809265137,6391222784.0,2433.5109163909824,6023.0,0.062255859375,98697216.0,206726.35927462578,0.0004921781946904957,0.00177001953125,2.0066895484924316,-0.019818538799881935,0.501964271068573,-0.020066894590854645,0.0002483539283275604,0.0,-0.04916929453611374,0.9977108240127563,0.7746371720603595,6.464416027069092,1.8562324047088623,6.415246963500977,2.101665496826172,6.732659339904785,4.161714315414429,,,,,,
8789940000.0,117.89,8.600000381469727,6391222784.0,2415.120510440591,6024.0,0.0732421875,98713600.0,206733.14320111275,0.00039802948595024645,0.00067138671875,1.998699426651001,-0.020239710807800293,0.5394801497459412,-0.019986992701888084,-0.0002527139149606228,0.0,0.04388254135847092,1.03714919090271,0.7423038814616518,6.669160842895508,1.7587684392929077,6.713043212890625,2.04308819770813,6.783926486968994,4.1947033405303955,,,,,,
8789940000.0,119.03,8.600000381469727,6391222784.0,2425.756503659083,6025.0,0.07568359375,98729984.0,206739.8973827362,0.0005463003180921078,0.0028076171875,2.0152664184570312,-0.01988723687827587,0.5376415252685547,-0.020152661949396133,0.00026542600244283676,0.0,0.02749970369040966,1.0400205850601196,0.7499474200673156,6.806069374084473,1.8487662076950073,6.833569049835205,2.079822063446045,6.754181623458862,4.174520969390869,,,,,,
8789940000.0,102.9,8.699999809265137,6391222784.0,2436.4823583967327,6026.0,0.0762939453125,98746368.0,206746.62183117867,0.0004923057276755571,0.0009765625,2.028696298599243,-0.020360246300697327,0.5187446475028992,-0.020286962389945984,-7.327646017074585e-05,0.0,-0.008344662375748158,1.0149364471435547,0.7653882347411303,6.835903167724609,1.8521342277526855,6.827558517456055,2.0953874588012695,6.7244484424591064,4.18384575843811,,,,,,
8789940000.0,129.19,7.800000190734863,6391222784.0,2436.261142239382,6027.0,0.068359375,98762752.0,206753.3468902111,0.0008519665570929646,0.0032958984375,2.029716730117798,-0.01989830657839775,0.5823954343795776,-0.02029716596007347,0.0003988589160144329,0.0,-0.04185234010219574,1.0769823789596558,0.7160335589588873,6.687356948852539,1.7132610082626343,6.645504951477051,2.0210413932800293,6.7250590324401855,4.176082372665405,,,,,,
8789940000.0,100.92,8.300000190734863,6391222784.0,2374.3646526001994,6028.0,0.084228515625,98779136.0,206760.24726247787,0.0008155062678270042,0.00238037109375,1.9824730157852173,-0.019931305199861526,0.6343986392021179,-0.01982472836971283,-0.0001065798569470644,0.0,0.010827546007931232,1.123030424118042,0.7263715520473784,6.968066215515137,1.8227427005767822,6.978894233703613,2.1468961238861084,6.900372266769409,4.157391309738159,,,,,,
8789940000.0,94.73,8.300000190734863,6391222784.0,2375.08007526628,6029.0,0.0732421875,98795520.0,206767.14555621147,0.001289510284550488,0.008544921875,2.0064504146575928,-0.021056270226836205,0.6079285144805908,-0.020064502954483032,-0.000991765409708023,0.0,0.0018556653521955013,1.0992491245269775,0.7218594043455249,6.751877784729004,1.8083348274230957,6.753733158111572,2.084317445755005,6.898293733596802,4.174271583557129,,,,,,
8789940000.0,119.02,8.199999809265137,6391222784.0,2361.362750895844,6030.0,0.0665283203125,98811904.0,206774.0839226246,0.000926055246964097,0.00421142578125,2.0087063312530518,-0.01970960572361946,0.5028345584869385,-0.020087065175175667,0.00037745991721749306,0.0,0.012994134798645973,1.0010594129562378,0.737073522557415,6.494529724121094,1.7016398906707764,6.507524490356445,1.9522844552993774,6.938366413116455,4.187554359436035,,,,,,
8789940000.0,106.87,8.600000381469727,6391222784.0,2425.686633422411,6031.0,0.078125,98828288.0,206780.8382987976,0.0005522107239812613,0.0025634765625,2.0081381797790527,-0.01928711123764515,0.5220355987548828,-0.020081382244825363,0.0007942728698253632,0.0,0.010084498673677444,1.0240471363067627,0.7760296381914857,6.684926509857178,1.8740038871765137,6.695011138916016,2.163837194442749,6.754376173019409,4.184622287750244,,,,,,
8789940000.0,122.34,8.399999618530273,6391222784.0,2474.5614348762992,6032.0,0.06103515625,98844672.0,206787.45927000046,0.0013995327753946185,0.0079345703125,2.046066999435425,-0.019994206726551056,0.43171507120132446,-0.020460668951272964,0.00046646036207675934,0.0,-0.012620574794709682,0.9304866790771484,0.7787710295590295,6.589374542236328,1.7789678573608398,6.576754093170166,1.978285789489746,6.620971202850342,4.162231922149658,,,,,,
8789940000.0,128.3,8.199999809265137,6391222784.0,2448.084912428999,6033.0,0.0677490234375,98861056.0,206794.1518483162,0.0008678846061229706,0.004150390625,2.010554790496826,-0.019972626119852066,0.5434281229972839,-0.020105548202991486,0.0001329192891716957,0.0,-0.011843855492770672,1.0390304327011108,0.7485124602156585,6.6319804191589355,1.8069440126419067,6.620136260986328,2.0719048976898193,6.692578315734863,4.170449256896973,,,,,,
8789940000.0,110.94,8.600000381469727,6391222784.0,2461.2340767472497,6034.0,0.074462890625,98877440.0,206800.80867147446,0.0006293122423812747,0.00323486328125,2.0221996307373047,-0.02001356892287731,0.4669896364212036,-0.020221995189785957,0.0002084244042634964,0.0,0.05780023708939552,0.9656312465667725,0.7751979506571205,6.689209461212158,1.8057280778884888,6.747009754180908,2.036625385284424,6.65682315826416,4.164247989654541,,,,,,
8789940000.0,91.69,9.300000190734863,6391222784.0,2447.1104517695144,6035.0,0.0848388671875,98893824.0,206807.50391483307,0.0007974194013513625,0.00433349609375,2.028453826904297,-0.020166214555501938,0.422922283411026,-0.020284537225961685,0.00011831894516944885,0.0,0.04044720530509949,0.9176692366600037,0.8082035989169626,6.74199914932251,1.8766016960144043,6.78244686126709,2.0953965187072754,6.6952433586120605,4.182354211807251,,,,,,
8789940000.0,99.93,8.600000381469727,6391222784.0,2430.8159034865353,6036.0,0.0567626953125,98910208.0,206814.24403858185,0.0018347934819757938,0.0128173828125,2.018540382385254,-0.020127754658460617,0.4865972697734833,-0.020185403525829315,5.76474703848362e-05,0.0,0.026051905006170273,0.9872123599052429,0.7435031057036723,6.570215225219727,1.7180484533309937,6.596267223358154,1.9492586851119995,6.740123748779297,4.179239511489868,,,,,,
8789940000.0,111.68,8.399999618530273,6391222784.0,2421.8399729563844,6037.0,0.0701904296875,98926592.0,206821.00914287567,0.0007361330790445209,0.0020751953125,2.0165562629699707,-0.02010689117014408,0.4627516269683838,-0.020165560767054558,5.8667734265327454e-05,0.0,0.010026507079601288,0.9606807231903076,0.7851210529400269,6.669407844543457,1.833009123802185,6.679434299468994,2.072441339492798,6.765104293823242,4.170281887054443,,,,,,
8789940000.0,127.6,8.199999809265137,6391222784.0,2453.602362931327,6038.0,0.062255859375,98942976.0,206827.68667149544,0.0007719950517639518,0.0048828125,2.04601788520813,-0.02061399817466736,0.5079913139343262,-0.020460180938243866,-0.0001538209617137909,0.0,0.006973067298531532,1.002347707748413,0.7445834382640772,6.62369441986084,1.7345285415649414,6.630667209625244,1.9833236932754517,6.677528619766235,4.1619627475738525,,,,,,
8789940000.0,113.63,7.699999809265137,6391222784.0,2437.4794956294404,6039.0,0.0640869140625,98959360.0,206834.40836906433,0.0013165809214115143,0.0076904296875,2.0531396865844727,-0.02029505744576454,0.5747420191764832,-0.020531393587589264,0.00023633381351828575,0.0,-0.10454382002353668,1.0687532424926758,0.7259809260689329,6.76069450378418,1.7597379684448242,6.656150817871094,2.0416781902313232,6.721697568893433,4.166499853134155,,,,,,
8789940000.0,151.79,7.900000095367432,6391222784.0,2441.674178910632,6040.0,0.052490234375,98975744.0,206841.11851906776,0.000772032595705241,0.003173828125,2.066035270690918,-0.020313119515776634,0.46561357378959656,-0.02066035382449627,0.0003472333773970604,0.0,-0.029962604865431786,0.9636635780334473,0.7396312058012704,6.556441307067871,1.6182337999343872,6.5264787673950195,1.8885600566864014,6.7101500034332275,4.162527322769165,,,,,,
8789940000.0,129.53,8.100000381469727,6391222784.0,2447.379488560034,6041.0,0.06591796875,98992128.0,206847.81302642822,0.0009562107734382153,0.00482177734375,2.0475072860717773,-0.020155513659119606,0.468766450881958,-0.020475074648857117,0.0003195609897375107,0.0,-0.030530644580721855,0.9677236080169678,0.7671470094151241,6.544370651245117,1.7192926406860352,6.513840198516846,2.005443811416626,6.694507360458374,4.174127101898193,,,,,,
8789940000.0,107.31,8.300000190734863,6391222784.0,2406.9309468949655,6042.0,0.0775146484375,99008512.0,206854.6200351715,0.0009420806309208274,0.00335693359375,2.0319573879241943,-0.020729243755340576,0.5607907772064209,-0.02031957358121872,-0.0004096720367670059,0.0,-0.0468723438680172,1.057410717010498,0.7636585173904766,6.800118446350098,1.8821619749069214,6.753246307373047,2.1750717163085938,6.807008743286133,4.168961524963379,,,,,,
8789940000.0,110.3,9.0,6391222784.0,2235.2981023339103,6043.0,0.0732421875,99024896.0,206861.949706316,0.0010511758737266064,0.00439453125,2.0343663692474365,-0.019527621567249298,0.3891555964946747,-0.020343665033578873,0.0008160397410392761,0.0,0.08151642233133316,0.8781749606132507,0.8062165506513825,6.668961048126221,1.813928484916687,6.7504777908325195,1.9949077367782593,7.329671144485474,4.157496452331543,,,,,,
8789940000.0,121.57,8.399999618530273,6391222784.0,2395.622529007403,6044.0,0.07568359375,99041280.0,206868.78884720802,0.0013654375215992332,0.01141357421875,2.0422561168670654,-0.019972246140241623,0.5075880289077759,-0.0204225592315197,0.00045031309127807617,0.0,-0.00543319433927536,1.0086725950241089,0.7865570456131743,6.723212242126465,1.912150263786316,6.717779159545898,2.183279275894165,6.839140892028809,4.16968846321106,,,,,,
8789940000.0,112.47,7.900000095367432,6391222784.0,2430.7515021907525,6045.0,0.06591796875,99057664.0,206875.52914953232,0.0015037886332720518,0.01025390625,2.074198007583618,-0.020877234637737274,0.47916093468666077,-0.020741978660225868,-0.00013525597751140594,0.0,-0.07158002257347107,0.9752697348594666,0.7715731362132149,6.62938117980957,1.794628381729126,6.557801246643066,2.0405678749084473,6.740302324295044,4.167938709259033,,,,,,
8789940000.0,108.8,8.800000190734863,6391222784.0,2356.3125874065927,6046.0,0.0640869140625,99074048.0,206882.48238658905,0.000857320730574429,0.0023193359375,2.039126396179199,-0.020922284573316574,0.42243167757987976,-0.02039126493036747,-0.000531025230884552,0.0,0.015905847772955894,0.9179889559745789,0.7802961676459439,6.563519477844238,1.7228842973709106,6.579425811767578,1.9584778547286987,6.953237056732178,4.181010007858276,,,,,,
8789940000.0,153.75,7.699999809265137,6391222784.0,2413.429980935795,6047.0,0.06103515625,99090432.0,206889.27106499672,0.00109852384775877,0.003173828125,2.0152971744537354,-0.019181378185749054,0.5458481907844543,-0.020152971148490906,0.0009715892374515533,0.0,-0.07072699069976807,1.0443111658096313,0.7385226541357179,6.60245418548584,1.7506312131881714,6.531727313995361,2.042269468307495,6.788678407669067,4.178520441055298,,,,,,
,,,,,,,,,,,,,,,,,,,,,,,,,,0.014797087758779526,0.525220513343811,0.4924621284008026,0.014797087758779526,0.525220513343811,0.4924621284008026
,,,,,,,,,,,,,,,,,,,,,,,,,,0.015311868861317635,0.4816235601902008,0.462455689907074,0.015311868861317635,0.4816235601902008,0.462455689907074
,,,,,,,,,,,,,,,,,,,,,,,,,,0.01513965055346489,0.4564730226993561,0.4424018859863281,0.01513965055346489,0.4564730226993561,0.4424018859863281
,,,,,,,,,,,,,,,,,,,,,,,,,,0.014870787970721722,0.4387928247451782,0.4241349697113037,0.014870787970721722,0.4387928247451782,0.4241349697113037
,,,,,,,,,,,,,,,,,,,,,,,,,,0.015431656502187252,0.42441537976264954,0.41223567724227905,0.015431656502187252,0.42441537976264954,0.41223567724227905
,,,,,,,,,,,,,,,,,,,,,,,,,,0.015523240901529789,0.41104423999786377,0.4004872143268585,0.015523240901529789,0.41104423999786377,0.4004872143268585
8789940000.0,113.6,8.300000190734863,6188634112.0,18.612371042516674,6048.0,0.0531005859375,99106816.0,207769.54580068588,0.000549892196431756,0.00115966796875,2.047523021697998,-0.020028140395879745,0.44044920802116394,-0.020475231111049652,0.00044709257781505585,0.0,-0.04883972555398941,0.9408842921257019,0.7511705325328235,6.629465103149414,1.6973952054977417,6.580625534057617,1.8861905336380005,880.2747356891632,4.19569206237793,,,,,,
8789940000.0,157.21,8.199999809265137,6391222784.0,2415.5563553729453,6049.0,0.0616455078125,99123200.0,207776.32850313187,0.0011164480820298195,0.0050048828125,1.9726192951202393,-0.0200035460293293,0.5621263384819031,-0.019726190716028214,-0.0002773478627204895,0.0,-0.03508180379867554,1.0624452829360962,0.7207455434469983,6.623865127563477,1.7526262998580933,6.588782787322998,2.010510206222534,6.782702445983887,4.204516410827637,,,,,,
8789940000.0,93.68,8.100000381469727,6391222784.0,2388.845755170924,6050.0,0.0872802734375,99139584.0,207783.1870455742,0.0005943933501839638,0.0015869140625,1.9288756847381592,-0.019424911588430405,0.6554846167564392,-0.01928875595331192,-0.00013615936040878296,0.0,-0.050412461161613464,1.1470324993133545,0.7385110010085232,6.839916706085205,1.9182484149932861,6.789504528045654,2.2431023120880127,6.858542442321777,4.1919708251953125,,,,,,
8789940000.0,110.58,8.699999809265137,6391222784.0,2416.7789014158066,6051.0,0.08056640625,99155968.0,207789.9663169384,0.0006423173472285271,0.00225830078125,1.966545581817627,-0.01970837637782097,0.5190657377243042,-0.01966545358300209,-4.2922794818878174e-05,0.0,0.061368703842163086,1.0169999599456787,0.7725174076296856,6.609982490539551,1.8712342977523804,6.671351432800293,2.132293462753296,6.779271364212036,4.180896520614624,,,,,,
8789940000.0,110.43,8.699999809265137,6391222784.0,2422.05166312191,6052.0,0.0738525390625,99172352.0,207796.73082995415,0.0006302472320385277,0.0028076171875,1.9623548984527588,-0.019263502210378647,0.5760336518287659,-0.01962354965507984,0.00036004558205604553,0.0,0.004556827247142792,1.0719527006149292,0.7488753010322543,6.716071605682373,1.8883682489395142,6.72062873840332,2.1391007900238037,6.76451301574707,4.202253341674805,,,,,,
8789940000.0,98.88,8.5,6391222784.0,2431.3994539145633,6053.0,0.0689697265625,99188736.0,207803.46933603287,0.0006948058726266026,0.001953125,1.9558017253875732,-0.019474755972623825,0.4851863384246826,-0.01955801621079445,8.325837552547455e-05,0.0,0.026366882026195526,0.9877095818519592,0.7574362349600823,6.775561809539795,1.7830451726913452,6.801928520202637,2.005469560623169,6.738506078720093,4.19647216796875,,,,,,
8789940000.0,122.26,8.199999809265137,6391222784.0,2429.5897697652717,6054.0,0.0634765625,99205120.0,207810.21286129951,0.0007762510795146227,0.00335693359375,2.006779432296753,-0.020328925922513008,0.46019765734672546,-0.020067792385816574,-0.00026113539934158325,0.0,-0.03129737824201584,0.9580020904541016,0.777947833386048,6.533975601196289,1.7997480630874634,6.502677917480469,2.0330069065093994,6.743525266647339,4.190038442611694,,,,,,
8789940000.0,150.3,7.5,6391222784.0,2430.743506006338,6055.0,0.064697265625,99221504.0,207816.95318579674,0.0013747556367889047,0.01202392578125,1.9886748790740967,-0.019277432933449745,0.5483357310295105,-0.019886748865246773,0.000609313603490591,0.0,-0.10259877145290375,1.0478918552398682,0.7495871817596254,6.625492572784424,1.8128679990768433,6.522893905639648,2.094055414199829,6.7403244972229,4.17896294593811,,,,,,
8789940000.0,101.15,8.300000190734863,6391222784.0,2426.7102579469274,6056.0,0.0830078125,99237888.0,207823.70471286774,0.0010073690209537745,0.005126953125,1.9548981189727783,-0.01900675520300865,0.5291516780853271,-0.01954898051917553,0.0005422234535217285,0.0,0.07692614942789078,1.0223617553710938,0.7643555034395211,6.692836761474609,1.859898567199707,6.769762992858887,2.1060853004455566,6.7515270709991455,4.17904257774353,,,,,,
8789940000.0,113.96,9.0,6391222784.0,2394.788101841021,6057.0,0.086669921875,99254272.0,207830.54623675346,0.0008739456534385681,0.00390625,1.9231966733932495,-0.01935100555419922,0.5653322339057922,-0.019231967628002167,-0.000119037926197052,0.0,0.08239718526601791,1.0655362606048584,0.7582262392479462,6.866170406341553,1.896169900894165,6.9485673904418945,2.167023181915283,6.841523885726929,4.183143138885498,,,,,,
8789940000.0,73.6,9.199999809265137,6391222784.0,2401.8662816474593,6058.0,0.0994873046875,99270656.0,207837.36759901047,0.0008468371233902872,0.00360107421875,1.9027410745620728,-0.018829595297574997,0.5995959639549255,-0.019027410075068474,0.00019781570881605148,0.0,0.06150325387716293,1.0933436155319214,0.7597595720912896,7.122541427612305,1.9941619634628296,7.184043884277344,2.2306599617004395,6.821362257003784,4.195298433303833,,,,,,
8789940000.0,101.0,8.699999809265137,6391222784.0,2401.1417647408234,6059.0,0.0933837890625,99287040.0,207844.19101953506,0.0009953753324225545,0.0059814453125,1.9696167707443237,-0.019777892157435417,0.5278346538543701,-0.01969616860151291,-8.172716479748487e-05,0.0,0.03970811516046524,1.0290578603744507,0.7850964755705233,7.034771919250488,1.987850308418274,7.074480056762695,2.219820499420166,6.823420524597168,4.17778468132019,,,,,,
8789940000.0,96.82,7.800000190734863,6391222784.0,2387.329462833232,6060.0,0.0689697265625,99303424.0,207851.05391812325,0.001063777133822441,0.0079345703125,1.943100929260254,-0.01914345845580101,0.6325399875640869,-0.019431009888648987,0.00028755387756973505,0.0,-0.10484029352664948,1.1200324296951294,0.71689338715197,6.905879497528076,1.829085111618042,6.801039695739746,2.105017900466919,6.862898588180542,4.184912919998169,,,,,,
8789940000.0,106.37,8.5,6391222784.0,2414.55577601311,6061.0,0.08544921875,99319808.0,207857.83943128586,0.001218101242557168,0.009033203125,1.9218623638153076,-0.019264083355665207,0.5534263849258423,-0.019218621775507927,-4.54634428024292e-05,0.0,0.005957703106105328,1.0479252338409424,0.7518043884195559,7.043360710144043,1.8264867067337036,7.049318313598633,2.1034557819366455,6.785513162612915,4.17953634262085,,,,,,
8789940000.0,78.71,8.399999618530273,6391222784.0,2422.7479408424756,6062.0,0.0836181640625,99336192.0,207864.6020002365,0.0010204929858446121,0.0084228515625,1.9376449584960938,-0.01977447234094143,0.5090343952178955,-0.019376447424292564,-0.0003980221226811409,0.0,-0.031185638159513474,1.0120246410369873,0.7859919680998502,6.86337947845459,1.8612480163574219,6.8321943283081055,2.1876416206359863,6.762568950653076,4.19353461265564,,,,,,
8789940000.0,111.01,7.900000095367432,6391222784.0,2410.37715730749,6063.0,0.0677490234375,99352576.0,207871.3992767334,0.0013666055165231228,0.0096435546875,1.9513483047485352,-0.01821935921907425,0.6036456823348999,-0.019513482227921486,0.0012941230088472366,0.0,-0.1200547143816948,1.0951919555664062,0.7314934176911162,6.625549793243408,1.8250795602798462,6.505495548248291,2.1135528087615967,6.797276496887207,4.1973724365234375,,,,,,
8789940000.0,105.56,8.899999618530273,6391222784.0,2401.5974216880018,6064.0,0.0732421875,99368960.0,207878.2214026451,0.0015168021200224757,0.0106201171875,1.95521879196167,-0.01950785517692566,0.44686925411224365,-0.019552189856767654,4.4329091906547546e-05,0.0,0.0730268806219101,0.9391511082649231,0.7958394946083218,6.619632244110107,1.8446242809295654,6.692659378051758,2.078498601913452,6.8221259117126465,4.193359613418579,,,,,,
8789940000.0,118.7,8.600000381469727,6391222784.0,2410.118983205425,6065.0,0.07568359375,99385344.0,207885.01940727234,0.0009148102253675461,0.00457763671875,1.950821042060852,-0.0192000400274992,0.4641169607639313,-0.019508210942149162,0.0003081671893596649,0.0,0.001916645560413599,0.9602230787277222,0.7946388986253956,6.652336120605469,1.881803274154663,6.654253005981445,2.118912696838379,6.798004627227783,4.196160793304443,,,,,,
8789940000.0,109.63,8.800000190734863,6391222784.0,2374.360960896548,6066.0,0.078125,99401728.0,207891.91979026794,0.0007397002191282809,0.003662109375,1.9250565767288208,-0.01881502941250801,0.5286861658096313,-0.01925056427717209,0.00043554045259952545,0.0,0.029600974172353745,1.027967095375061,0.7882270865243639,6.677260398864746,2.0098960399627686,6.70686149597168,2.233799457550049,6.900382995605469,4.195897579193115,,,,,,
8789940000.0,101.57,8.199999809265137,6391222784.0,2387.973803255314,6067.0,0.0762939453125,99418112.0,207898.78083705902,0.0017694325651973486,0.01239013671875,1.9459855556488037,-0.01987028308212757,0.501188337802887,-0.019459852948784828,-0.0004104282706975937,0.0,-0.03564467653632164,1.0001983642578125,0.7914066876857497,6.664964199066162,1.9181092977523804,6.629319190979004,2.189958333969116,6.86104679107666,4.165882110595703,,,,,,
8789940000.0,118.25,7.900000095367432,6391222784.0,2429.127723214483,6068.0,0.0701904296875,99434496.0,207905.52564501762,0.001396832405589521,0.00927734375,1.9480602741241455,-0.018749769777059555,0.5462318062782288,-0.019480600953102112,0.0007308302447199821,0.0,-0.01840171404182911,1.0446301698684692,0.7602846058243615,6.584613800048828,1.8494725227355957,6.5662126541137695,2.13360857963562,6.744807958602905,4.1863110065460205,,,,,,
8789940000.0,115.01,8.800000190734863,6391222784.0,2429.3360518159548,6069.0,0.0640869140625,99450880.0,207912.26987457275,0.0012222116347402334,0.008056640625,1.9948595762252808,-0.01966644823551178,0.3948119282722473,-0.019948594272136688,0.0002821478992700577,0.0,0.015449928119778633,0.8890111446380615,0.8119018212590858,6.528801918029785,1.852916955947876,6.544251441955566,2.049816131591797,6.744229555130005,4.179600477218628,,,,,,
8789940000.0,166.17,8.399999618530273,6391222784.0,2440.0057157356073,6070.0,0.0628662109375,99467264.0,207918.98461294174,0.0010679755359888077,0.00616455078125,2.015360116958618,-0.019906368106603622,0.4203130006790161,-0.020153598859906197,0.0002472326159477234,0.0,0.017188135534524918,0.9140822291374207,0.808184497805178,6.526981830596924,1.884519338607788,6.5441694259643555,2.08709979057312,6.714738368988037,4.191054105758667,,,,,,
8789940000.0,134.92,8.699999809265137,6391222784.0,2451.2660638070984,6071.0,0.0616455078125,99483648.0,207925.66850590706,0.0012814702931791544,0.005615234375,2.0129001140594482,-0.019797563552856445,0.4467014670372009,-0.020129000768065453,0.00033143535256385803,0.0,0.03462400659918785,0.9470981359481812,0.7786968552070714,6.581357955932617,1.8360124826431274,6.6159820556640625,2.01326584815979,6.6838929653167725,4.173115015029907,,,,,,
8789940000.0,124.62,8.600000381469727,6391222784.0,2437.790609007088,6072.0,0.06591796875,99500032.0,207932.3893456459,0.000865360489115119,0.00445556640625,2.025559663772583,-0.0201087836176157,0.43331173062324524,-0.020255593582987785,0.00014681369066238403,0.0,0.03171466290950775,0.92964106798172,0.788848564935297,6.639662742614746,1.821487307548523,6.671377182006836,2.023103952407837,6.720839738845825,4.175895929336548,,,,,,
8789940000.0,126.77,8.300000190734863,6391222784.0,2410.827445851656,6073.0,0.068359375,99516416.0,207939.18535256386,0.000815279723610729,0.00390625,2.0100631713867188,-0.019931498914957047,0.44550570845603943,-0.020100632682442665,0.0001691342331469059,0.0,-0.018853455781936646,0.9437524080276489,0.7919629168001892,6.701777458190918,1.841131567955017,6.682924270629883,2.0691304206848145,6.796006917953491,4.181114912033081,,,,,,
8789940000.0,133.15,8.399999618530273,6391222784.0,2424.9227759606597,6074.0,0.0677490234375,99532800.0,207945.94185638428,0.00113175087608397,0.00543212890625,2.016270160675049,-0.01993574947118759,0.4580339193344116,-0.02016270160675049,0.0002269512042403221,0.0,-0.0378882996737957,0.9556697010993958,0.7919340768918595,6.697906494140625,1.8490493297576904,6.660017967224121,2.0951130390167236,6.7565038204193115,4.185983896255493,,,,,,
8789940000.0,138.29,8.100000381469727,6391222784.0,2420.172926616748,6075.0,0.062255859375,99549184.0,207952.71162056923,0.0008225663914345205,0.004150390625,2.0397419929504395,-0.019875530153512955,0.5345792174339294,-0.020397420972585678,0.0005218889564275742,0.0,-0.06745938211679459,1.0304867029190063,0.7509374184803117,6.5958662033081055,1.791440725326538,6.528406620025635,2.064847946166992,6.769764184951782,4.170741558074951,,,,,,
8789940000.0,142.98,8.0,6391222784.0,2417.803526846461,6076.0,0.0555419921875,99565568.0,207959.48801898956,0.0008271498954854906,0.00299072265625,2.0763864517211914,-0.020254209637641907,0.4448554515838623,-0.020763862878084183,0.0005096518434584141,0.0,-0.03015388920903206,0.943751335144043,0.7717896866278754,6.399889945983887,1.7299060821533203,6.3697357177734375,1.9755585193634033,6.776398420333862,4.196354389190674,,,,,,
8789940000.0,127.95,8.5,6391222784.0,2444.0136036426325,6077.0,0.059814453125,99581952.0,207966.19174599648,0.0007972124731168151,0.0029296875,2.0850086212158203,-0.020925607532262802,0.4103570282459259,-0.020850084722042084,-7.552467286586761e-05,0.0,0.00013336585834622383,0.9042971134185791,0.7989838355619123,6.457876205444336,1.812404751777649,6.458009719848633,2.0169517993927,6.7037270069122314,4.169637680053711,,,,,,
8789940000.0,177.24,8.399999618530273,6391222784.0,2473.7564279549133,6078.0,0.0494384765625,99598336.0,207972.81487178802,0.0007130898302420974,0.0028076171875,2.104487180709839,-0.020918533205986023,0.38507992029190063,-0.02104487083852291,0.00012633390724658966,0.0,-0.02308097667992115,0.8797612190246582,0.790468184223962,6.484218120574951,1.7377718687057495,6.461137294769287,1.9219402074813843,6.623125791549683,4.166410207748413,,,,,,
8789940000.0,136.79,8.199999809265137,6391222784.0,2440.206556109412,6079.0,0.0531005859375,99614720.0,207979.52905750275,0.0006143369828350842,0.001708984375,2.102491617202759,-0.02091732807457447,0.4239150881767273,-0.02102491445839405,0.00010758824646472931,0.0,-0.04434611275792122,0.9192997217178345,0.7481472193976462,6.372020721435547,1.6331651210784912,6.327674865722656,1.8318244218826294,6.71418571472168,4.17433500289917,,,,,,
,,,,,,,,,,,,,,,,,,,,,,,,,,0.013479044660925865,0.519208550453186,0.48538514971733093,0.013479044660925865,0.519208550453186,0.48538514971733093
,,,,,,,,,,,,,,,,,,,,,,,,,,0.01392714586108923,0.4744036793708801,0.45587921142578125,0.01392714586108923,0.4744036793708801,0.45587921142578125
,,,,,,,,,,,,,,,,,,,,,,,,,,0.013698874041438103,0.4511571228504181,0.436678022146225,0.013698874041438103,0.4511571228504181,0.436678022146225
,,,,,,,,,,,,,,,,,,,,,,,,,,0.01403068657964468,0.4350586533546448,0.42142191529273987,0.01403068657964468,0.4350586533546448,0.42142191529273987
,,,,,,,,,,,,,,,,,,,,,,,,,,0.014436456374824047,0.4193476736545563,0.40568411350250244,0.014436456374824047,0.4193476736545563,0.40568411350250244
,,,,,,,,,,,,,,,,,,,,,,,,,,0.014237947762012482,0.40480855107307434,0.39220112562179565,0.014237947762012482,0.40480855107307434,0.39220112562179565
8789940000.0,165.29,8.300000190734863,6188634112.0,18.63336298172874,6080.0,0.05126953125,99631104.0,208858.81209492683,0.0005629056831821799,0.00091552734375,2.1388652324676514,-0.021400103345513344,0.4086199402809143,-0.021388651803135872,-1.1449679732322693e-05,0.0,-0.0045232027769088745,0.9022096991539001,0.7915813105241011,6.540920734405518,1.7710340023040771,6.536397457122803,1.976237177848816,879.2830374240875,4.171633958816528,,,,,,
8789940000.0,148.56,8.699999809265137,6391222784.0,2426.836493400805,6081.0,0.0677490234375,99647488.0,208865.56327080727,0.0005666697979904711,0.00115966796875,2.103337049484253,-0.020936228334903717,0.4814502000808716,-0.02103336900472641,9.713973850011826e-05,0.0,0.03559514135122299,0.9808095097541809,0.7531463562268857,6.738467216491699,1.7408032417297363,6.774062156677246,1.974082112312317,6.751175880432129,4.174479246139526,,,,,,
8789940000.0,123.72,8.399999618530273,6391222784.0,2408.8416074330858,6082.0,0.0616455078125,99663872.0,208872.3648803234,0.0009506995556876063,0.00213623046875,2.100576639175415,-0.02145211398601532,0.43896687030792236,-0.021005768328905106,-0.0004463493824005127,0.0,-0.04906146228313446,0.9358823299407959,0.7869092673211747,6.661572456359863,1.7924975156784058,6.612510681152344,2.027397632598877,6.801609516143799,4.187700510025024,,,,,,
8789940000.0,151.93,8.100000381469727,6391222784.0,2411.385614269897,6083.0,0.050048828125,99680256.0,208879.15931415558,0.0017072312766686082,0.01409912109375,2.0872864723205566,-0.020414723083376884,0.48907986283302307,-0.02087286487221718,0.0004581417888402939,0.0,0.015638859942555428,0.9915252327919006,0.732326328133499,6.470779895782471,1.7124965190887451,6.486418724060059,1.9164659976959229,6.794433832168579,4.174094915390015,,,,,,
8789940000.0,111.77,8.800000190734863,6391222784.0,2393.4900731576927,6084.0,0.0860595703125,99696640.0,208886.00454831123,0.0010767640778794885,0.00531005859375,2.0322320461273193,-0.020170088857412338,0.5053400993347168,-0.020322319120168686,0.00015223072841763496,0.0,0.08589398860931396,1.006744623184204,0.7753725218504596,6.829745292663574,1.9099549055099487,6.915639877319336,2.1241631507873535,6.845234155654907,4.202902555465698,,,,,,
8789940000.0,112.55,8.100000381469727,6391222784.0,2420.5275520795158,6085.0,0.0762939453125,99713024.0,208892.7733206749,0.000559977546799928,0.0020751953125,2.044950485229492,-0.020623626187443733,0.5808979272842407,-0.020449504256248474,-0.00017412519082427025,0.0,-0.031358107924461365,1.0706562995910645,0.7391112872761132,6.817117214202881,1.8163647651672363,6.785759449005127,2.0961508750915527,6.76877236366272,4.180547475814819,,,,,,
8789940000.0,113.72,8.300000190734863,6391222784.0,2403.0586195155374,6086.0,0.0732421875,99729408.0,208899.59129834175,0.0006789077306166291,0.00213623046875,2.0229296684265137,-0.020425021648406982,0.5742325782775879,-0.020229296758770943,-0.0001957238418981433,0.0,-0.031760383397340775,1.0694786310195923,0.7414065469480848,6.8684983253479,1.7966505289077759,6.836737632751465,2.103116035461426,6.817977666854858,4.184738397598267,,,,,,
8789940000.0,138.08,7.900000095367432,6391222784.0,2425.604352679911,6087.0,0.072021484375,99745792.0,208906.34590363503,0.0007178684463724494,0.00238037109375,2.0139200687408447,-0.020220337435603142,0.5610517263412476,-0.02013920061290264,-8.113682270050049e-05,0.0,0.005967339966446161,1.059330940246582,0.740873088622138,6.698356628417969,1.7845284938812256,6.704323768615723,2.081015110015869,6.754605293273926,4.169769048690796,,,,,,
8789940000.0,92.99,8.800000190734863,6391222784.0,2448.6692808572,6088.0,0.0897216796875,99762176.0,208913.0368847847,0.0016123766545206308,0.0078125,1.9863638877868652,-0.01980278640985489,0.5372697710990906,-0.019863639026880264,6.085401400923729e-05,0.0,0.0963282436132431,1.0364742279052734,0.7600194357752054,7.020108222961426,1.8844250440597534,7.11643648147583,2.115779399871826,6.690981149673462,4.186724662780762,,,,,,
8789940000.0,95.13,8.100000381469727,6391222784.0,2451.2365974978934,6089.0,0.08056640625,99778560.0,208919.72085809708,0.0015306775458157063,0.011474609375,1.9831660985946655,-0.018970541656017303,0.5995268821716309,-0.019831659272313118,0.0008611208759248257,0.0,0.018077582120895386,1.0960627794265747,0.7390464299887163,6.888638496398926,1.8673996925354004,6.906716346740723,2.145625114440918,6.68397331237793,4.173340559005737,,,,,,
8789940000.0,113.85,8.699999809265137,6391222784.0,2406.9810244248088,6090.0,0.0848388671875,99794944.0,208926.52772521973,0.0009161340421997011,0.00640869140625,1.976948857307434,-0.0195245910435915,0.5516947507858276,-0.019769487902522087,0.00024489685893058777,0.0,0.028771081939339638,1.050079584121704,0.754511953172882,6.929205417633057,1.8966435194015503,6.957976341247559,2.119371175765991,6.8068671226501465,4.195460319519043,,,,,,
8789940000.0,89.13,8.199999809265137,6391222784.0,2413.7103986997336,6091.0,0.079345703125,99811328.0,208933.31561493874,0.0012007406912744045,0.0086669921875,1.981016755104065,-0.018965184688568115,0.554929792881012,-0.019810166209936142,0.000844983384013176,0.0,-0.054066002368927,1.0527524948120117,0.7572300469443113,6.788972854614258,1.8315999507904053,6.734907150268555,2.1366286277770996,6.787889719009399,4.193011045455933,,,,,,
8789940000.0,92.06,8.399999618530273,6391222784.0,2359.509787370566,6092.0,0.07568359375,99827712.0,208940.25943017006,0.0012149378890171647,0.0067138671875,1.9924753904342651,-0.01945916749536991,0.606338381767273,-0.01992475427687168,0.0004655863158404827,0.0,-0.04557057097554207,1.1030302047729492,0.7300802949446066,6.78627872467041,1.8513257503509521,6.740708351135254,2.1231000423431396,6.943815231323242,4.190128326416016,,,,,,
8789940000.0,99.92,8.0,6391222784.0,2427.967027306605,6093.0,0.0732421875,99844096.0,208947.00746250153,0.0017258269945159554,0.01544189453125,1.9931025505065918,-0.01999095268547535,0.616491973400116,-0.01993102766573429,-5.993060767650604e-05,0.0,-0.024301525205373764,1.1056026220321655,0.7378072229737458,6.608089447021484,1.8362486362457275,6.58378791809082,2.1591796875,6.748032331466675,4.176299810409546,,,,,,
8789940000.0,128.72,7.900000095367432,6391222784.0,2431.6774376548824,6094.0,0.0750732421875,99860480.0,208953.74519824982,0.001046661171130836,0.0062255859375,1.9475675821304321,-0.019520189613103867,0.6085361838340759,-0.019475676119327545,-4.4514890760183334e-05,0.0,-0.009941072203218937,1.101668119430542,0.737811196493487,6.655330657958984,1.841871738433838,6.645390033721924,2.1515111923217773,6.737735748291016,4.187727212905884,,,,,,
8789940000.0,76.61,9.0,6391222784.0,2427.9118695198003,6095.0,0.0909423828125,99876864.0,208960.49338388443,0.0006541049224324524,0.002685546875,1.9231377840042114,-0.01905386708676815,0.4896906912326813,-0.01923137903213501,0.0001775121781975031,0.0,0.08277125656604767,0.9886550903320312,0.7981758830175578,6.7937116622924805,1.9576470851898193,6.876482963562012,2.2006874084472656,6.748185634613037,4.171177625656128,,,,,,
8789940000.0,96.52,8.399999618530273,6391222784.0,2396.9555619820558,6096.0,0.07568359375,99893248.0,208967.32872128487,0.0010058206971734762,0.00567626953125,1.935981035232544,-0.019430501386523247,0.5314520001411438,-0.019359808415174484,-7.069110870361328e-05,0.0,-0.03587491810321808,1.0295674800872803,0.7730117859524205,6.78889799118042,1.9019423723220825,6.753023147583008,2.160991668701172,6.835337400436401,4.180185079574585,,,,,,
8789940000.0,118.37,8.100000381469727,6391222784.0,2395.896150638585,6097.0,0.0689697265625,99909632.0,208974.16708111763,0.0009362293058075011,0.00384521484375,1.9414360523223877,-0.0189331267029047,0.578196108341217,-0.01941436156630516,0.0004812345723621547,0.0,-0.026082299649715424,1.0748839378356934,0.7524465156167632,6.700077056884766,1.8936870098114014,6.673995018005371,2.160365343093872,6.838359832763672,4.179746866226196,,,,,,
8789940000.0,103.6,9.199999809265137,6391222784.0,2380.1102706003717,6098.0,0.087890625,99926016.0,208981.05079579353,0.0006100258906371891,0.0032958984375,1.9103429317474365,-0.018900927156209946,0.537899911403656,-0.019103430211544037,0.00020250258967280388,0.0,0.010890323668718338,1.0367892980575562,0.7835466236606347,6.863188743591309,1.9472577571868896,6.874078750610352,2.2284762859344482,6.88371467590332,4.199542045593262,,,,,,
8789940000.0,98.47,8.399999618530273,6391222784.0,2391.4080958201926,6099.0,0.074462890625,99942400.0,208987.90198946,0.0007014633156359196,0.0032958984375,1.9451775550842285,-0.019669387489557266,0.501541256904602,-0.019451774656772614,-0.0002176123671233654,0.0,-0.026403367519378662,0.999698281288147,0.7729482038832989,6.736451625823975,1.8458001613616943,6.710048198699951,2.0980048179626465,6.85119366645813,4.167156219482422,,,,,,
8789940000.0,106.66,8.399999618530273,6391222784.0,2430.256955514147,6100.0,0.0714111328125,99958784.0,208994.64366340637,0.0010189816821366549,0.006103515625,1.9666807651519775,-0.019494760781526566,0.5991031527519226,-0.019666805863380432,0.0001720460131764412,0.0,-0.05028773099184036,1.0926886796951294,0.7264617556022608,6.831124782562256,1.8180257081985474,6.780837059020996,2.089235305786133,6.741673946380615,4.184426784515381,,,,,,
8789940000.0,114.58,7.900000095367432,6391222784.0,2420.8274451212696,6101.0,0.057373046875,99975168.0,209001.4115972519,0.0010935834143310785,0.00653076171875,1.9844012260437012,-0.019223764538764954,0.47573381662368774,-0.019844014197587967,0.0006202477961778641,0.0,-0.0807822048664093,0.9778014421463013,0.7644855092191873,6.637544631958008,1.7322503328323364,6.556762218475342,2.014845132827759,6.7679338455200195,4.165571689605713,,,,,,
8789940000.0,120.87,8.199999809265137,6391222784.0,2425.8763028064554,6102.0,0.0665283203125,99991552.0,209008.16544532776,0.000962022808380425,0.005126953125,1.9747648239135742,-0.019772302359342575,0.5341088771820068,-0.019747648388147354,-2.4653971195220947e-05,0.0,-0.0382004976272583,1.0369789600372314,0.7346928149301861,6.660761833190918,1.7215087413787842,6.622561454772949,2.0132386684417725,6.753848075866699,4.183929204940796,,,,,,
8789940000.0,114.33,8.899999618530273,6391222784.0,2399.260466879671,6103.0,0.0775146484375,100007936.0,209014.9942162037,0.0007879185141064227,0.00360107421875,1.9784026145935059,-0.01939740777015686,0.4454524517059326,-0.019784025847911835,0.0003866199404001236,0.0,0.08872009068727493,0.9429590106010437,0.7935130679477108,6.558755874633789,1.8313156366348267,6.6474761962890625,2.0751376152038574,6.828770875930786,4.164239883422852,,,,,,
